schema_version,run_id,run_type,test_time_utc,git_commit,git_dirty,config_id,config_sha256,target_kind,target,task_name,step_name,operator_name,case_id,scale_id,order_of_magnitude,actual_elements,input_shape,dtype,device,backend,timing_scope,status,error_code,warmup_runs,measured_runs,sample_index,latency_ms,synchronized,input_digest,output_digest
1,20260810T073905Z_5bf09d215ce4_stage08_b03_formal_99010001,formal,20260810T073905Z,5bf09d215ce4e88193e8fa24ef97d1674204739e,true,stage08_b03_channelize_poly_scales_v1,e3e94ee7b622ff8f4120342421cfde0f8b64b27e2749f9a1a3dfbf51757df1ea,operator,channelize_poly,NA,NA,channelize_poly,channelize_poly__channelize_poly_fp32_10e2__b6e2f353c8853cdd,channelize_poly_fp32_10e2,10^2,160,x=[128];h=[32],FP32,CPU,fft_thrust,compatibility/end-to-end,PASS,OK,20,100,0,0.087540999999999994,true,b6e2f353c8853cddcf85e3c02d052280d158379ab9b9c415f42db9ed5e61d864,768b20b590c35386f18053f58b079521f76d54f05161078d7975c6376c96135b
1,20260810T073905Z_5bf09d215ce4_stage08_b03_formal_99010001,formal,20260810T073905Z,5bf09d215ce4e88193e8fa24ef97d1674204739e,true,stage08_b03_channelize_poly_scales_v1,e3e94ee7b622ff8f4120342421cfde0f8b64b27e2749f9a1a3dfbf51757df1ea,operator,channelize_poly,NA,NA,channelize_poly,channelize_poly__channelize_poly_fp32_10e2__b6e2f353c8853cdd,channelize_poly_fp32_10e2,10^2,160,x=[128];h=[32],FP32,CPU,fft_thrust,compatibility/end-to-end,PASS,OK,20,100,1,0.087201000000000001,true,b6e2f353c8853cddcf85e3c02d052280d158379ab9b9c415f42db9ed5e61d864,768b20b590c35386f18053f58b079521f76d54f05161078d7975c6376c96135b
1,20260810T073905Z_5bf09d215ce4_stage08_b03_formal_99010001,formal,20260810T073905Z,5bf09d215ce4e88193e8fa24ef97d1674204739e,true,stage08_b03_channelize_poly_scales_v1,e3e94ee7b622ff8f4120342421cfde0f8b64b27e2749f9a1a3dfbf51757df1ea,operator,channelize_poly,NA,NA,channelize_poly,channelize_poly__channelize_poly_fp32_10e2__b6e2f353c8853cdd,channelize_poly_fp32_10e2,10^2,160,x=[128];h=[32],FP32,CPU,fft_thrust,compatibility/end-to-end,PASS,OK,20,100,2,0.087239999999999998,true,b6e2f353c8853cddcf85e3c02d052280d158379ab9b9c415f42db9ed5e61d864,768b20b590c35386f18053f58b079521f76d54f05161078d7975c6376c96135b
1,20260810T073905Z_5bf09d215ce4_stage08_b03_formal_99010001,formal,20260810T073905Z,5bf09d215ce4e88193e8fa24ef97d1674204739e,true,stage08_b03_channelize_poly_scales_v1,e3e94ee7b622ff8f4120342421cfde0f8b64b27e2749f9a1a3dfbf51757df1ea,operator,channelize_poly,NA,NA,channelize_poly,channelize_poly__channelize_poly_fp32_10e2__b6e2f353c8853cdd,channelize_poly_fp32_10e2,10^2,160,x=[128];h=[32],FP32,CPU,fft_thrust,compatibility/end-to-end,PASS,OK,20,100,3,0.087221000000000007,true,b6e2f353c8853cddcf85e3c02d052280d158379ab9b9c415f42db9ed5e61d864,768b20b590c35386f18053f58b079521f76d54f05161078d7975c6376c96135b
1,20260810T073905Z_5bf09d215ce4_stage08_b03_formal_99010001,formal,20260810T073905Z,5bf09d215ce4e88193e8fa24ef97d1674204739e,true,stage08_b03_channelize_poly_scales_v1,e3e94ee7b622ff8f4120342421cfde0f8b64b27e2749f9a1a3dfbf51757df1ea,operator,channelize_poly,NA,NA,channelize_poly,channelize_poly__channelize_poly_fp32_10e2__b6e2f353c8853cdd,channelize_poly_fp32_10e2,10^2,160,x=[128];h=[32],FP32,CPU,fft_thrust,compatibility/end-to-end,PASS,OK,20,100,4,0.087191000000000005,true,b6e2f353c8853cddcf85e3c02d052280d158379ab9b9c415f42db9ed5e61d864,768b20b590c35386f18053f58b079521f76d54f05161078d7975c6376c96135b
1,20260810T073905Z_5bf09d215ce4_stage08_b03_formal_99010001,formal,20260810T073905Z,5bf09d215ce4e88193e8fa24ef97d1674204739e,true,stage08_b03_channelize_poly_scales_v1,e3e94ee7b622ff8f4120342421cfde0f8b64b27e2749f9a1a3dfbf51757df1ea,operator,channelize_poly,NA,NA,channelize_poly,channelize_poly__channelize_poly_fp32_10e2__b6e2f353c8853cdd,channelize_poly_fp32_10e2,10^2,160,x=[128];h=[32],FP32,CPU,fft_thrust,compatibility/end-to-end,PASS,OK,20,100,5,0.087221000000000007,true,b6e2f353c8853cddcf85e3c02d052280d158379ab9b9c415f42db9ed5e61d864,768b20b590c35386f18053f58b079521f76d54f05161078d7975c6376c96135b
1,20260810T073905Z_5bf09d215ce4_stage08_b03_formal_99010001,formal,20260810T073905Z,5bf09d215ce4e88193e8fa24ef97d1674204739e,true,stage08_b03_channelize_poly_scales_v1,e3e94ee7b622ff8f4120342421cfde0f8b64b27e2749f9a1a3dfbf51757df1ea,operator,channelize_poly,NA,NA,channelize_poly,channelize_poly__channelize_poly_fp32_10e2__b6e2f353c8853cdd,channelize_poly_fp32_10e2,10^2,160,x=[128];h=[32],FP32,CPU,fft_thrust,compatibility/end-to-end,PASS,OK,20,100,6,0.087221000000000007,true,b6e2f353c8853cddcf85e3c02d052280d158379ab9b9c415f42db9ed5e61d864,768b20b590c35386f18053f58b079521f76d54f05161078d7975c6376c96135b
1,20260810T073905Z_5bf09d215ce4_stage08_b03_formal_99010001,formal,20260810T073905Z,5bf09d215ce4e88193e8fa24ef97d1674204739e,true,stage08_b03_channelize_poly_scales_v1,e3e94ee7b622ff8f4120342421cfde0f8b64b27e2749f9a1a3dfbf51757df1ea,operator,channelize_poly,NA,NA,channelize_poly,channelize_poly__channelize_poly_fp32_10e2__b6e2f353c8853cdd,channelize_poly_fp32_10e2,10^2,160,x=[128];h=[32],FP32,CPU,fft_thrust,compatibility/end-to-end,PASS,OK,20,100,7,0.087209999999999996,true,b6e2f353c8853cddcf85e3c02d052280d158379ab9b9c415f42db9ed5e61d864,768b20b590c35386f18053f58b079521f76d54f05161078d7975c6376c96135b
1,20260810T073905Z_5bf09d215ce4_stage08_b03_formal_99010001,formal,20260810T073905Z,5bf09d215ce4e88193e8fa24ef97d1674204739e,true,stage08_b03_channelize_poly_scales_v1,e3e94ee7b622ff8f4120342421cfde0f8b64b27e2749f9a1a3dfbf51757df1ea,operator,channelize_poly,NA,NA,channelize_poly,channelize_poly__channelize_poly_fp32_10e2__b6e2f353c8853cdd,channelize_poly_fp32_10e2,10^2,160,x=[128];h=[32],FP32,CPU,fft_thrust,compatibility/end-to-end,PASS,OK,20,100,8,0.087250999999999995,true,b6e2f353c8853cddcf85e3c02d052280d158379ab9b9c415f42db9ed5e61d864,768b20b590c35386f18053f58b079521f76d54f05161078d7975c6376c96135b
1,20260810T073905Z_5bf09d215ce4_stage08_b03_formal_99010001,formal,20260810T073905Z,5bf09d215ce4e88193e8fa24ef97d1674204739e,true,stage08_b03_channelize_poly_scales_v1,e3e94ee7b622ff8f4120342421cfde0f8b64b27e2749f9a1a3dfbf51757df1ea,operator,channelize_poly,NA,NA,channelize_poly,channelize_poly__channelize_poly_fp32_10e2__b6e2f353c8853cdd,channelize_poly_fp32_10e2,10^2,160,x=[128];h=[32],FP32,CPU,fft_thrust,compatibility/end-to-end,PASS,OK,20,100,9,0.087210999999999997,true,b6e2f353c8853cddcf85e3c02d052280d158379ab9b9c415f42db9ed5e61d864,768b20b590c35386f18053f58b079521f76d54f05161078d7975c6376c96135b
1,20260810T073905Z_5bf09d215ce4_stage08_b03_formal_99010001,formal,20260810T073905Z,5bf09d215ce4e88193e8fa24ef97d1674204739e,true,stage08_b03_channelize_poly_scales_v1,e3e94ee7b622ff8f4120342421cfde0f8b64b27e2749f9a1a3dfbf51757df1ea,operator,channelize_poly,NA,NA,channelize_poly,channelize_poly__channelize_poly_fp32_10e2__b6e2f353c8853cdd,channelize_poly_fp32_10e2,10^2,160,x=[128];h=[32],FP32,CPU,fft_thrust,compatibility/end-to-end,PASS,OK,20,100,10,0.087201000000000001,true,b6e2f353c8853cddcf85e3c02d052280d158379ab9b9c415f42db9ed5e61d864,768b20b590c35386f18053f58b079521f76d54f05161078d7975c6376c96135b
1,20260810T073905Z_5bf09d215ce4_stage08_b03_formal_99010001,formal,20260810T073905Z,5bf09d215ce4e88193e8fa24ef97d1674204739e,true,stage08_b03_channelize_poly_scales_v1,e3e94ee7b622ff8f4120342421cfde0f8b64b27e2749f9a1a3dfbf51757df1ea,operator,channelize_poly,NA,NA,channelize_poly,channelize_poly__channelize_poly_fp32_10e2__b6e2f353c8853cdd,channelize_poly_fp32_10e2,10^2,160,x=[128];h=[32],FP32,CPU,fft_thrust,compatibility/end-to-end,PASS,OK,20,100,11,0.087220000000000006,true,b6e2f353c8853cddcf85e3c02d052280d158379ab9b9c415f42db9ed5e61d864,768b20b590c35386f18053f58b079521f76d54f05161078d7975c6376c96135b
1,20260810T073905Z_5bf09d215ce4_stage08_b03_formal_99010001,formal,20260810T073905Z,5bf09d215ce4e88193e8fa24ef97d1674204739e,true,stage08_b03_channelize_poly_scales_v1,e3e94ee7b622ff8f4120342421cfde0f8b64b27e2749f9a1a3dfbf51757df1ea,operator,channelize_poly,NA,NA,channelize_poly,channelize_poly__channelize_poly_fp32_10e2__b6e2f353c8853cdd,channelize_poly_fp32_10e2,10^2,160,x=[128];h=[32],FP32,CPU,fft_thrust,compatibility/end-to-end,PASS,OK,20,100,12,0.087261000000000005,true,b6e2f353c8853cddcf85e3c02d052280d158379ab9b9c415f42db9ed5e61d864,768b20b590c35386f18053f58b079521f76d54f05161078d7975c6376c96135b
1,20260810T073905Z_5bf09d215ce4_stage08_b03_formal_99010001,formal,20260810T073905Z,5bf09d215ce4e88193e8fa24ef97d1674204739e,true,stage08_b03_channelize_poly_scales_v1,e3e94ee7b622ff8f4120342421cfde0f8b64b27e2749f9a1a3dfbf51757df1ea,operator,channelize_poly,NA,NA,channelize_poly,channelize_poly__channelize_poly_fp32_10e2__b6e2f353c8853cdd,channelize_poly_fp32_10e2,10^2,160,x=[128];h=[32],FP32,CPU,fft_thrust,compatibility/end-to-end,PASS,OK,20,100,13,0.087170999999999998,true,b6e2f353c8853cddcf85e3c02d052280d158379ab9b9c415f42db9ed5e61d864,768b20b590c35386f18053f58b079521f76d54f05161078d7975c6376c96135b
1,20260810T073905Z_5bf09d215ce4_stage08_b03_formal_99010001,formal,20260810T073905Z,5bf09d215ce4e88193e8fa24ef97d1674204739e,true,stage08_b03_channelize_poly_scales_v1,e3e94ee7b622ff8f4120342421cfde0f8b64b27e2749f9a1a3dfbf51757df1ea,operator,channelize_poly,NA,NA,channelize_poly,channelize_poly__channelize_poly_fp32_10e2__b6e2f353c8853cdd,channelize_poly_fp32_10e2,10^2,160,x=[128];h=[32],FP32,CPU,fft_thrust,compatibility/end-to-end,PASS,OK,20,100,14,0.087221000000000007,true,b6e2f353c8853cddcf85e3c02d052280d158379ab9b9c415f42db9ed5e61d864,768b20b590c35386f18053f58b079521f76d54f05161078d7975c6376c96135b
1,20260810T073905Z_5bf09d215ce4_stage08_b03_formal_99010001,formal,20260810T073905Z,5bf09d215ce4e88193e8fa24ef97d1674204739e,true,stage08_b03_channelize_poly_scales_v1,e3e94ee7b622ff8f4120342421cfde0f8b64b27e2749f9a1a3dfbf51757df1ea,operator,channelize_poly,NA,NA,channelize_poly,channelize_poly__channelize_poly_fp32_10e2__b6e2f353c8853cdd,channelize_poly_fp32_10e2,10^2,160,x=[128];h=[32],FP32,CPU,fft_thrust,compatibility/end-to-end,PASS,OK,20,100,15,0.087220000000000006,true,b6e2f353c8853cddcf85e3c02d052280d158379ab9b9c415f42db9ed5e61d864,768b20b590c35386f18053f58b079521f76d54f05161078d7975c6376c96135b
1,20260810T073905Z_5bf09d215ce4_stage08_b03_formal_99010001,formal,20260810T073905Z,5bf09d215ce4e88193e8fa24ef97d1674204739e,true,stage08_b03_channelize_poly_scales_v1,e3e94ee7b622ff8f4120342421cfde0f8b64b27e2749f9a1a3dfbf51757df1ea,operator,channelize_poly,NA,NA,channelize_poly,channelize_poly__channelize_poly_fp32_10e2__b6e2f353c8853cdd,channelize_poly_fp32_10e2,10^2,160,x=[128];h=[32],FP32,CPU,fft_thrust,compatibility/end-to-end,PASS,OK,20,100,16,0.087250999999999995,true,b6e2f353c8853cddcf85e3c02d052280d158379ab9b9c415f42db9ed5e61d864,768b20b590c35386f18053f58b079521f76d54f05161078d7975c6376c96135b
1,20260810T073905Z_5bf09d215ce4_stage08_b03_formal_99010001,formal,20260810T073905Z,5bf09d215ce4e88193e8fa24ef97d1674204739e,true,stage08_b03_channelize_poly_scales_v1,e3e94ee7b622ff8f4120342421cfde0f8b64b27e2749f9a1a3dfbf51757df1ea,operator,channelize_poly,NA,NA,channelize_poly,channelize_poly__channelize_poly_fp32_10e2__b6e2f353c8853cdd,channelize_poly_fp32_10e2,10^2,160,x=[128];h=[32],FP32,CPU,fft_thrust,compatibility/end-to-end,PASS,OK,20,100,17,0.087221000000000007,true,b6e2f353c8853cddcf85e3c02d052280d158379ab9b9c415f42db9ed5e61d864,768b20b590c35386f18053f58b079521f76d54f05161078d7975c6376c96135b
1,20260810T073905Z_5bf09d215ce4_stage08_b03_formal_99010001,formal,20260810T073905Z,5bf09d215ce4e88193e8fa24ef97d1674204739e,true,stage08_b03_channelize_poly_scales_v1,e3e94ee7b622ff8f4120342421cfde0f8b64b27e2749f9a1a3dfbf51757df1ea,operator,channelize_poly,NA,NA,channelize_poly,channelize_poly__channelize_poly_fp32_10e2__b6e2f353c8853cdd,channelize_poly_fp32_10e2,10^2,160,x=[128];h=[32],FP32,CPU,fft_thrust,compatibility/end-to-end,PASS,OK,20,100,18,0.087161000000000002,true,b6e2f353c8853cddcf85e3c02d052280d158379ab9b9c415f42db9ed5e61d864,768b20b590c35386f18053f58b079521f76d54f05161078d7975c6376c96135b
1,20260810T073905Z_5bf09d215ce4_stage08_b03_formal_99010001,formal,20260810T073905Z,5bf09d215ce4e88193e8fa24ef97d1674204739e,true,stage08_b03_channelize_poly_scales_v1,e3e94ee7b622ff8f4120342421cfde0f8b64b27e2749f9a1a3dfbf51757df1ea,operator,channelize_poly,NA,NA,channelize_poly,channelize_poly__channelize_poly_fp32_10e2__b6e2f353c8853cdd,channelize_poly_fp32_10e2,10^2,160,x=[128];h=[32],FP32,CPU,fft_thrust,compatibility/end-to-end,PASS,OK,20,100,19,0.087540000000000007,true,b6e2f353c8853cddcf85e3c02d052280d158379ab9b9c415f42db9ed5e61d864,768b20b590c35386f18053f58b079521f76d54f05161078d7975c6376c96135b
1,20260810T073905Z_5bf09d215ce4_stage08_b03_formal_99010001,formal,20260810T073905Z,5bf09d215ce4e88193e8fa24ef97d1674204739e,true,stage08_b03_channelize_poly_scales_v1,e3e94ee7b622ff8f4120342421cfde0f8b64b27e2749f9a1a3dfbf51757df1ea,operator,channelize_poly,NA,NA,channelize_poly,channelize_poly__channelize_poly_fp32_10e2__b6e2f353c8853cdd,channelize_poly_fp32_10e2,10^2,160,x=[128];h=[32],FP32,CPU,fft_thrust,compatibility/end-to-end,PASS,OK,20,100,20,0.087221000000000007,true,b6e2f353c8853cddcf85e3c02d052280d158379ab9b9c415f42db9ed5e61d864,768b20b590c35386f18053f58b079521f76d54f05161078d7975c6376c96135b
1,20260810T073905Z_5bf09d215ce4_stage08_b03_formal_99010001,formal,20260810T073905Z,5bf09d215ce4e88193e8fa24ef97d1674204739e,true,stage08_b03_channelize_poly_scales_v1,e3e94ee7b622ff8f4120342421cfde0f8b64b27e2749f9a1a3dfbf51757df1ea,operator,channelize_poly,NA,NA,channelize_poly,channelize_poly__channelize_poly_fp32_10e2__b6e2f353c8853cdd,channelize_poly_fp32_10e2,10^2,160,x=[128];h=[32],FP32,CPU,fft_thrust,compatibility/end-to-end,PASS,OK,20,100,21,0.087201000000000001,true,b6e2f353c8853cddcf85e3c02d052280d158379ab9b9c415f42db9ed5e61d864,768b20b590c35386f18053f58b079521f76d54f05161078d7975c6376c96135b
1,20260810T073905Z_5bf09d215ce4_stage08_b03_formal_99010001,formal,20260810T073905Z,5bf09d215ce4e88193e8fa24ef97d1674204739e,true,stage08_b03_channelize_poly_scales_v1,e3e94ee7b622ff8f4120342421cfde0f8b64b27e2749f9a1a3dfbf51757df1ea,operator,channelize_poly,NA,NA,channelize_poly,channelize_poly__channelize_poly_fp32_10e2__b6e2f353c8853cdd,channelize_poly_fp32_10e2,10^2,160,x=[128];h=[32],FP32,CPU,fft_thrust,compatibility/end-to-end,PASS,OK,20,100,22,0.087180999999999995,true,b6e2f353c8853cddcf85e3c02d052280d158379ab9b9c415f42db9ed5e61d864,768b20b590c35386f18053f58b079521f76d54f05161078d7975c6376c96135b
1,20260810T073905Z_5bf09d215ce4_stage08_b03_formal_99010001,formal,20260810T073905Z,5bf09d215ce4e88193e8fa24ef97d1674204739e,true,stage08_b03_channelize_poly_scales_v1,e3e94ee7b622ff8f4120342421cfde0f8b64b27e2749f9a1a3dfbf51757df1ea,operator,channelize_poly,NA,NA,channelize_poly,channelize_poly__channelize_poly_fp32_10e2__b6e2f353c8853cdd,channelize_poly_fp32_10e2,10^2,160,x=[128];h=[32],FP32,CPU,fft_thrust,compatibility/end-to-end,PASS,OK,20,100,23,0.087230000000000002,true,b6e2f353c8853cddcf85e3c02d052280d158379ab9b9c415f42db9ed5e61d864,768b20b590c35386f18053f58b079521f76d54f05161078d7975c6376c96135b
1,20260810T073905Z_5bf09d215ce4_stage08_b03_formal_99010001,formal,20260810T073905Z,5bf09d215ce4e88193e8fa24ef97d1674204739e,true,stage08_b03_channelize_poly_scales_v1,e3e94ee7b622ff8f4120342421cfde0f8b64b27e2749f9a1a3dfbf51757df1ea,operator,channelize_poly,NA,NA,channelize_poly,channelize_poly__channelize_poly_fp32_10e2__b6e2f353c8853cdd,channelize_poly_fp32_10e2,10^2,160,x=[128];h=[32],FP32,CPU,fft_thrust,compatibility/end-to-end,PASS,OK,20,100,24,0.087231000000000003,true,b6e2f353c8853cddcf85e3c02d052280d158379ab9b9c415f42db9ed5e61d864,768b20b590c35386f18053f58b079521f76d54f05161078d7975c6376c96135b
1,20260810T073905Z_5bf09d215ce4_stage08_b03_formal_99010001,formal,20260810T073905Z,5bf09d215ce4e88193e8fa24ef97d1674204739e,true,stage08_b03_channelize_poly_scales_v1,e3e94ee7b622ff8f4120342421cfde0f8b64b27e2749f9a1a3dfbf51757df1ea,operator,channelize_poly,NA,NA,channelize_poly,channelize_poly__channelize_poly_fp32_10e2__b6e2f353c8853cdd,channelize_poly_fp32_10e2,10^2,160,x=[128];h=[32],FP32,CPU,fft_thrust,compatibility/end-to-end,PASS,OK,20,100,25,0.087180999999999995,true,b6e2f353c8853cddcf85e3c02d052280d158379ab9b9c415f42db9ed5e61d864,768b20b590c35386f18053f58b079521f76d54f05161078d7975c6376c96135b
1,20260810T073905Z_5bf09d215ce4_stage08_b03_formal_99010001,formal,20260810T073905Z,5bf09d215ce4e88193e8fa24ef97d1674204739e,true,stage08_b03_channelize_poly_scales_v1,e3e94ee7b622ff8f4120342421cfde0f8b64b27e2749f9a1a3dfbf51757df1ea,operator,channelize_poly,NA,NA,channelize_poly,channelize_poly__channelize_poly_fp32_10e2__b6e2f353c8853cdd,channelize_poly_fp32_10e2,10^2,160,x=[128];h=[32],FP32,CPU,fft_thrust,compatibility/end-to-end,PASS,OK,20,100,26,0.096910999999999997,true,b6e2f353c8853cddcf85e3c02d052280d158379ab9b9c415f42db9ed5e61d864,768b20b590c35386f18053f58b079521f76d54f05161078d7975c6376c96135b
1,20260810T073905Z_5bf09d215ce4_stage08_b03_formal_99010001,formal,20260810T073905Z,5bf09d215ce4e88193e8fa24ef97d1674204739e,true,stage08_b03_channelize_poly_scales_v1,e3e94ee7b622ff8f4120342421cfde0f8b64b27e2749f9a1a3dfbf51757df1ea,operator,channelize_poly,NA,NA,channelize_poly,channelize_poly__channelize_poly_fp32_10e2__b6e2f353c8853cdd,channelize_poly_fp32_10e2,10^2,160,x=[128];h=[32],FP32,CPU,fft_thrust,compatibility/end-to-end,PASS,OK,20,100,27,0.087691000000000005,true,b6e2f353c8853cddcf85e3c02d052280d158379ab9b9c415f42db9ed5e61d864,768b20b590c35386f18053f58b079521f76d54f05161078d7975c6376c96135b
1,20260810T073905Z_5bf09d215ce4_stage08_b03_formal_99010001,formal,20260810T073905Z,5bf09d215ce4e88193e8fa24ef97d1674204739e,true,stage08_b03_channelize_poly_scales_v1,e3e94ee7b622ff8f4120342421cfde0f8b64b27e2749f9a1a3dfbf51757df1ea,operator,channelize_poly,NA,NA,channelize_poly,channelize_poly__channelize_poly_fp32_10e2__b6e2f353c8853cdd,channelize_poly_fp32_10e2,10^2,160,x=[128];h=[32],FP32,CPU,fft_thrust,compatibility/end-to-end,PASS,OK,20,100,28,0.0872,true,b6e2f353c8853cddcf85e3c02d052280d158379ab9b9c415f42db9ed5e61d864,768b20b590c35386f18053f58b079521f76d54f05161078d7975c6376c96135b
1,20260810T073905Z_5bf09d215ce4_stage08_b03_formal_99010001,formal,20260810T073905Z,5bf09d215ce4e88193e8fa24ef97d1674204739e,true,stage08_b03_channelize_poly_scales_v1,e3e94ee7b622ff8f4120342421cfde0f8b64b27e2749f9a1a3dfbf51757df1ea,operator,channelize_poly,NA,NA,channelize_poly,channelize_poly__channelize_poly_fp32_10e2__b6e2f353c8853cdd,channelize_poly_fp32_10e2,10^2,160,x=[128];h=[32],FP32,CPU,fft_thrust,compatibility/end-to-end,PASS,OK,20,100,29,0.087240999999999999,true,b6e2f353c8853cddcf85e3c02d052280d158379ab9b9c415f42db9ed5e61d864,768b20b590c35386f18053f58b079521f76d54f05161078d7975c6376c96135b
1,20260810T073905Z_5bf09d215ce4_stage08_b03_formal_99010001,formal,20260810T073905Z,5bf09d215ce4e88193e8fa24ef97d1674204739e,true,stage08_b03_channelize_poly_scales_v1,e3e94ee7b622ff8f4120342421cfde0f8b64b27e2749f9a1a3dfbf51757df1ea,operator,channelize_poly,NA,NA,channelize_poly,channelize_poly__channelize_poly_fp32_10e2__b6e2f353c8853cdd,channelize_poly_fp32_10e2,10^2,160,x=[128];h=[32],FP32,CPU,fft_thrust,compatibility/end-to-end,PASS,OK,20,100,30,0.087250999999999995,true,b6e2f353c8853cddcf85e3c02d052280d158379ab9b9c415f42db9ed5e61d864,768b20b590c35386f18053f58b079521f76d54f05161078d7975c6376c96135b
1,20260810T073905Z_5bf09d215ce4_stage08_b03_formal_99010001,formal,20260810T073905Z,5bf09d215ce4e88193e8fa24ef97d1674204739e,true,stage08_b03_channelize_poly_scales_v1,e3e94ee7b622ff8f4120342421cfde0f8b64b27e2749f9a1a3dfbf51757df1ea,operator,channelize_poly,NA,NA,channelize_poly,channelize_poly__channelize_poly_fp32_10e2__b6e2f353c8853cdd,channelize_poly_fp32_10e2,10^2,160,x=[128];h=[32],FP32,CPU,fft_thrust,compatibility/end-to-end,PASS,OK,20,100,31,0.087231000000000003,true,b6e2f353c8853cddcf85e3c02d052280d158379ab9b9c415f42db9ed5e61d864,768b20b590c35386f18053f58b079521f76d54f05161078d7975c6376c96135b
1,20260810T073905Z_5bf09d215ce4_stage08_b03_formal_99010001,formal,20260810T073905Z,5bf09d215ce4e88193e8fa24ef97d1674204739e,true,stage08_b03_channelize_poly_scales_v1,e3e94ee7b622ff8f4120342421cfde0f8b64b27e2749f9a1a3dfbf51757df1ea,operator,channelize_poly,NA,NA,channelize_poly,channelize_poly__channelize_poly_fp32_10e2__b6e2f353c8853cdd,channelize_poly_fp32_10e2,10^2,160,x=[128];h=[32],FP32,CPU,fft_thrust,compatibility/end-to-end,PASS,OK,20,100,32,0.087209999999999996,true,b6e2f353c8853cddcf85e3c02d052280d158379ab9b9c415f42db9ed5e61d864,768b20b590c35386f18053f58b079521f76d54f05161078d7975c6376c96135b
1,20260810T073905Z_5bf09d215ce4_stage08_b03_formal_99010001,formal,20260810T073905Z,5bf09d215ce4e88193e8fa24ef97d1674204739e,true,stage08_b03_channelize_poly_scales_v1,e3e94ee7b622ff8f4120342421cfde0f8b64b27e2749f9a1a3dfbf51757df1ea,operator,channelize_poly,NA,NA,channelize_poly,channelize_poly__channelize_poly_fp32_10e2__b6e2f353c8853cdd,channelize_poly_fp32_10e2,10^2,160,x=[128];h=[32],FP32,CPU,fft_thrust,compatibility/end-to-end,PASS,OK,20,100,33,0.087221000000000007,true,b6e2f353c8853cddcf85e3c02d052280d158379ab9b9c415f42db9ed5e61d864,768b20b590c35386f18053f58b079521f76d54f05161078d7975c6376c96135b
1,20260810T073905Z_5bf09d215ce4_stage08_b03_formal_99010001,formal,20260810T073905Z,5bf09d215ce4e88193e8fa24ef97d1674204739e,true,stage08_b03_channelize_poly_scales_v1,e3e94ee7b622ff8f4120342421cfde0f8b64b27e2749f9a1a3dfbf51757df1ea,operator,channelize_poly,NA,NA,channelize_poly,channelize_poly__channelize_poly_fp32_10e2__b6e2f353c8853cdd,channelize_poly_fp32_10e2,10^2,160,x=[128];h=[32],FP32,CPU,fft_thrust,compatibility/end-to-end,PASS,OK,20,100,34,0.087221000000000007,true,b6e2f353c8853cddcf85e3c02d052280d158379ab9b9c415f42db9ed5e61d864,768b20b590c35386f18053f58b079521f76d54f05161078d7975c6376c96135b
1,20260810T073905Z_5bf09d215ce4_stage08_b03_formal_99010001,formal,20260810T073905Z,5bf09d215ce4e88193e8fa24ef97d1674204739e,true,stage08_b03_channelize_poly_scales_v1,e3e94ee7b622ff8f4120342421cfde0f8b64b27e2749f9a1a3dfbf51757df1ea,operator,channelize_poly,NA,NA,channelize_poly,channelize_poly__channelize_poly_fp32_10e2__b6e2f353c8853cdd,channelize_poly_fp32_10e2,10^2,160,x=[128];h=[32],FP32,CPU,fft_thrust,compatibility/end-to-end,PASS,OK,20,100,35,0.087290999999999994,true,b6e2f353c8853cddcf85e3c02d052280d158379ab9b9c415f42db9ed5e61d864,768b20b590c35386f18053f58b079521f76d54f05161078d7975c6376c96135b
1,20260810T073905Z_5bf09d215ce4_stage08_b03_formal_99010001,formal,20260810T073905Z,5bf09d215ce4e88193e8fa24ef97d1674204739e,true,stage08_b03_channelize_poly_scales_v1,e3e94ee7b622ff8f4120342421cfde0f8b64b27e2749f9a1a3dfbf51757df1ea,operator,channelize_poly,NA,NA,channelize_poly,channelize_poly__channelize_poly_fp32_10e2__b6e2f353c8853cdd,channelize_poly_fp32_10e2,10^2,160,x=[128];h=[32],FP32,CPU,fft_thrust,compatibility/end-to-end,PASS,OK,20,100,36,0.087190000000000004,true,b6e2f353c8853cddcf85e3c02d052280d158379ab9b9c415f42db9ed5e61d864,768b20b590c35386f18053f58b079521f76d54f05161078d7975c6376c96135b
1,20260810T073905Z_5bf09d215ce4_stage08_b03_formal_99010001,formal,20260810T073905Z,5bf09d215ce4e88193e8fa24ef97d1674204739e,true,stage08_b03_channelize_poly_scales_v1,e3e94ee7b622ff8f4120342421cfde0f8b64b27e2749f9a1a3dfbf51757df1ea,operator,channelize_poly,NA,NA,channelize_poly,channelize_poly__channelize_poly_fp32_10e2__b6e2f353c8853cdd,channelize_poly_fp32_10e2,10^2,160,x=[128];h=[32],FP32,CPU,fft_thrust,compatibility/end-to-end,PASS,OK,20,100,37,0.087231000000000003,true,b6e2f353c8853cddcf85e3c02d052280d158379ab9b9c415f42db9ed5e61d864,768b20b590c35386f18053f58b079521f76d54f05161078d7975c6376c96135b
1,20260810T073905Z_5bf09d215ce4_stage08_b03_formal_99010001,formal,20260810T073905Z,5bf09d215ce4e88193e8fa24ef97d1674204739e,true,stage08_b03_channelize_poly_scales_v1,e3e94ee7b622ff8f4120342421cfde0f8b64b27e2749f9a1a3dfbf51757df1ea,operator,channelize_poly,NA,NA,channelize_poly,channelize_poly__channelize_poly_fp32_10e2__b6e2f353c8853cdd,channelize_poly_fp32_10e2,10^2,160,x=[128];h=[32],FP32,CPU,fft_thrust,compatibility/end-to-end,PASS,OK,20,100,38,0.087261000000000005,true,b6e2f353c8853cddcf85e3c02d052280d158379ab9b9c415f42db9ed5e61d864,768b20b590c35386f18053f58b079521f76d54f05161078d7975c6376c96135b
1,20260810T073905Z_5bf09d215ce4_stage08_b03_formal_99010001,formal,20260810T073905Z,5bf09d215ce4e88193e8fa24ef97d1674204739e,true,stage08_b03_channelize_poly_scales_v1,e3e94ee7b622ff8f4120342421cfde0f8b64b27e2749f9a1a3dfbf51757df1ea,operator,channelize_poly,NA,NA,channelize_poly,channelize_poly__channelize_poly_fp32_10e2__b6e2f353c8853cdd,channelize_poly_fp32_10e2,10^2,160,x=[128];h=[32],FP32,CPU,fft_thrust,compatibility/end-to-end,PASS,OK,20,100,39,0.087290999999999994,true,b6e2f353c8853cddcf85e3c02d052280d158379ab9b9c415f42db9ed5e61d864,768b20b590c35386f18053f58b079521f76d54f05161078d7975c6376c96135b
1,20260810T073905Z_5bf09d215ce4_stage08_b03_formal_99010001,formal,20260810T073905Z,5bf09d215ce4e88193e8fa24ef97d1674204739e,true,stage08_b03_channelize_poly_scales_v1,e3e94ee7b622ff8f4120342421cfde0f8b64b27e2749f9a1a3dfbf51757df1ea,operator,channelize_poly,NA,NA,channelize_poly,channelize_poly__channelize_poly_fp32_10e2__b6e2f353c8853cdd,channelize_poly_fp32_10e2,10^2,160,x=[128];h=[32],FP32,CPU,fft_thrust,compatibility/end-to-end,PASS,OK,20,100,40,0.087230000000000002,true,b6e2f353c8853cddcf85e3c02d052280d158379ab9b9c415f42db9ed5e61d864,768b20b590c35386f18053f58b079521f76d54f05161078d7975c6376c96135b
1,20260810T073905Z_5bf09d215ce4_stage08_b03_formal_99010001,formal,20260810T073905Z,5bf09d215ce4e88193e8fa24ef97d1674204739e,true,stage08_b03_channelize_poly_scales_v1,e3e94ee7b622ff8f4120342421cfde0f8b64b27e2749f9a1a3dfbf51757df1ea,operator,channelize_poly,NA,NA,channelize_poly,channelize_poly__channelize_poly_fp32_10e2__b6e2f353c8853cdd,channelize_poly_fp32_10e2,10^2,160,x=[128];h=[32],FP32,CPU,fft_thrust,compatibility/end-to-end,PASS,OK,20,100,41,0.087140999999999996,true,b6e2f353c8853cddcf85e3c02d052280d158379ab9b9c415f42db9ed5e61d864,768b20b590c35386f18053f58b079521f76d54f05161078d7975c6376c96135b
1,20260810T073905Z_5bf09d215ce4_stage08_b03_formal_99010001,formal,20260810T073905Z,5bf09d215ce4e88193e8fa24ef97d1674204739e,true,stage08_b03_channelize_poly_scales_v1,e3e94ee7b622ff8f4120342421cfde0f8b64b27e2749f9a1a3dfbf51757df1ea,operator,channelize_poly,NA,NA,channelize_poly,channelize_poly__channelize_poly_fp32_10e2__b6e2f353c8853cdd,channelize_poly_fp32_10e2,10^2,160,x=[128];h=[32],FP32,CPU,fft_thrust,compatibility/end-to-end,PASS,OK,20,100,42,0.087261000000000005,true,b6e2f353c8853cddcf85e3c02d052280d158379ab9b9c415f42db9ed5e61d864,768b20b590c35386f18053f58b079521f76d54f05161078d7975c6376c96135b
1,20260810T073905Z_5bf09d215ce4_stage08_b03_formal_99010001,formal,20260810T073905Z,5bf09d215ce4e88193e8fa24ef97d1674204739e,true,stage08_b03_channelize_poly_scales_v1,e3e94ee7b622ff8f4120342421cfde0f8b64b27e2749f9a1a3dfbf51757df1ea,operator,channelize_poly,NA,NA,channelize_poly,channelize_poly__channelize_poly_fp32_10e2__b6e2f353c8853cdd,channelize_poly_fp32_10e2,10^2,160,x=[128];h=[32],FP32,CPU,fft_thrust,compatibility/end-to-end,PASS,OK,20,100,43,0.087201000000000001,true,b6e2f353c8853cddcf85e3c02d052280d158379ab9b9c415f42db9ed5e61d864,768b20b590c35386f18053f58b079521f76d54f05161078d7975c6376c96135b
1,20260810T073905Z_5bf09d215ce4_stage08_b03_formal_99010001,formal,20260810T073905Z,5bf09d215ce4e88193e8fa24ef97d1674204739e,true,stage08_b03_channelize_poly_scales_v1,e3e94ee7b622ff8f4120342421cfde0f8b64b27e2749f9a1a3dfbf51757df1ea,operator,channelize_poly,NA,NA,channelize_poly,channelize_poly__channelize_poly_fp32_10e2__b6e2f353c8853cdd,channelize_poly_fp32_10e2,10^2,160,x=[128];h=[32],FP32,CPU,fft_thrust,compatibility/end-to-end,PASS,OK,20,100,44,0.087239999999999998,true,b6e2f353c8853cddcf85e3c02d052280d158379ab9b9c415f42db9ed5e61d864,768b20b590c35386f18053f58b079521f76d54f05161078d7975c6376c96135b
1,20260810T073905Z_5bf09d215ce4_stage08_b03_formal_99010001,formal,20260810T073905Z,5bf09d215ce4e88193e8fa24ef97d1674204739e,true,stage08_b03_channelize_poly_scales_v1,e3e94ee7b622ff8f4120342421cfde0f8b64b27e2749f9a1a3dfbf51757df1ea,operator,channelize_poly,NA,NA,channelize_poly,channelize_poly__channelize_poly_fp32_10e2__b6e2f353c8853cdd,channelize_poly_fp32_10e2,10^2,160,x=[128];h=[32],FP32,CPU,fft_thrust,compatibility/end-to-end,PASS,OK,20,100,45,0.087320999999999996,true,b6e2f353c8853cddcf85e3c02d052280d158379ab9b9c415f42db9ed5e61d864,768b20b590c35386f18053f58b079521f76d54f05161078d7975c6376c96135b
1,20260810T073905Z_5bf09d215ce4_stage08_b03_formal_99010001,formal,20260810T073905Z,5bf09d215ce4e88193e8fa24ef97d1674204739e,true,stage08_b03_channelize_poly_scales_v1,e3e94ee7b622ff8f4120342421cfde0f8b64b27e2749f9a1a3dfbf51757df1ea,operator,channelize_poly,NA,NA,channelize_poly,channelize_poly__channelize_poly_fp32_10e2__b6e2f353c8853cdd,channelize_poly_fp32_10e2,10^2,160,x=[128];h=[32],FP32,CPU,fft_thrust,compatibility/end-to-end,PASS,OK,20,100,46,0.087250999999999995,true,b6e2f353c8853cddcf85e3c02d052280d158379ab9b9c415f42db9ed5e61d864,768b20b590c35386f18053f58b079521f76d54f05161078d7975c6376c96135b
1,20260810T073905Z_5bf09d215ce4_stage08_b03_formal_99010001,formal,20260810T073905Z,5bf09d215ce4e88193e8fa24ef97d1674204739e,true,stage08_b03_channelize_poly_scales_v1,e3e94ee7b622ff8f4120342421cfde0f8b64b27e2749f9a1a3dfbf51757df1ea,operator,channelize_poly,NA,NA,channelize_poly,channelize_poly__channelize_poly_fp32_10e2__b6e2f353c8853cdd,channelize_poly_fp32_10e2,10^2,160,x=[128];h=[32],FP32,CPU,fft_thrust,compatibility/end-to-end,PASS,OK,20,100,47,0.087221000000000007,true,b6e2f353c8853cddcf85e3c02d052280d158379ab9b9c415f42db9ed5e61d864,768b20b590c35386f18053f58b079521f76d54f05161078d7975c6376c96135b
1,20260810T073905Z_5bf09d215ce4_stage08_b03_formal_99010001,formal,20260810T073905Z,5bf09d215ce4e88193e8fa24ef97d1674204739e,true,stage08_b03_channelize_poly_scales_v1,e3e94ee7b622ff8f4120342421cfde0f8b64b27e2749f9a1a3dfbf51757df1ea,operator,channelize_poly,NA,NA,channelize_poly,channelize_poly__channelize_poly_fp32_10e2__b6e2f353c8853cdd,channelize_poly_fp32_10e2,10^2,160,x=[128];h=[32],FP32,CPU,fft_thrust,compatibility/end-to-end,PASS,OK,20,100,48,0.0872,true,b6e2f353c8853cddcf85e3c02d052280d158379ab9b9c415f42db9ed5e61d864,768b20b590c35386f18053f58b079521f76d54f05161078d7975c6376c96135b
1,20260810T073905Z_5bf09d215ce4_stage08_b03_formal_99010001,formal,20260810T073905Z,5bf09d215ce4e88193e8fa24ef97d1674204739e,true,stage08_b03_channelize_poly_scales_v1,e3e94ee7b622ff8f4120342421cfde0f8b64b27e2749f9a1a3dfbf51757df1ea,operator,channelize_poly,NA,NA,channelize_poly,channelize_poly__channelize_poly_fp32_10e2__b6e2f353c8853cdd,channelize_poly_fp32_10e2,10^2,160,x=[128];h=[32],FP32,CPU,fft_thrust,compatibility/end-to-end,PASS,OK,20,100,49,0.087221000000000007,true,b6e2f353c8853cddcf85e3c02d052280d158379ab9b9c415f42db9ed5e61d864,768b20b590c35386f18053f58b079521f76d54f05161078d7975c6376c96135b
1,20260810T073905Z_5bf09d215ce4_stage08_b03_formal_99010001,formal,20260810T073905Z,5bf09d215ce4e88193e8fa24ef97d1674204739e,true,stage08_b03_channelize_poly_scales_v1,e3e94ee7b622ff8f4120342421cfde0f8b64b27e2749f9a1a3dfbf51757df1ea,operator,channelize_poly,NA,NA,channelize_poly,channelize_poly__channelize_poly_fp32_10e2__b6e2f353c8853cdd,channelize_poly_fp32_10e2,10^2,160,x=[128];h=[32],FP32,CPU,fft_thrust,compatibility/end-to-end,PASS,OK,20,100,50,0.087231000000000003,true,b6e2f353c8853cddcf85e3c02d052280d158379ab9b9c415f42db9ed5e61d864,768b20b590c35386f18053f58b079521f76d54f05161078d7975c6376c96135b
1,20260810T073905Z_5bf09d215ce4_stage08_b03_formal_99010001,formal,20260810T073905Z,5bf09d215ce4e88193e8fa24ef97d1674204739e,true,stage08_b03_channelize_poly_scales_v1,e3e94ee7b622ff8f4120342421cfde0f8b64b27e2749f9a1a3dfbf51757df1ea,operator,channelize_poly,NA,NA,channelize_poly,channelize_poly__channelize_poly_fp32_10e2__b6e2f353c8853cdd,channelize_poly_fp32_10e2,10^2,160,x=[128];h=[32],FP32,CPU,fft_thrust,compatibility/end-to-end,PASS,OK,20,100,51,0.087551000000000004,true,b6e2f353c8853cddcf85e3c02d052280d158379ab9b9c415f42db9ed5e61d864,768b20b590c35386f18053f58b079521f76d54f05161078d7975c6376c96135b
1,20260810T073905Z_5bf09d215ce4_stage08_b03_formal_99010001,formal,20260810T073905Z,5bf09d215ce4e88193e8fa24ef97d1674204739e,true,stage08_b03_channelize_poly_scales_v1,e3e94ee7b622ff8f4120342421cfde0f8b64b27e2749f9a1a3dfbf51757df1ea,operator,channelize_poly,NA,NA,channelize_poly,channelize_poly__channelize_poly_fp32_10e2__b6e2f353c8853cdd,channelize_poly_fp32_10e2,10^2,160,x=[128];h=[32],FP32,CPU,fft_thrust,compatibility/end-to-end,PASS,OK,20,100,52,0.087249999999999994,true,b6e2f353c8853cddcf85e3c02d052280d158379ab9b9c415f42db9ed5e61d864,768b20b590c35386f18053f58b079521f76d54f05161078d7975c6376c96135b
1,20260810T073905Z_5bf09d215ce4_stage08_b03_formal_99010001,formal,20260810T073905Z,5bf09d215ce4e88193e8fa24ef97d1674204739e,true,stage08_b03_channelize_poly_scales_v1,e3e94ee7b622ff8f4120342421cfde0f8b64b27e2749f9a1a3dfbf51757df1ea,operator,channelize_poly,NA,NA,channelize_poly,channelize_poly__channelize_poly_fp32_10e2__b6e2f353c8853cdd,channelize_poly_fp32_10e2,10^2,160,x=[128];h=[32],FP32,CPU,fft_thrust,compatibility/end-to-end,PASS,OK,20,100,53,0.087240999999999999,true,b6e2f353c8853cddcf85e3c02d052280d158379ab9b9c415f42db9ed5e61d864,768b20b590c35386f18053f58b079521f76d54f05161078d7975c6376c96135b
1,20260810T073905Z_5bf09d215ce4_stage08_b03_formal_99010001,formal,20260810T073905Z,5bf09d215ce4e88193e8fa24ef97d1674204739e,true,stage08_b03_channelize_poly_scales_v1,e3e94ee7b622ff8f4120342421cfde0f8b64b27e2749f9a1a3dfbf51757df1ea,operator,channelize_poly,NA,NA,channelize_poly,channelize_poly__channelize_poly_fp32_10e2__b6e2f353c8853cdd,channelize_poly_fp32_10e2,10^2,160,x=[128];h=[32],FP32,CPU,fft_thrust,compatibility/end-to-end,PASS,OK,20,100,54,0.087170999999999998,true,b6e2f353c8853cddcf85e3c02d052280d158379ab9b9c415f42db9ed5e61d864,768b20b590c35386f18053f58b079521f76d54f05161078d7975c6376c96135b
1,20260810T073905Z_5bf09d215ce4_stage08_b03_formal_99010001,formal,20260810T073905Z,5bf09d215ce4e88193e8fa24ef97d1674204739e,true,stage08_b03_channelize_poly_scales_v1,e3e94ee7b622ff8f4120342421cfde0f8b64b27e2749f9a1a3dfbf51757df1ea,operator,channelize_poly,NA,NA,channelize_poly,channelize_poly__channelize_poly_fp32_10e2__b6e2f353c8853cdd,channelize_poly_fp32_10e2,10^2,160,x=[128];h=[32],FP32,CPU,fft_thrust,compatibility/end-to-end,PASS,OK,20,100,55,0.087231000000000003,true,b6e2f353c8853cddcf85e3c02d052280d158379ab9b9c415f42db9ed5e61d864,768b20b590c35386f18053f58b079521f76d54f05161078d7975c6376c96135b
1,20260810T073905Z_5bf09d215ce4_stage08_b03_formal_99010001,formal,20260810T073905Z,5bf09d215ce4e88193e8fa24ef97d1674204739e,true,stage08_b03_channelize_poly_scales_v1,e3e94ee7b622ff8f4120342421cfde0f8b64b27e2749f9a1a3dfbf51757df1ea,operator,channelize_poly,NA,NA,channelize_poly,channelize_poly__channelize_poly_fp32_10e2__b6e2f353c8853cdd,channelize_poly_fp32_10e2,10^2,160,x=[128];h=[32],FP32,CPU,fft_thrust,compatibility/end-to-end,PASS,OK,20,100,56,0.087249999999999994,true,b6e2f353c8853cddcf85e3c02d052280d158379ab9b9c415f42db9ed5e61d864,768b20b590c35386f18053f58b079521f76d54f05161078d7975c6376c96135b
1,20260810T073905Z_5bf09d215ce4_stage08_b03_formal_99010001,formal,20260810T073905Z,5bf09d215ce4e88193e8fa24ef97d1674204739e,true,stage08_b03_channelize_poly_scales_v1,e3e94ee7b622ff8f4120342421cfde0f8b64b27e2749f9a1a3dfbf51757df1ea,operator,channelize_poly,NA,NA,channelize_poly,channelize_poly__channelize_poly_fp32_10e2__b6e2f353c8853cdd,channelize_poly_fp32_10e2,10^2,160,x=[128];h=[32],FP32,CPU,fft_thrust,compatibility/end-to-end,PASS,OK,20,100,57,0.087191000000000005,true,b6e2f353c8853cddcf85e3c02d052280d158379ab9b9c415f42db9ed5e61d864,768b20b590c35386f18053f58b079521f76d54f05161078d7975c6376c96135b
1,20260810T073905Z_5bf09d215ce4_stage08_b03_formal_99010001,formal,20260810T073905Z,5bf09d215ce4e88193e8fa24ef97d1674204739e,true,stage08_b03_channelize_poly_scales_v1,e3e94ee7b622ff8f4120342421cfde0f8b64b27e2749f9a1a3dfbf51757df1ea,operator,channelize_poly,NA,NA,channelize_poly,channelize_poly__channelize_poly_fp32_10e2__b6e2f353c8853cdd,channelize_poly_fp32_10e2,10^2,160,x=[128];h=[32],FP32,CPU,fft_thrust,compatibility/end-to-end,PASS,OK,20,100,58,0.087201000000000001,true,b6e2f353c8853cddcf85e3c02d052280d158379ab9b9c415f42db9ed5e61d864,768b20b590c35386f18053f58b079521f76d54f05161078d7975c6376c96135b
1,20260810T073905Z_5bf09d215ce4_stage08_b03_formal_99010001,formal,20260810T073905Z,5bf09d215ce4e88193e8fa24ef97d1674204739e,true,stage08_b03_channelize_poly_scales_v1,e3e94ee7b622ff8f4120342421cfde0f8b64b27e2749f9a1a3dfbf51757df1ea,operator,channelize_poly,NA,NA,channelize_poly,channelize_poly__channelize_poly_fp32_10e2__b6e2f353c8853cdd,channelize_poly_fp32_10e2,10^2,160,x=[128];h=[32],FP32,CPU,fft_thrust,compatibility/end-to-end,PASS,OK,20,100,59,0.087231000000000003,true,b6e2f353c8853cddcf85e3c02d052280d158379ab9b9c415f42db9ed5e61d864,768b20b590c35386f18053f58b079521f76d54f05161078d7975c6376c96135b
1,20260810T073905Z_5bf09d215ce4_stage08_b03_formal_99010001,formal,20260810T073905Z,5bf09d215ce4e88193e8fa24ef97d1674204739e,true,stage08_b03_channelize_poly_scales_v1,e3e94ee7b622ff8f4120342421cfde0f8b64b27e2749f9a1a3dfbf51757df1ea,operator,channelize_poly,NA,NA,channelize_poly,channelize_poly__channelize_poly_fp32_10e2__b6e2f353c8853cdd,channelize_poly_fp32_10e2,10^2,160,x=[128];h=[32],FP32,CPU,fft_thrust,compatibility/end-to-end,PASS,OK,20,100,60,0.087239999999999998,true,b6e2f353c8853cddcf85e3c02d052280d158379ab9b9c415f42db9ed5e61d864,768b20b590c35386f18053f58b079521f76d54f05161078d7975c6376c96135b
1,20260810T073905Z_5bf09d215ce4_stage08_b03_formal_99010001,formal,20260810T073905Z,5bf09d215ce4e88193e8fa24ef97d1674204739e,true,stage08_b03_channelize_poly_scales_v1,e3e94ee7b622ff8f4120342421cfde0f8b64b27e2749f9a1a3dfbf51757df1ea,operator,channelize_poly,NA,NA,channelize_poly,channelize_poly__channelize_poly_fp32_10e2__b6e2f353c8853cdd,channelize_poly_fp32_10e2,10^2,160,x=[128];h=[32],FP32,CPU,fft_thrust,compatibility/end-to-end,PASS,OK,20,100,61,0.087201000000000001,true,b6e2f353c8853cddcf85e3c02d052280d158379ab9b9c415f42db9ed5e61d864,768b20b590c35386f18053f58b079521f76d54f05161078d7975c6376c96135b
1,20260810T073905Z_5bf09d215ce4_stage08_b03_formal_99010001,formal,20260810T073905Z,5bf09d215ce4e88193e8fa24ef97d1674204739e,true,stage08_b03_channelize_poly_scales_v1,e3e94ee7b622ff8f4120342421cfde0f8b64b27e2749f9a1a3dfbf51757df1ea,operator,channelize_poly,NA,NA,channelize_poly,channelize_poly__channelize_poly_fp32_10e2__b6e2f353c8853cdd,channelize_poly_fp32_10e2,10^2,160,x=[128];h=[32],FP32,CPU,fft_thrust,compatibility/end-to-end,PASS,OK,20,100,62,0.087231000000000003,true,b6e2f353c8853cddcf85e3c02d052280d158379ab9b9c415f42db9ed5e61d864,768b20b590c35386f18053f58b079521f76d54f05161078d7975c6376c96135b
1,20260810T073905Z_5bf09d215ce4_stage08_b03_formal_99010001,formal,20260810T073905Z,5bf09d215ce4e88193e8fa24ef97d1674204739e,true,stage08_b03_channelize_poly_scales_v1,e3e94ee7b622ff8f4120342421cfde0f8b64b27e2749f9a1a3dfbf51757df1ea,operator,channelize_poly,NA,NA,channelize_poly,channelize_poly__channelize_poly_fp32_10e2__b6e2f353c8853cdd,channelize_poly_fp32_10e2,10^2,160,x=[128];h=[32],FP32,CPU,fft_thrust,compatibility/end-to-end,PASS,OK,20,100,63,0.087231000000000003,true,b6e2f353c8853cddcf85e3c02d052280d158379ab9b9c415f42db9ed5e61d864,768b20b590c35386f18053f58b079521f76d54f05161078d7975c6376c96135b
1,20260810T073905Z_5bf09d215ce4_stage08_b03_formal_99010001,formal,20260810T073905Z,5bf09d215ce4e88193e8fa24ef97d1674204739e,true,stage08_b03_channelize_poly_scales_v1,e3e94ee7b622ff8f4120342421cfde0f8b64b27e2749f9a1a3dfbf51757df1ea,operator,channelize_poly,NA,NA,channelize_poly,channelize_poly__channelize_poly_fp32_10e2__b6e2f353c8853cdd,channelize_poly_fp32_10e2,10^2,160,x=[128];h=[32],FP32,CPU,fft_thrust,compatibility/end-to-end,PASS,OK,20,100,64,0.0872,true,b6e2f353c8853cddcf85e3c02d052280d158379ab9b9c415f42db9ed5e61d864,768b20b590c35386f18053f58b079521f76d54f05161078d7975c6376c96135b
1,20260810T073905Z_5bf09d215ce4_stage08_b03_formal_99010001,formal,20260810T073905Z,5bf09d215ce4e88193e8fa24ef97d1674204739e,true,stage08_b03_channelize_poly_scales_v1,e3e94ee7b622ff8f4120342421cfde0f8b64b27e2749f9a1a3dfbf51757df1ea,operator,channelize_poly,NA,NA,channelize_poly,channelize_poly__channelize_poly_fp32_10e2__b6e2f353c8853cdd,channelize_poly_fp32_10e2,10^2,160,x=[128];h=[32],FP32,CPU,fft_thrust,compatibility/end-to-end,PASS,OK,20,100,65,0.087221000000000007,true,b6e2f353c8853cddcf85e3c02d052280d158379ab9b9c415f42db9ed5e61d864,768b20b590c35386f18053f58b079521f76d54f05161078d7975c6376c96135b
1,20260810T073905Z_5bf09d215ce4_stage08_b03_formal_99010001,formal,20260810T073905Z,5bf09d215ce4e88193e8fa24ef97d1674204739e,true,stage08_b03_channelize_poly_scales_v1,e3e94ee7b622ff8f4120342421cfde0f8b64b27e2749f9a1a3dfbf51757df1ea,operator,channelize_poly,NA,NA,channelize_poly,channelize_poly__channelize_poly_fp32_10e2__b6e2f353c8853cdd,channelize_poly_fp32_10e2,10^2,160,x=[128];h=[32],FP32,CPU,fft_thrust,compatibility/end-to-end,PASS,OK,20,100,66,0.087271000000000001,true,b6e2f353c8853cddcf85e3c02d052280d158379ab9b9c415f42db9ed5e61d864,768b20b590c35386f18053f58b079521f76d54f05161078d7975c6376c96135b
1,20260810T073905Z_5bf09d215ce4_stage08_b03_formal_99010001,formal,20260810T073905Z,5bf09d215ce4e88193e8fa24ef97d1674204739e,true,stage08_b03_channelize_poly_scales_v1,e3e94ee7b622ff8f4120342421cfde0f8b64b27e2749f9a1a3dfbf51757df1ea,operator,channelize_poly,NA,NA,channelize_poly,channelize_poly__channelize_poly_fp32_10e2__b6e2f353c8853cdd,channelize_poly_fp32_10e2,10^2,160,x=[128];h=[32],FP32,CPU,fft_thrust,compatibility/end-to-end,PASS,OK,20,100,67,0.087140999999999996,true,b6e2f353c8853cddcf85e3c02d052280d158379ab9b9c415f42db9ed5e61d864,768b20b590c35386f18053f58b079521f76d54f05161078d7975c6376c96135b
1,20260810T073905Z_5bf09d215ce4_stage08_b03_formal_99010001,formal,20260810T073905Z,5bf09d215ce4e88193e8fa24ef97d1674204739e,true,stage08_b03_channelize_poly_scales_v1,e3e94ee7b622ff8f4120342421cfde0f8b64b27e2749f9a1a3dfbf51757df1ea,operator,channelize_poly,NA,NA,channelize_poly,channelize_poly__channelize_poly_fp32_10e2__b6e2f353c8853cdd,channelize_poly_fp32_10e2,10^2,160,x=[128];h=[32],FP32,CPU,fft_thrust,compatibility/end-to-end,PASS,OK,20,100,68,0.087239999999999998,true,b6e2f353c8853cddcf85e3c02d052280d158379ab9b9c415f42db9ed5e61d864,768b20b590c35386f18053f58b079521f76d54f05161078d7975c6376c96135b
1,20260810T073905Z_5bf09d215ce4_stage08_b03_formal_99010001,formal,20260810T073905Z,5bf09d215ce4e88193e8fa24ef97d1674204739e,true,stage08_b03_channelize_poly_scales_v1,e3e94ee7b622ff8f4120342421cfde0f8b64b27e2749f9a1a3dfbf51757df1ea,operator,channelize_poly,NA,NA,channelize_poly,channelize_poly__channelize_poly_fp32_10e2__b6e2f353c8853cdd,channelize_poly_fp32_10e2,10^2,160,x=[128];h=[32],FP32,CPU,fft_thrust,compatibility/end-to-end,PASS,OK,20,100,69,0.087221000000000007,true,b6e2f353c8853cddcf85e3c02d052280d158379ab9b9c415f42db9ed5e61d864,768b20b590c35386f18053f58b079521f76d54f05161078d7975c6376c96135b
1,20260810T073905Z_5bf09d215ce4_stage08_b03_formal_99010001,formal,20260810T073905Z,5bf09d215ce4e88193e8fa24ef97d1674204739e,true,stage08_b03_channelize_poly_scales_v1,e3e94ee7b622ff8f4120342421cfde0f8b64b27e2749f9a1a3dfbf51757df1ea,operator,channelize_poly,NA,NA,channelize_poly,channelize_poly__channelize_poly_fp32_10e2__b6e2f353c8853cdd,channelize_poly_fp32_10e2,10^2,160,x=[128];h=[32],FP32,CPU,fft_thrust,compatibility/end-to-end,PASS,OK,20,100,70,0.087271000000000001,true,b6e2f353c8853cddcf85e3c02d052280d158379ab9b9c415f42db9ed5e61d864,768b20b590c35386f18053f58b079521f76d54f05161078d7975c6376c96135b
1,20260810T073905Z_5bf09d215ce4_stage08_b03_formal_99010001,formal,20260810T073905Z,5bf09d215ce4e88193e8fa24ef97d1674204739e,true,stage08_b03_channelize_poly_scales_v1,e3e94ee7b622ff8f4120342421cfde0f8b64b27e2749f9a1a3dfbf51757df1ea,operator,channelize_poly,NA,NA,channelize_poly,channelize_poly__channelize_poly_fp32_10e2__b6e2f353c8853cdd,channelize_poly_fp32_10e2,10^2,160,x=[128];h=[32],FP32,CPU,fft_thrust,compatibility/end-to-end,PASS,OK,20,100,71,0.087320999999999996,true,b6e2f353c8853cddcf85e3c02d052280d158379ab9b9c415f42db9ed5e61d864,768b20b590c35386f18053f58b079521f76d54f05161078d7975c6376c96135b
1,20260810T073905Z_5bf09d215ce4_stage08_b03_formal_99010001,formal,20260810T073905Z,5bf09d215ce4e88193e8fa24ef97d1674204739e,true,stage08_b03_channelize_poly_scales_v1,e3e94ee7b622ff8f4120342421cfde0f8b64b27e2749f9a1a3dfbf51757df1ea,operator,channelize_poly,NA,NA,channelize_poly,channelize_poly__channelize_poly_fp32_10e2__b6e2f353c8853cdd,channelize_poly_fp32_10e2,10^2,160,x=[128];h=[32],FP32,CPU,fft_thrust,compatibility/end-to-end,PASS,OK,20,100,72,0.097769999999999996,true,b6e2f353c8853cddcf85e3c02d052280d158379ab9b9c415f42db9ed5e61d864,768b20b590c35386f18053f58b079521f76d54f05161078d7975c6376c96135b
1,20260810T073905Z_5bf09d215ce4_stage08_b03_formal_99010001,formal,20260810T073905Z,5bf09d215ce4e88193e8fa24ef97d1674204739e,true,stage08_b03_channelize_poly_scales_v1,e3e94ee7b622ff8f4120342421cfde0f8b64b27e2749f9a1a3dfbf51757df1ea,operator,channelize_poly,NA,NA,channelize_poly,channelize_poly__channelize_poly_fp32_10e2__b6e2f353c8853cdd,channelize_poly_fp32_10e2,10^2,160,x=[128];h=[32],FP32,CPU,fft_thrust,compatibility/end-to-end,PASS,OK,20,100,73,0.087250999999999995,true,b6e2f353c8853cddcf85e3c02d052280d158379ab9b9c415f42db9ed5e61d864,768b20b590c35386f18053f58b079521f76d54f05161078d7975c6376c96135b
1,20260810T073905Z_5bf09d215ce4_stage08_b03_formal_99010001,formal,20260810T073905Z,5bf09d215ce4e88193e8fa24ef97d1674204739e,true,stage08_b03_channelize_poly_scales_v1,e3e94ee7b622ff8f4120342421cfde0f8b64b27e2749f9a1a3dfbf51757df1ea,operator,channelize_poly,NA,NA,channelize_poly,channelize_poly__channelize_poly_fp32_10e2__b6e2f353c8853cdd,channelize_poly_fp32_10e2,10^2,160,x=[128];h=[32],FP32,CPU,fft_thrust,compatibility/end-to-end,PASS,OK,20,100,74,0.087271000000000001,true,b6e2f353c8853cddcf85e3c02d052280d158379ab9b9c415f42db9ed5e61d864,768b20b590c35386f18053f58b079521f76d54f05161078d7975c6376c96135b
1,20260810T073905Z_5bf09d215ce4_stage08_b03_formal_99010001,formal,20260810T073905Z,5bf09d215ce4e88193e8fa24ef97d1674204739e,true,stage08_b03_channelize_poly_scales_v1,e3e94ee7b622ff8f4120342421cfde0f8b64b27e2749f9a1a3dfbf51757df1ea,operator,channelize_poly,NA,NA,channelize_poly,channelize_poly__channelize_poly_fp32_10e2__b6e2f353c8853cdd,channelize_poly_fp32_10e2,10^2,160,x=[128];h=[32],FP32,CPU,fft_thrust,compatibility/end-to-end,PASS,OK,20,100,75,0.087210999999999997,true,b6e2f353c8853cddcf85e3c02d052280d158379ab9b9c415f42db9ed5e61d864,768b20b590c35386f18053f58b079521f76d54f05161078d7975c6376c96135b
1,20260810T073905Z_5bf09d215ce4_stage08_b03_formal_99010001,formal,20260810T073905Z,5bf09d215ce4e88193e8fa24ef97d1674204739e,true,stage08_b03_channelize_poly_scales_v1,e3e94ee7b622ff8f4120342421cfde0f8b64b27e2749f9a1a3dfbf51757df1ea,operator,channelize_poly,NA,NA,channelize_poly,channelize_poly__channelize_poly_fp32_10e2__b6e2f353c8853cdd,channelize_poly_fp32_10e2,10^2,160,x=[128];h=[32],FP32,CPU,fft_thrust,compatibility/end-to-end,PASS,OK,20,100,76,0.087230000000000002,true,b6e2f353c8853cddcf85e3c02d052280d158379ab9b9c415f42db9ed5e61d864,768b20b590c35386f18053f58b079521f76d54f05161078d7975c6376c96135b
1,20260810T073905Z_5bf09d215ce4_stage08_b03_formal_99010001,formal,20260810T073905Z,5bf09d215ce4e88193e8fa24ef97d1674204739e,true,stage08_b03_channelize_poly_scales_v1,e3e94ee7b622ff8f4120342421cfde0f8b64b27e2749f9a1a3dfbf51757df1ea,operator,channelize_poly,NA,NA,channelize_poly,channelize_poly__channelize_poly_fp32_10e2__b6e2f353c8853cdd,channelize_poly_fp32_10e2,10^2,160,x=[128];h=[32],FP32,CPU,fft_thrust,compatibility/end-to-end,PASS,OK,20,100,77,0.087250999999999995,true,b6e2f353c8853cddcf85e3c02d052280d158379ab9b9c415f42db9ed5e61d864,768b20b590c35386f18053f58b079521f76d54f05161078d7975c6376c96135b
1,20260810T073905Z_5bf09d215ce4_stage08_b03_formal_99010001,formal,20260810T073905Z,5bf09d215ce4e88193e8fa24ef97d1674204739e,true,stage08_b03_channelize_poly_scales_v1,e3e94ee7b622ff8f4120342421cfde0f8b64b27e2749f9a1a3dfbf51757df1ea,operator,channelize_poly,NA,NA,channelize_poly,channelize_poly__channelize_poly_fp32_10e2__b6e2f353c8853cdd,channelize_poly_fp32_10e2,10^2,160,x=[128];h=[32],FP32,CPU,fft_thrust,compatibility/end-to-end,PASS,OK,20,100,78,0.087250999999999995,true,b6e2f353c8853cddcf85e3c02d052280d158379ab9b9c415f42db9ed5e61d864,768b20b590c35386f18053f58b079521f76d54f05161078d7975c6376c96135b
1,20260810T073905Z_5bf09d215ce4_stage08_b03_formal_99010001,formal,20260810T073905Z,5bf09d215ce4e88193e8fa24ef97d1674204739e,true,stage08_b03_channelize_poly_scales_v1,e3e94ee7b622ff8f4120342421cfde0f8b64b27e2749f9a1a3dfbf51757df1ea,operator,channelize_poly,NA,NA,channelize_poly,channelize_poly__channelize_poly_fp32_10e2__b6e2f353c8853cdd,channelize_poly_fp32_10e2,10^2,160,x=[128];h=[32],FP32,CPU,fft_thrust,compatibility/end-to-end,PASS,OK,20,100,79,0.087221000000000007,true,b6e2f353c8853cddcf85e3c02d052280d158379ab9b9c415f42db9ed5e61d864,768b20b590c35386f18053f58b079521f76d54f05161078d7975c6376c96135b
1,20260810T073905Z_5bf09d215ce4_stage08_b03_formal_99010001,formal,20260810T073905Z,5bf09d215ce4e88193e8fa24ef97d1674204739e,true,stage08_b03_channelize_poly_scales_v1,e3e94ee7b622ff8f4120342421cfde0f8b64b27e2749f9a1a3dfbf51757df1ea,operator,channelize_poly,NA,NA,channelize_poly,channelize_poly__channelize_poly_fp32_10e2__b6e2f353c8853cdd,channelize_poly_fp32_10e2,10^2,160,x=[128];h=[32],FP32,CPU,fft_thrust,compatibility/end-to-end,PASS,OK,20,100,80,0.087191000000000005,true,b6e2f353c8853cddcf85e3c02d052280d158379ab9b9c415f42db9ed5e61d864,768b20b590c35386f18053f58b079521f76d54f05161078d7975c6376c96135b
1,20260810T073905Z_5bf09d215ce4_stage08_b03_formal_99010001,formal,20260810T073905Z,5bf09d215ce4e88193e8fa24ef97d1674204739e,true,stage08_b03_channelize_poly_scales_v1,e3e94ee7b622ff8f4120342421cfde0f8b64b27e2749f9a1a3dfbf51757df1ea,operator,channelize_poly,NA,NA,channelize_poly,channelize_poly__channelize_poly_fp32_10e2__b6e2f353c8853cdd,channelize_poly_fp32_10e2,10^2,160,x=[128];h=[32],FP32,CPU,fft_thrust,compatibility/end-to-end,PASS,OK,20,100,81,0.087260000000000004,true,b6e2f353c8853cddcf85e3c02d052280d158379ab9b9c415f42db9ed5e61d864,768b20b590c35386f18053f58b079521f76d54f05161078d7975c6376c96135b
1,20260810T073905Z_5bf09d215ce4_stage08_b03_formal_99010001,formal,20260810T073905Z,5bf09d215ce4e88193e8fa24ef97d1674204739e,true,stage08_b03_channelize_poly_scales_v1,e3e94ee7b622ff8f4120342421cfde0f8b64b27e2749f9a1a3dfbf51757df1ea,operator,channelize_poly,NA,NA,channelize_poly,channelize_poly__channelize_poly_fp32_10e2__b6e2f353c8853cdd,channelize_poly_fp32_10e2,10^2,160,x=[128];h=[32],FP32,CPU,fft_thrust,compatibility/end-to-end,PASS,OK,20,100,82,0.087170999999999998,true,b6e2f353c8853cddcf85e3c02d052280d158379ab9b9c415f42db9ed5e61d864,768b20b590c35386f18053f58b079521f76d54f05161078d7975c6376c96135b
1,20260810T073905Z_5bf09d215ce4_stage08_b03_formal_99010001,formal,20260810T073905Z,5bf09d215ce4e88193e8fa24ef97d1674204739e,true,stage08_b03_channelize_poly_scales_v1,e3e94ee7b622ff8f4120342421cfde0f8b64b27e2749f9a1a3dfbf51757df1ea,operator,channelize_poly,NA,NA,channelize_poly,channelize_poly__channelize_poly_fp32_10e2__b6e2f353c8853cdd,channelize_poly_fp32_10e2,10^2,160,x=[128];h=[32],FP32,CPU,fft_thrust,compatibility/end-to-end,PASS,OK,20,100,83,0.087250999999999995,true,b6e2f353c8853cddcf85e3c02d052280d158379ab9b9c415f42db9ed5e61d864,768b20b590c35386f18053f58b079521f76d54f05161078d7975c6376c96135b
1,20260810T073905Z_5bf09d215ce4_stage08_b03_formal_99010001,formal,20260810T073905Z,5bf09d215ce4e88193e8fa24ef97d1674204739e,true,stage08_b03_channelize_poly_scales_v1,e3e94ee7b622ff8f4120342421cfde0f8b64b27e2749f9a1a3dfbf51757df1ea,operator,channelize_poly,NA,NA,channelize_poly,channelize_poly__channelize_poly_fp32_10e2__b6e2f353c8853cdd,channelize_poly_fp32_10e2,10^2,160,x=[128];h=[32],FP32,CPU,fft_thrust,compatibility/end-to-end,PASS,OK,20,100,84,0.087231000000000003,true,b6e2f353c8853cddcf85e3c02d052280d158379ab9b9c415f42db9ed5e61d864,768b20b590c35386f18053f58b079521f76d54f05161078d7975c6376c96135b
1,20260810T073905Z_5bf09d215ce4_stage08_b03_formal_99010001,formal,20260810T073905Z,5bf09d215ce4e88193e8fa24ef97d1674204739e,true,stage08_b03_channelize_poly_scales_v1,e3e94ee7b622ff8f4120342421cfde0f8b64b27e2749f9a1a3dfbf51757df1ea,operator,channelize_poly,NA,NA,channelize_poly,channelize_poly__channelize_poly_fp32_10e2__b6e2f353c8853cdd,channelize_poly_fp32_10e2,10^2,160,x=[128];h=[32],FP32,CPU,fft_thrust,compatibility/end-to-end,PASS,OK,20,100,85,0.087239999999999998,true,b6e2f353c8853cddcf85e3c02d052280d158379ab9b9c415f42db9ed5e61d864,768b20b590c35386f18053f58b079521f76d54f05161078d7975c6376c96135b
1,20260810T073905Z_5bf09d215ce4_stage08_b03_formal_99010001,formal,20260810T073905Z,5bf09d215ce4e88193e8fa24ef97d1674204739e,true,stage08_b03_channelize_poly_scales_v1,e3e94ee7b622ff8f4120342421cfde0f8b64b27e2749f9a1a3dfbf51757df1ea,operator,channelize_poly,NA,NA,channelize_poly,channelize_poly__channelize_poly_fp32_10e2__b6e2f353c8853cdd,channelize_poly_fp32_10e2,10^2,160,x=[128];h=[32],FP32,CPU,fft_thrust,compatibility/end-to-end,PASS,OK,20,100,86,0.087170999999999998,true,b6e2f353c8853cddcf85e3c02d052280d158379ab9b9c415f42db9ed5e61d864,768b20b590c35386f18053f58b079521f76d54f05161078d7975c6376c96135b
1,20260810T073905Z_5bf09d215ce4_stage08_b03_formal_99010001,formal,20260810T073905Z,5bf09d215ce4e88193e8fa24ef97d1674204739e,true,stage08_b03_channelize_poly_scales_v1,e3e94ee7b622ff8f4120342421cfde0f8b64b27e2749f9a1a3dfbf51757df1ea,operator,channelize_poly,NA,NA,channelize_poly,channelize_poly__channelize_poly_fp32_10e2__b6e2f353c8853cdd,channelize_poly_fp32_10e2,10^2,160,x=[128];h=[32],FP32,CPU,fft_thrust,compatibility/end-to-end,PASS,OK,20,100,87,0.087210999999999997,true,b6e2f353c8853cddcf85e3c02d052280d158379ab9b9c415f42db9ed5e61d864,768b20b590c35386f18053f58b079521f76d54f05161078d7975c6376c96135b
1,20260810T073905Z_5bf09d215ce4_stage08_b03_formal_99010001,formal,20260810T073905Z,5bf09d215ce4e88193e8fa24ef97d1674204739e,true,stage08_b03_channelize_poly_scales_v1,e3e94ee7b622ff8f4120342421cfde0f8b64b27e2749f9a1a3dfbf51757df1ea,operator,channelize_poly,NA,NA,channelize_poly,channelize_poly__channelize_poly_fp32_10e2__b6e2f353c8853cdd,channelize_poly_fp32_10e2,10^2,160,x=[128];h=[32],FP32,CPU,fft_thrust,compatibility/end-to-end,PASS,OK,20,100,88,0.087240999999999999,true,b6e2f353c8853cddcf85e3c02d052280d158379ab9b9c415f42db9ed5e61d864,768b20b590c35386f18053f58b079521f76d54f05161078d7975c6376c96135b
1,20260810T073905Z_5bf09d215ce4_stage08_b03_formal_99010001,formal,20260810T073905Z,5bf09d215ce4e88193e8fa24ef97d1674204739e,true,stage08_b03_channelize_poly_scales_v1,e3e94ee7b622ff8f4120342421cfde0f8b64b27e2749f9a1a3dfbf51757df1ea,operator,channelize_poly,NA,NA,channelize_poly,channelize_poly__channelize_poly_fp32_10e2__b6e2f353c8853cdd,channelize_poly_fp32_10e2,10^2,160,x=[128];h=[32],FP32,CPU,fft_thrust,compatibility/end-to-end,PASS,OK,20,100,89,0.087279999999999996,true,b6e2f353c8853cddcf85e3c02d052280d158379ab9b9c415f42db9ed5e61d864,768b20b590c35386f18053f58b079521f76d54f05161078d7975c6376c96135b
1,20260810T073905Z_5bf09d215ce4_stage08_b03_formal_99010001,formal,20260810T073905Z,5bf09d215ce4e88193e8fa24ef97d1674204739e,true,stage08_b03_channelize_poly_scales_v1,e3e94ee7b622ff8f4120342421cfde0f8b64b27e2749f9a1a3dfbf51757df1ea,operator,channelize_poly,NA,NA,channelize_poly,channelize_poly__channelize_poly_fp32_10e2__b6e2f353c8853cdd,channelize_poly_fp32_10e2,10^2,160,x=[128];h=[32],FP32,CPU,fft_thrust,compatibility/end-to-end,PASS,OK,20,100,90,0.087250999999999995,true,b6e2f353c8853cddcf85e3c02d052280d158379ab9b9c415f42db9ed5e61d864,768b20b590c35386f18053f58b079521f76d54f05161078d7975c6376c96135b
1,20260810T073905Z_5bf09d215ce4_stage08_b03_formal_99010001,formal,20260810T073905Z,5bf09d215ce4e88193e8fa24ef97d1674204739e,true,stage08_b03_channelize_poly_scales_v1,e3e94ee7b622ff8f4120342421cfde0f8b64b27e2749f9a1a3dfbf51757df1ea,operator,channelize_poly,NA,NA,channelize_poly,channelize_poly__channelize_poly_fp32_10e2__b6e2f353c8853cdd,channelize_poly_fp32_10e2,10^2,160,x=[128];h=[32],FP32,CPU,fft_thrust,compatibility/end-to-end,PASS,OK,20,100,91,0.087290999999999994,true,b6e2f353c8853cddcf85e3c02d052280d158379ab9b9c415f42db9ed5e61d864,768b20b590c35386f18053f58b079521f76d54f05161078d7975c6376c96135b
1,20260810T073905Z_5bf09d215ce4_stage08_b03_formal_99010001,formal,20260810T073905Z,5bf09d215ce4e88193e8fa24ef97d1674204739e,true,stage08_b03_channelize_poly_scales_v1,e3e94ee7b622ff8f4120342421cfde0f8b64b27e2749f9a1a3dfbf51757df1ea,operator,channelize_poly,NA,NA,channelize_poly,channelize_poly__channelize_poly_fp32_10e2__b6e2f353c8853cdd,channelize_poly_fp32_10e2,10^2,160,x=[128];h=[32],FP32,CPU,fft_thrust,compatibility/end-to-end,PASS,OK,20,100,92,0.087210999999999997,true,b6e2f353c8853cddcf85e3c02d052280d158379ab9b9c415f42db9ed5e61d864,768b20b590c35386f18053f58b079521f76d54f05161078d7975c6376c96135b
1,20260810T073905Z_5bf09d215ce4_stage08_b03_formal_99010001,formal,20260810T073905Z,5bf09d215ce4e88193e8fa24ef97d1674204739e,true,stage08_b03_channelize_poly_scales_v1,e3e94ee7b622ff8f4120342421cfde0f8b64b27e2749f9a1a3dfbf51757df1ea,operator,channelize_poly,NA,NA,channelize_poly,channelize_poly__channelize_poly_fp32_10e2__b6e2f353c8853cdd,channelize_poly_fp32_10e2,10^2,160,x=[128];h=[32],FP32,CPU,fft_thrust,compatibility/end-to-end,PASS,OK,20,100,93,0.087290000000000006,true,b6e2f353c8853cddcf85e3c02d052280d158379ab9b9c415f42db9ed5e61d864,768b20b590c35386f18053f58b079521f76d54f05161078d7975c6376c96135b
1,20260810T073905Z_5bf09d215ce4_stage08_b03_formal_99010001,formal,20260810T073905Z,5bf09d215ce4e88193e8fa24ef97d1674204739e,true,stage08_b03_channelize_poly_scales_v1,e3e94ee7b622ff8f4120342421cfde0f8b64b27e2749f9a1a3dfbf51757df1ea,operator,channelize_poly,NA,NA,channelize_poly,channelize_poly__channelize_poly_fp32_10e2__b6e2f353c8853cdd,channelize_poly_fp32_10e2,10^2,160,x=[128];h=[32],FP32,CPU,fft_thrust,compatibility/end-to-end,PASS,OK,20,100,94,0.087280999999999997,true,b6e2f353c8853cddcf85e3c02d052280d158379ab9b9c415f42db9ed5e61d864,768b20b590c35386f18053f58b079521f76d54f05161078d7975c6376c96135b
1,20260810T073905Z_5bf09d215ce4_stage08_b03_formal_99010001,formal,20260810T073905Z,5bf09d215ce4e88193e8fa24ef97d1674204739e,true,stage08_b03_channelize_poly_scales_v1,e3e94ee7b622ff8f4120342421cfde0f8b64b27e2749f9a1a3dfbf51757df1ea,operator,channelize_poly,NA,NA,channelize_poly,channelize_poly__channelize_poly_fp32_10e2__b6e2f353c8853cdd,channelize_poly_fp32_10e2,10^2,160,x=[128];h=[32],FP32,CPU,fft_thrust,compatibility/end-to-end,PASS,OK,20,100,95,0.087250999999999995,true,b6e2f353c8853cddcf85e3c02d052280d158379ab9b9c415f42db9ed5e61d864,768b20b590c35386f18053f58b079521f76d54f05161078d7975c6376c96135b
1,20260810T073905Z_5bf09d215ce4_stage08_b03_formal_99010001,formal,20260810T073905Z,5bf09d215ce4e88193e8fa24ef97d1674204739e,true,stage08_b03_channelize_poly_scales_v1,e3e94ee7b622ff8f4120342421cfde0f8b64b27e2749f9a1a3dfbf51757df1ea,operator,channelize_poly,NA,NA,channelize_poly,channelize_poly__channelize_poly_fp32_10e2__b6e2f353c8853cdd,channelize_poly_fp32_10e2,10^2,160,x=[128];h=[32],FP32,CPU,fft_thrust,compatibility/end-to-end,PASS,OK,20,100,96,0.087231000000000003,true,b6e2f353c8853cddcf85e3c02d052280d158379ab9b9c415f42db9ed5e61d864,768b20b590c35386f18053f58b079521f76d54f05161078d7975c6376c96135b
1,20260810T073905Z_5bf09d215ce4_stage08_b03_formal_99010001,formal,20260810T073905Z,5bf09d215ce4e88193e8fa24ef97d1674204739e,true,stage08_b03_channelize_poly_scales_v1,e3e94ee7b622ff8f4120342421cfde0f8b64b27e2749f9a1a3dfbf51757df1ea,operator,channelize_poly,NA,NA,channelize_poly,channelize_poly__channelize_poly_fp32_10e2__b6e2f353c8853cdd,channelize_poly_fp32_10e2,10^2,160,x=[128];h=[32],FP32,CPU,fft_thrust,compatibility/end-to-end,PASS,OK,20,100,97,0.087280999999999997,true,b6e2f353c8853cddcf85e3c02d052280d158379ab9b9c415f42db9ed5e61d864,768b20b590c35386f18053f58b079521f76d54f05161078d7975c6376c96135b
1,20260810T073905Z_5bf09d215ce4_stage08_b03_formal_99010001,formal,20260810T073905Z,5bf09d215ce4e88193e8fa24ef97d1674204739e,true,stage08_b03_channelize_poly_scales_v1,e3e94ee7b622ff8f4120342421cfde0f8b64b27e2749f9a1a3dfbf51757df1ea,operator,channelize_poly,NA,NA,channelize_poly,channelize_poly__channelize_poly_fp32_10e2__b6e2f353c8853cdd,channelize_poly_fp32_10e2,10^2,160,x=[128];h=[32],FP32,CPU,fft_thrust,compatibility/end-to-end,PASS,OK,20,100,98,0.087230000000000002,true,b6e2f353c8853cddcf85e3c02d052280d158379ab9b9c415f42db9ed5e61d864,768b20b590c35386f18053f58b079521f76d54f05161078d7975c6376c96135b
1,20260810T073905Z_5bf09d215ce4_stage08_b03_formal_99010001,formal,20260810T073905Z,5bf09d215ce4e88193e8fa24ef97d1674204739e,true,stage08_b03_channelize_poly_scales_v1,e3e94ee7b622ff8f4120342421cfde0f8b64b27e2749f9a1a3dfbf51757df1ea,operator,channelize_poly,NA,NA,channelize_poly,channelize_poly__channelize_poly_fp32_10e2__b6e2f353c8853cdd,channelize_poly_fp32_10e2,10^2,160,x=[128];h=[32],FP32,CPU,fft_thrust,compatibility/end-to-end,PASS,OK,20,100,99,0.087170999999999998,true,b6e2f353c8853cddcf85e3c02d052280d158379ab9b9c415f42db9ed5e61d864,768b20b590c35386f18053f58b079521f76d54f05161078d7975c6376c96135b
1,20260810T073905Z_5bf09d215ce4_stage08_b03_formal_99010001,formal,20260810T073905Z,5bf09d215ce4e88193e8fa24ef97d1674204739e,true,stage08_b03_channelize_poly_scales_v1,e3e94ee7b622ff8f4120342421cfde0f8b64b27e2749f9a1a3dfbf51757df1ea,operator,channelize_poly,NA,NA,channelize_poly,channelize_poly__channelize_poly_fp32_10e2__b6e2f353c8853cdd,channelize_poly_fp32_10e2,10^2,160,x=[128];h=[32],FP32,GPU,fft_thrust,compatibility/end-to-end,PASS,OK,20,100,0,0.44078400000000001,true,b6e2f353c8853cddcf85e3c02d052280d158379ab9b9c415f42db9ed5e61d864,e238e21b021042813b76acdefec5cd1f4b8b0760ea277e1e3bb8c8d53c0c206d
1,20260810T073905Z_5bf09d215ce4_stage08_b03_formal_99010001,formal,20260810T073905Z,5bf09d215ce4e88193e8fa24ef97d1674204739e,true,stage08_b03_channelize_poly_scales_v1,e3e94ee7b622ff8f4120342421cfde0f8b64b27e2749f9a1a3dfbf51757df1ea,operator,channelize_poly,NA,NA,channelize_poly,channelize_poly__channelize_poly_fp32_10e2__b6e2f353c8853cdd,channelize_poly_fp32_10e2,10^2,160,x=[128];h=[32],FP32,GPU,fft_thrust,compatibility/end-to-end,PASS,OK,20,100,1,0.45089400000000002,true,b6e2f353c8853cddcf85e3c02d052280d158379ab9b9c415f42db9ed5e61d864,e238e21b021042813b76acdefec5cd1f4b8b0760ea277e1e3bb8c8d53c0c206d
1,20260810T073905Z_5bf09d215ce4_stage08_b03_formal_99010001,formal,20260810T073905Z,5bf09d215ce4e88193e8fa24ef97d1674204739e,true,stage08_b03_channelize_poly_scales_v1,e3e94ee7b622ff8f4120342421cfde0f8b64b27e2749f9a1a3dfbf51757df1ea,operator,channelize_poly,NA,NA,channelize_poly,channelize_poly__channelize_poly_fp32_10e2__b6e2f353c8853cdd,channelize_poly_fp32_10e2,10^2,160,x=[128];h=[32],FP32,GPU,fft_thrust,compatibility/end-to-end,PASS,OK,20,100,2,0.45976400000000001,true,b6e2f353c8853cddcf85e3c02d052280d158379ab9b9c415f42db9ed5e61d864,e238e21b021042813b76acdefec5cd1f4b8b0760ea277e1e3bb8c8d53c0c206d
1,20260810T073905Z_5bf09d215ce4_stage08_b03_formal_99010001,formal,20260810T073905Z,5bf09d215ce4e88193e8fa24ef97d1674204739e,true,stage08_b03_channelize_poly_scales_v1,e3e94ee7b622ff8f4120342421cfde0f8b64b27e2749f9a1a3dfbf51757df1ea,operator,channelize_poly,NA,NA,channelize_poly,channelize_poly__channelize_poly_fp32_10e2__b6e2f353c8853cdd,channelize_poly_fp32_10e2,10^2,160,x=[128];h=[32],FP32,GPU,fft_thrust,compatibility/end-to-end,PASS,OK,20,100,3,0.49605399999999999,true,b6e2f353c8853cddcf85e3c02d052280d158379ab9b9c415f42db9ed5e61d864,e238e21b021042813b76acdefec5cd1f4b8b0760ea277e1e3bb8c8d53c0c206d
1,20260810T073905Z_5bf09d215ce4_stage08_b03_formal_99010001,formal,20260810T073905Z,5bf09d215ce4e88193e8fa24ef97d1674204739e,true,stage08_b03_channelize_poly_scales_v1,e3e94ee7b622ff8f4120342421cfde0f8b64b27e2749f9a1a3dfbf51757df1ea,operator,channelize_poly,NA,NA,channelize_poly,channelize_poly__channelize_poly_fp32_10e2__b6e2f353c8853cdd,channelize_poly_fp32_10e2,10^2,160,x=[128];h=[32],FP32,GPU,fft_thrust,compatibility/end-to-end,PASS,OK,20,100,4,0.44345400000000001,true,b6e2f353c8853cddcf85e3c02d052280d158379ab9b9c415f42db9ed5e61d864,e238e21b021042813b76acdefec5cd1f4b8b0760ea277e1e3bb8c8d53c0c206d
1,20260810T073905Z_5bf09d215ce4_stage08_b03_formal_99010001,formal,20260810T073905Z,5bf09d215ce4e88193e8fa24ef97d1674204739e,true,stage08_b03_channelize_poly_scales_v1,e3e94ee7b622ff8f4120342421cfde0f8b64b27e2749f9a1a3dfbf51757df1ea,operator,channelize_poly,NA,NA,channelize_poly,channelize_poly__channelize_poly_fp32_10e2__b6e2f353c8853cdd,channelize_poly_fp32_10e2,10^2,160,x=[128];h=[32],FP32,GPU,fft_thrust,compatibility/end-to-end,PASS,OK,20,100,5,0.44640400000000002,true,b6e2f353c8853cddcf85e3c02d052280d158379ab9b9c415f42db9ed5e61d864,e238e21b021042813b76acdefec5cd1f4b8b0760ea277e1e3bb8c8d53c0c206d
1,20260810T073905Z_5bf09d215ce4_stage08_b03_formal_99010001,formal,20260810T073905Z,5bf09d215ce4e88193e8fa24ef97d1674204739e,true,stage08_b03_channelize_poly_scales_v1,e3e94ee7b622ff8f4120342421cfde0f8b64b27e2749f9a1a3dfbf51757df1ea,operator,channelize_poly,NA,NA,channelize_poly,channelize_poly__channelize_poly_fp32_10e2__b6e2f353c8853cdd,channelize_poly_fp32_10e2,10^2,160,x=[128];h=[32],FP32,GPU,fft_thrust,compatibility/end-to-end,PASS,OK,20,100,6,0.43497400000000003,true,b6e2f353c8853cddcf85e3c02d052280d158379ab9b9c415f42db9ed5e61d864,e238e21b021042813b76acdefec5cd1f4b8b0760ea277e1e3bb8c8d53c0c206d
1,20260810T073905Z_5bf09d215ce4_stage08_b03_formal_99010001,formal,20260810T073905Z,5bf09d215ce4e88193e8fa24ef97d1674204739e,true,stage08_b03_channelize_poly_scales_v1,e3e94ee7b622ff8f4120342421cfde0f8b64b27e2749f9a1a3dfbf51757df1ea,operator,channelize_poly,NA,NA,channelize_poly,channelize_poly__channelize_poly_fp32_10e2__b6e2f353c8853cdd,channelize_poly_fp32_10e2,10^2,160,x=[128];h=[32],FP32,GPU,fft_thrust,compatibility/end-to-end,PASS,OK,20,100,7,0.44475300000000001,true,b6e2f353c8853cddcf85e3c02d052280d158379ab9b9c415f42db9ed5e61d864,e238e21b021042813b76acdefec5cd1f4b8b0760ea277e1e3bb8c8d53c0c206d
1,20260810T073905Z_5bf09d215ce4_stage08_b03_formal_99010001,formal,20260810T073905Z,5bf09d215ce4e88193e8fa24ef97d1674204739e,true,stage08_b03_channelize_poly_scales_v1,e3e94ee7b622ff8f4120342421cfde0f8b64b27e2749f9a1a3dfbf51757df1ea,operator,channelize_poly,NA,NA,channelize_poly,channelize_poly__channelize_poly_fp32_10e2__b6e2f353c8853cdd,channelize_poly_fp32_10e2,10^2,160,x=[128];h=[32],FP32,GPU,fft_thrust,compatibility/end-to-end,PASS,OK,20,100,8,0.440944,true,b6e2f353c8853cddcf85e3c02d052280d158379ab9b9c415f42db9ed5e61d864,e238e21b021042813b76acdefec5cd1f4b8b0760ea277e1e3bb8c8d53c0c206d
1,20260810T073905Z_5bf09d215ce4_stage08_b03_formal_99010001,formal,20260810T073905Z,5bf09d215ce4e88193e8fa24ef97d1674204739e,true,stage08_b03_channelize_poly_scales_v1,e3e94ee7b622ff8f4120342421cfde0f8b64b27e2749f9a1a3dfbf51757df1ea,operator,channelize_poly,NA,NA,channelize_poly,channelize_poly__channelize_poly_fp32_10e2__b6e2f353c8853cdd,channelize_poly_fp32_10e2,10^2,160,x=[128];h=[32],FP32,GPU,fft_thrust,compatibility/end-to-end,PASS,OK,20,100,9,0.43853399999999998,true,b6e2f353c8853cddcf85e3c02d052280d158379ab9b9c415f42db9ed5e61d864,e238e21b021042813b76acdefec5cd1f4b8b0760ea277e1e3bb8c8d53c0c206d
1,20260810T073905Z_5bf09d215ce4_stage08_b03_formal_99010001,formal,20260810T073905Z,5bf09d215ce4e88193e8fa24ef97d1674204739e,true,stage08_b03_channelize_poly_scales_v1,e3e94ee7b622ff8f4120342421cfde0f8b64b27e2749f9a1a3dfbf51757df1ea,operator,channelize_poly,NA,NA,channelize_poly,channelize_poly__channelize_poly_fp32_10e2__b6e2f353c8853cdd,channelize_poly_fp32_10e2,10^2,160,x=[128];h=[32],FP32,GPU,fft_thrust,compatibility/end-to-end,PASS,OK,20,100,10,0.44476399999999999,true,b6e2f353c8853cddcf85e3c02d052280d158379ab9b9c415f42db9ed5e61d864,e238e21b021042813b76acdefec5cd1f4b8b0760ea277e1e3bb8c8d53c0c206d
1,20260810T073905Z_5bf09d215ce4_stage08_b03_formal_99010001,formal,20260810T073905Z,5bf09d215ce4e88193e8fa24ef97d1674204739e,true,stage08_b03_channelize_poly_scales_v1,e3e94ee7b622ff8f4120342421cfde0f8b64b27e2749f9a1a3dfbf51757df1ea,operator,channelize_poly,NA,NA,channelize_poly,channelize_poly__channelize_poly_fp32_10e2__b6e2f353c8853cdd,channelize_poly_fp32_10e2,10^2,160,x=[128];h=[32],FP32,GPU,fft_thrust,compatibility/end-to-end,PASS,OK,20,100,11,0.45710400000000001,true,b6e2f353c8853cddcf85e3c02d052280d158379ab9b9c415f42db9ed5e61d864,e238e21b021042813b76acdefec5cd1f4b8b0760ea277e1e3bb8c8d53c0c206d
1,20260810T073905Z_5bf09d215ce4_stage08_b03_formal_99010001,formal,20260810T073905Z,5bf09d215ce4e88193e8fa24ef97d1674204739e,true,stage08_b03_channelize_poly_scales_v1,e3e94ee7b622ff8f4120342421cfde0f8b64b27e2749f9a1a3dfbf51757df1ea,operator,channelize_poly,NA,NA,channelize_poly,channelize_poly__channelize_poly_fp32_10e2__b6e2f353c8853cdd,channelize_poly_fp32_10e2,10^2,160,x=[128];h=[32],FP32,GPU,fft_thrust,compatibility/end-to-end,PASS,OK,20,100,12,0.45219399999999998,true,b6e2f353c8853cddcf85e3c02d052280d158379ab9b9c415f42db9ed5e61d864,e238e21b021042813b76acdefec5cd1f4b8b0760ea277e1e3bb8c8d53c0c206d
1,20260810T073905Z_5bf09d215ce4_stage08_b03_formal_99010001,formal,20260810T073905Z,5bf09d215ce4e88193e8fa24ef97d1674204739e,true,stage08_b03_channelize_poly_scales_v1,e3e94ee7b622ff8f4120342421cfde0f8b64b27e2749f9a1a3dfbf51757df1ea,operator,channelize_poly,NA,NA,channelize_poly,channelize_poly__channelize_poly_fp32_10e2__b6e2f353c8853cdd,channelize_poly_fp32_10e2,10^2,160,x=[128];h=[32],FP32,GPU,fft_thrust,compatibility/end-to-end,PASS,OK,20,100,13,0.44057299999999999,true,b6e2f353c8853cddcf85e3c02d052280d158379ab9b9c415f42db9ed5e61d864,e238e21b021042813b76acdefec5cd1f4b8b0760ea277e1e3bb8c8d53c0c206d
1,20260810T073905Z_5bf09d215ce4_stage08_b03_formal_99010001,formal,20260810T073905Z,5bf09d215ce4e88193e8fa24ef97d1674204739e,true,stage08_b03_channelize_poly_scales_v1,e3e94ee7b622ff8f4120342421cfde0f8b64b27e2749f9a1a3dfbf51757df1ea,operator,channelize_poly,NA,NA,channelize_poly,channelize_poly__channelize_poly_fp32_10e2__b6e2f353c8853cdd,channelize_poly_fp32_10e2,10^2,160,x=[128];h=[32],FP32,GPU,fft_thrust,compatibility/end-to-end,PASS,OK,20,100,14,0.44798399999999999,true,b6e2f353c8853cddcf85e3c02d052280d158379ab9b9c415f42db9ed5e61d864,e238e21b021042813b76acdefec5cd1f4b8b0760ea277e1e3bb8c8d53c0c206d
1,20260810T073905Z_5bf09d215ce4_stage08_b03_formal_99010001,formal,20260810T073905Z,5bf09d215ce4e88193e8fa24ef97d1674204739e,true,stage08_b03_channelize_poly_scales_v1,e3e94ee7b622ff8f4120342421cfde0f8b64b27e2749f9a1a3dfbf51757df1ea,operator,channelize_poly,NA,NA,channelize_poly,channelize_poly__channelize_poly_fp32_10e2__b6e2f353c8853cdd,channelize_poly_fp32_10e2,10^2,160,x=[128];h=[32],FP32,GPU,fft_thrust,compatibility/end-to-end,PASS,OK,20,100,15,0.43602400000000002,true,b6e2f353c8853cddcf85e3c02d052280d158379ab9b9c415f42db9ed5e61d864,e238e21b021042813b76acdefec5cd1f4b8b0760ea277e1e3bb8c8d53c0c206d
1,20260810T073905Z_5bf09d215ce4_stage08_b03_formal_99010001,formal,20260810T073905Z,5bf09d215ce4e88193e8fa24ef97d1674204739e,true,stage08_b03_channelize_poly_scales_v1,e3e94ee7b622ff8f4120342421cfde0f8b64b27e2749f9a1a3dfbf51757df1ea,operator,channelize_poly,NA,NA,channelize_poly,channelize_poly__channelize_poly_fp32_10e2__b6e2f353c8853cdd,channelize_poly_fp32_10e2,10^2,160,x=[128];h=[32],FP32,GPU,fft_thrust,compatibility/end-to-end,PASS,OK,20,100,16,0.448994,true,b6e2f353c8853cddcf85e3c02d052280d158379ab9b9c415f42db9ed5e61d864,e238e21b021042813b76acdefec5cd1f4b8b0760ea277e1e3bb8c8d53c0c206d
1,20260810T073905Z_5bf09d215ce4_stage08_b03_formal_99010001,formal,20260810T073905Z,5bf09d215ce4e88193e8fa24ef97d1674204739e,true,stage08_b03_channelize_poly_scales_v1,e3e94ee7b622ff8f4120342421cfde0f8b64b27e2749f9a1a3dfbf51757df1ea,operator,channelize_poly,NA,NA,channelize_poly,channelize_poly__channelize_poly_fp32_10e2__b6e2f353c8853cdd,channelize_poly_fp32_10e2,10^2,160,x=[128];h=[32],FP32,GPU,fft_thrust,compatibility/end-to-end,PASS,OK,20,100,17,0.44557400000000003,true,b6e2f353c8853cddcf85e3c02d052280d158379ab9b9c415f42db9ed5e61d864,e238e21b021042813b76acdefec5cd1f4b8b0760ea277e1e3bb8c8d53c0c206d
1,20260810T073905Z_5bf09d215ce4_stage08_b03_formal_99010001,formal,20260810T073905Z,5bf09d215ce4e88193e8fa24ef97d1674204739e,true,stage08_b03_channelize_poly_scales_v1,e3e94ee7b622ff8f4120342421cfde0f8b64b27e2749f9a1a3dfbf51757df1ea,operator,channelize_poly,NA,NA,channelize_poly,channelize_poly__channelize_poly_fp32_10e2__b6e2f353c8853cdd,channelize_poly_fp32_10e2,10^2,160,x=[128];h=[32],FP32,GPU,fft_thrust,compatibility/end-to-end,PASS,OK,20,100,18,0.44769399999999998,true,b6e2f353c8853cddcf85e3c02d052280d158379ab9b9c415f42db9ed5e61d864,e238e21b021042813b76acdefec5cd1f4b8b0760ea277e1e3bb8c8d53c0c206d
1,20260810T073905Z_5bf09d215ce4_stage08_b03_formal_99010001,formal,20260810T073905Z,5bf09d215ce4e88193e8fa24ef97d1674204739e,true,stage08_b03_channelize_poly_scales_v1,e3e94ee7b622ff8f4120342421cfde0f8b64b27e2749f9a1a3dfbf51757df1ea,operator,channelize_poly,NA,NA,channelize_poly,channelize_poly__channelize_poly_fp32_10e2__b6e2f353c8853cdd,channelize_poly_fp32_10e2,10^2,160,x=[128];h=[32],FP32,GPU,fft_thrust,compatibility/end-to-end,PASS,OK,20,100,19,0.44536399999999998,true,b6e2f353c8853cddcf85e3c02d052280d158379ab9b9c415f42db9ed5e61d864,e238e21b021042813b76acdefec5cd1f4b8b0760ea277e1e3bb8c8d53c0c206d
1,20260810T073905Z_5bf09d215ce4_stage08_b03_formal_99010001,formal,20260810T073905Z,5bf09d215ce4e88193e8fa24ef97d1674204739e,true,stage08_b03_channelize_poly_scales_v1,e3e94ee7b622ff8f4120342421cfde0f8b64b27e2749f9a1a3dfbf51757df1ea,operator,channelize_poly,NA,NA,channelize_poly,channelize_poly__channelize_poly_fp32_10e2__b6e2f353c8853cdd,channelize_poly_fp32_10e2,10^2,160,x=[128];h=[32],FP32,GPU,fft_thrust,compatibility/end-to-end,PASS,OK,20,100,20,0.45480399999999999,true,b6e2f353c8853cddcf85e3c02d052280d158379ab9b9c415f42db9ed5e61d864,e238e21b021042813b76acdefec5cd1f4b8b0760ea277e1e3bb8c8d53c0c206d
1,20260810T073905Z_5bf09d215ce4_stage08_b03_formal_99010001,formal,20260810T073905Z,5bf09d215ce4e88193e8fa24ef97d1674204739e,true,stage08_b03_channelize_poly_scales_v1,e3e94ee7b622ff8f4120342421cfde0f8b64b27e2749f9a1a3dfbf51757df1ea,operator,channelize_poly,NA,NA,channelize_poly,channelize_poly__channelize_poly_fp32_10e2__b6e2f353c8853cdd,channelize_poly_fp32_10e2,10^2,160,x=[128];h=[32],FP32,GPU,fft_thrust,compatibility/end-to-end,PASS,OK,20,100,21,0.44945400000000002,true,b6e2f353c8853cddcf85e3c02d052280d158379ab9b9c415f42db9ed5e61d864,e238e21b021042813b76acdefec5cd1f4b8b0760ea277e1e3bb8c8d53c0c206d
1,20260810T073905Z_5bf09d215ce4_stage08_b03_formal_99010001,formal,20260810T073905Z,5bf09d215ce4e88193e8fa24ef97d1674204739e,true,stage08_b03_channelize_poly_scales_v1,e3e94ee7b622ff8f4120342421cfde0f8b64b27e2749f9a1a3dfbf51757df1ea,operator,channelize_poly,NA,NA,channelize_poly,channelize_poly__channelize_poly_fp32_10e2__b6e2f353c8853cdd,channelize_poly_fp32_10e2,10^2,160,x=[128];h=[32],FP32,GPU,fft_thrust,compatibility/end-to-end,PASS,OK,20,100,22,0.44564399999999998,true,b6e2f353c8853cddcf85e3c02d052280d158379ab9b9c415f42db9ed5e61d864,e238e21b021042813b76acdefec5cd1f4b8b0760ea277e1e3bb8c8d53c0c206d
1,20260810T073905Z_5bf09d215ce4_stage08_b03_formal_99010001,formal,20260810T073905Z,5bf09d215ce4e88193e8fa24ef97d1674204739e,true,stage08_b03_channelize_poly_scales_v1,e3e94ee7b622ff8f4120342421cfde0f8b64b27e2749f9a1a3dfbf51757df1ea,operator,channelize_poly,NA,NA,channelize_poly,channelize_poly__channelize_poly_fp32_10e2__b6e2f353c8853cdd,channelize_poly_fp32_10e2,10^2,160,x=[128];h=[32],FP32,GPU,fft_thrust,compatibility/end-to-end,PASS,OK,20,100,23,0.44551400000000002,true,b6e2f353c8853cddcf85e3c02d052280d158379ab9b9c415f42db9ed5e61d864,e238e21b021042813b76acdefec5cd1f4b8b0760ea277e1e3bb8c8d53c0c206d
1,20260810T073905Z_5bf09d215ce4_stage08_b03_formal_99010001,formal,20260810T073905Z,5bf09d215ce4e88193e8fa24ef97d1674204739e,true,stage08_b03_channelize_poly_scales_v1,e3e94ee7b622ff8f4120342421cfde0f8b64b27e2749f9a1a3dfbf51757df1ea,operator,channelize_poly,NA,NA,channelize_poly,channelize_poly__channelize_poly_fp32_10e2__b6e2f353c8853cdd,channelize_poly_fp32_10e2,10^2,160,x=[128];h=[32],FP32,GPU,fft_thrust,compatibility/end-to-end,PASS,OK,20,100,24,0.44199300000000002,true,b6e2f353c8853cddcf85e3c02d052280d158379ab9b9c415f42db9ed5e61d864,e238e21b021042813b76acdefec5cd1f4b8b0760ea277e1e3bb8c8d53c0c206d
1,20260810T073905Z_5bf09d215ce4_stage08_b03_formal_99010001,formal,20260810T073905Z,5bf09d215ce4e88193e8fa24ef97d1674204739e,true,stage08_b03_channelize_poly_scales_v1,e3e94ee7b622ff8f4120342421cfde0f8b64b27e2749f9a1a3dfbf51757df1ea,operator,channelize_poly,NA,NA,channelize_poly,channelize_poly__channelize_poly_fp32_10e2__b6e2f353c8853cdd,channelize_poly_fp32_10e2,10^2,160,x=[128];h=[32],FP32,GPU,fft_thrust,compatibility/end-to-end,PASS,OK,20,100,25,0.43009399999999998,true,b6e2f353c8853cddcf85e3c02d052280d158379ab9b9c415f42db9ed5e61d864,e238e21b021042813b76acdefec5cd1f4b8b0760ea277e1e3bb8c8d53c0c206d
1,20260810T073905Z_5bf09d215ce4_stage08_b03_formal_99010001,formal,20260810T073905Z,5bf09d215ce4e88193e8fa24ef97d1674204739e,true,stage08_b03_channelize_poly_scales_v1,e3e94ee7b622ff8f4120342421cfde0f8b64b27e2749f9a1a3dfbf51757df1ea,operator,channelize_poly,NA,NA,channelize_poly,channelize_poly__channelize_poly_fp32_10e2__b6e2f353c8853cdd,channelize_poly_fp32_10e2,10^2,160,x=[128];h=[32],FP32,GPU,fft_thrust,compatibility/end-to-end,PASS,OK,20,100,26,0.43767400000000001,true,b6e2f353c8853cddcf85e3c02d052280d158379ab9b9c415f42db9ed5e61d864,e238e21b021042813b76acdefec5cd1f4b8b0760ea277e1e3bb8c8d53c0c206d
1,20260810T073905Z_5bf09d215ce4_stage08_b03_formal_99010001,formal,20260810T073905Z,5bf09d215ce4e88193e8fa24ef97d1674204739e,true,stage08_b03_channelize_poly_scales_v1,e3e94ee7b622ff8f4120342421cfde0f8b64b27e2749f9a1a3dfbf51757df1ea,operator,channelize_poly,NA,NA,channelize_poly,channelize_poly__channelize_poly_fp32_10e2__b6e2f353c8853cdd,channelize_poly_fp32_10e2,10^2,160,x=[128];h=[32],FP32,GPU,fft_thrust,compatibility/end-to-end,PASS,OK,20,100,27,0.44390400000000002,true,b6e2f353c8853cddcf85e3c02d052280d158379ab9b9c415f42db9ed5e61d864,e238e21b021042813b76acdefec5cd1f4b8b0760ea277e1e3bb8c8d53c0c206d
1,20260810T073905Z_5bf09d215ce4_stage08_b03_formal_99010001,formal,20260810T073905Z,5bf09d215ce4e88193e8fa24ef97d1674204739e,true,stage08_b03_channelize_poly_scales_v1,e3e94ee7b622ff8f4120342421cfde0f8b64b27e2749f9a1a3dfbf51757df1ea,operator,channelize_poly,NA,NA,channelize_poly,channelize_poly__channelize_poly_fp32_10e2__b6e2f353c8853cdd,channelize_poly_fp32_10e2,10^2,160,x=[128];h=[32],FP32,GPU,fft_thrust,compatibility/end-to-end,PASS,OK,20,100,28,0.43831399999999998,true,b6e2f353c8853cddcf85e3c02d052280d158379ab9b9c415f42db9ed5e61d864,e238e21b021042813b76acdefec5cd1f4b8b0760ea277e1e3bb8c8d53c0c206d
1,20260810T073905Z_5bf09d215ce4_stage08_b03_formal_99010001,formal,20260810T073905Z,5bf09d215ce4e88193e8fa24ef97d1674204739e,true,stage08_b03_channelize_poly_scales_v1,e3e94ee7b622ff8f4120342421cfde0f8b64b27e2749f9a1a3dfbf51757df1ea,operator,channelize_poly,NA,NA,channelize_poly,channelize_poly__channelize_poly_fp32_10e2__b6e2f353c8853cdd,channelize_poly_fp32_10e2,10^2,160,x=[128];h=[32],FP32,GPU,fft_thrust,compatibility/end-to-end,PASS,OK,20,100,29,0.466754,true,b6e2f353c8853cddcf85e3c02d052280d158379ab9b9c415f42db9ed5e61d864,e238e21b021042813b76acdefec5cd1f4b8b0760ea277e1e3bb8c8d53c0c206d
1,20260810T073905Z_5bf09d215ce4_stage08_b03_formal_99010001,formal,20260810T073905Z,5bf09d215ce4e88193e8fa24ef97d1674204739e,true,stage08_b03_channelize_poly_scales_v1,e3e94ee7b622ff8f4120342421cfde0f8b64b27e2749f9a1a3dfbf51757df1ea,operator,channelize_poly,NA,NA,channelize_poly,channelize_poly__channelize_poly_fp32_10e2__b6e2f353c8853cdd,channelize_poly_fp32_10e2,10^2,160,x=[128];h=[32],FP32,GPU,fft_thrust,compatibility/end-to-end,PASS,OK,20,100,30,0.44625399999999998,true,b6e2f353c8853cddcf85e3c02d052280d158379ab9b9c415f42db9ed5e61d864,e238e21b021042813b76acdefec5cd1f4b8b0760ea277e1e3bb8c8d53c0c206d
1,20260810T073905Z_5bf09d215ce4_stage08_b03_formal_99010001,formal,20260810T073905Z,5bf09d215ce4e88193e8fa24ef97d1674204739e,true,stage08_b03_channelize_poly_scales_v1,e3e94ee7b622ff8f4120342421cfde0f8b64b27e2749f9a1a3dfbf51757df1ea,operator,channelize_poly,NA,NA,channelize_poly,channelize_poly__channelize_poly_fp32_10e2__b6e2f353c8853cdd,channelize_poly_fp32_10e2,10^2,160,x=[128];h=[32],FP32,GPU,fft_thrust,compatibility/end-to-end,PASS,OK,20,100,31,0.437944,true,b6e2f353c8853cddcf85e3c02d052280d158379ab9b9c415f42db9ed5e61d864,e238e21b021042813b76acdefec5cd1f4b8b0760ea277e1e3bb8c8d53c0c206d
1,20260810T073905Z_5bf09d215ce4_stage08_b03_formal_99010001,formal,20260810T073905Z,5bf09d215ce4e88193e8fa24ef97d1674204739e,true,stage08_b03_channelize_poly_scales_v1,e3e94ee7b622ff8f4120342421cfde0f8b64b27e2749f9a1a3dfbf51757df1ea,operator,channelize_poly,NA,NA,channelize_poly,channelize_poly__channelize_poly_fp32_10e2__b6e2f353c8853cdd,channelize_poly_fp32_10e2,10^2,160,x=[128];h=[32],FP32,GPU,fft_thrust,compatibility/end-to-end,PASS,OK,20,100,32,0.44967299999999999,true,b6e2f353c8853cddcf85e3c02d052280d158379ab9b9c415f42db9ed5e61d864,e238e21b021042813b76acdefec5cd1f4b8b0760ea277e1e3bb8c8d53c0c206d
1,20260810T073905Z_5bf09d215ce4_stage08_b03_formal_99010001,formal,20260810T073905Z,5bf09d215ce4e88193e8fa24ef97d1674204739e,true,stage08_b03_channelize_poly_scales_v1,e3e94ee7b622ff8f4120342421cfde0f8b64b27e2749f9a1a3dfbf51757df1ea,operator,channelize_poly,NA,NA,channelize_poly,channelize_poly__channelize_poly_fp32_10e2__b6e2f353c8853cdd,channelize_poly_fp32_10e2,10^2,160,x=[128];h=[32],FP32,GPU,fft_thrust,compatibility/end-to-end,PASS,OK,20,100,33,0.43423400000000001,true,b6e2f353c8853cddcf85e3c02d052280d158379ab9b9c415f42db9ed5e61d864,e238e21b021042813b76acdefec5cd1f4b8b0760ea277e1e3bb8c8d53c0c206d
1,20260810T073905Z_5bf09d215ce4_stage08_b03_formal_99010001,formal,20260810T073905Z,5bf09d215ce4e88193e8fa24ef97d1674204739e,true,stage08_b03_channelize_poly_scales_v1,e3e94ee7b622ff8f4120342421cfde0f8b64b27e2749f9a1a3dfbf51757df1ea,operator,channelize_poly,NA,NA,channelize_poly,channelize_poly__channelize_poly_fp32_10e2__b6e2f353c8853cdd,channelize_poly_fp32_10e2,10^2,160,x=[128];h=[32],FP32,GPU,fft_thrust,compatibility/end-to-end,PASS,OK,20,100,34,0.432394,true,b6e2f353c8853cddcf85e3c02d052280d158379ab9b9c415f42db9ed5e61d864,e238e21b021042813b76acdefec5cd1f4b8b0760ea277e1e3bb8c8d53c0c206d
1,20260810T073905Z_5bf09d215ce4_stage08_b03_formal_99010001,formal,20260810T073905Z,5bf09d215ce4e88193e8fa24ef97d1674204739e,true,stage08_b03_channelize_poly_scales_v1,e3e94ee7b622ff8f4120342421cfde0f8b64b27e2749f9a1a3dfbf51757df1ea,operator,channelize_poly,NA,NA,channelize_poly,channelize_poly__channelize_poly_fp32_10e2__b6e2f353c8853cdd,channelize_poly_fp32_10e2,10^2,160,x=[128];h=[32],FP32,GPU,fft_thrust,compatibility/end-to-end,PASS,OK,20,100,35,0.44463399999999997,true,b6e2f353c8853cddcf85e3c02d052280d158379ab9b9c415f42db9ed5e61d864,e238e21b021042813b76acdefec5cd1f4b8b0760ea277e1e3bb8c8d53c0c206d
1,20260810T073905Z_5bf09d215ce4_stage08_b03_formal_99010001,formal,20260810T073905Z,5bf09d215ce4e88193e8fa24ef97d1674204739e,true,stage08_b03_channelize_poly_scales_v1,e3e94ee7b622ff8f4120342421cfde0f8b64b27e2749f9a1a3dfbf51757df1ea,operator,channelize_poly,NA,NA,channelize_poly,channelize_poly__channelize_poly_fp32_10e2__b6e2f353c8853cdd,channelize_poly_fp32_10e2,10^2,160,x=[128];h=[32],FP32,GPU,fft_thrust,compatibility/end-to-end,PASS,OK,20,100,36,0.44683400000000001,true,b6e2f353c8853cddcf85e3c02d052280d158379ab9b9c415f42db9ed5e61d864,e238e21b021042813b76acdefec5cd1f4b8b0760ea277e1e3bb8c8d53c0c206d
1,20260810T073905Z_5bf09d215ce4_stage08_b03_formal_99010001,formal,20260810T073905Z,5bf09d215ce4e88193e8fa24ef97d1674204739e,true,stage08_b03_channelize_poly_scales_v1,e3e94ee7b622ff8f4120342421cfde0f8b64b27e2749f9a1a3dfbf51757df1ea,operator,channelize_poly,NA,NA,channelize_poly,channelize_poly__channelize_poly_fp32_10e2__b6e2f353c8853cdd,channelize_poly_fp32_10e2,10^2,160,x=[128];h=[32],FP32,GPU,fft_thrust,compatibility/end-to-end,PASS,OK,20,100,37,0.44559399999999999,true,b6e2f353c8853cddcf85e3c02d052280d158379ab9b9c415f42db9ed5e61d864,e238e21b021042813b76acdefec5cd1f4b8b0760ea277e1e3bb8c8d53c0c206d
1,20260810T073905Z_5bf09d215ce4_stage08_b03_formal_99010001,formal,20260810T073905Z,5bf09d215ce4e88193e8fa24ef97d1674204739e,true,stage08_b03_channelize_poly_scales_v1,e3e94ee7b622ff8f4120342421cfde0f8b64b27e2749f9a1a3dfbf51757df1ea,operator,channelize_poly,NA,NA,channelize_poly,channelize_poly__channelize_poly_fp32_10e2__b6e2f353c8853cdd,channelize_poly_fp32_10e2,10^2,160,x=[128];h=[32],FP32,GPU,fft_thrust,compatibility/end-to-end,PASS,OK,20,100,38,0.44912400000000002,true,b6e2f353c8853cddcf85e3c02d052280d158379ab9b9c415f42db9ed5e61d864,e238e21b021042813b76acdefec5cd1f4b8b0760ea277e1e3bb8c8d53c0c206d
1,20260810T073905Z_5bf09d215ce4_stage08_b03_formal_99010001,formal,20260810T073905Z,5bf09d215ce4e88193e8fa24ef97d1674204739e,true,stage08_b03_channelize_poly_scales_v1,e3e94ee7b622ff8f4120342421cfde0f8b64b27e2749f9a1a3dfbf51757df1ea,operator,channelize_poly,NA,NA,channelize_poly,channelize_poly__channelize_poly_fp32_10e2__b6e2f353c8853cdd,channelize_poly_fp32_10e2,10^2,160,x=[128];h=[32],FP32,GPU,fft_thrust,compatibility/end-to-end,PASS,OK,20,100,39,0.44644299999999998,true,b6e2f353c8853cddcf85e3c02d052280d158379ab9b9c415f42db9ed5e61d864,e238e21b021042813b76acdefec5cd1f4b8b0760ea277e1e3bb8c8d53c0c206d
1,20260810T073905Z_5bf09d215ce4_stage08_b03_formal_99010001,formal,20260810T073905Z,5bf09d215ce4e88193e8fa24ef97d1674204739e,true,stage08_b03_channelize_poly_scales_v1,e3e94ee7b622ff8f4120342421cfde0f8b64b27e2749f9a1a3dfbf51757df1ea,operator,channelize_poly,NA,NA,channelize_poly,channelize_poly__channelize_poly_fp32_10e2__b6e2f353c8853cdd,channelize_poly_fp32_10e2,10^2,160,x=[128];h=[32],FP32,GPU,fft_thrust,compatibility/end-to-end,PASS,OK,20,100,40,0.43487399999999998,true,b6e2f353c8853cddcf85e3c02d052280d158379ab9b9c415f42db9ed5e61d864,e238e21b021042813b76acdefec5cd1f4b8b0760ea277e1e3bb8c8d53c0c206d
1,20260810T073905Z_5bf09d215ce4_stage08_b03_formal_99010001,formal,20260810T073905Z,5bf09d215ce4e88193e8fa24ef97d1674204739e,true,stage08_b03_channelize_poly_scales_v1,e3e94ee7b622ff8f4120342421cfde0f8b64b27e2749f9a1a3dfbf51757df1ea,operator,channelize_poly,NA,NA,channelize_poly,channelize_poly__channelize_poly_fp32_10e2__b6e2f353c8853cdd,channelize_poly_fp32_10e2,10^2,160,x=[128];h=[32],FP32,GPU,fft_thrust,compatibility/end-to-end,PASS,OK,20,100,41,0.44875399999999999,true,b6e2f353c8853cddcf85e3c02d052280d158379ab9b9c415f42db9ed5e61d864,e238e21b021042813b76acdefec5cd1f4b8b0760ea277e1e3bb8c8d53c0c206d
1,20260810T073905Z_5bf09d215ce4_stage08_b03_formal_99010001,formal,20260810T073905Z,5bf09d215ce4e88193e8fa24ef97d1674204739e,true,stage08_b03_channelize_poly_scales_v1,e3e94ee7b622ff8f4120342421cfde0f8b64b27e2749f9a1a3dfbf51757df1ea,operator,channelize_poly,NA,NA,channelize_poly,channelize_poly__channelize_poly_fp32_10e2__b6e2f353c8853cdd,channelize_poly_fp32_10e2,10^2,160,x=[128];h=[32],FP32,GPU,fft_thrust,compatibility/end-to-end,PASS,OK,20,100,42,0.436664,true,b6e2f353c8853cddcf85e3c02d052280d158379ab9b9c415f42db9ed5e61d864,e238e21b021042813b76acdefec5cd1f4b8b0760ea277e1e3bb8c8d53c0c206d
1,20260810T073905Z_5bf09d215ce4_stage08_b03_formal_99010001,formal,20260810T073905Z,5bf09d215ce4e88193e8fa24ef97d1674204739e,true,stage08_b03_channelize_poly_scales_v1,e3e94ee7b622ff8f4120342421cfde0f8b64b27e2749f9a1a3dfbf51757df1ea,operator,channelize_poly,NA,NA,channelize_poly,channelize_poly__channelize_poly_fp32_10e2__b6e2f353c8853cdd,channelize_poly_fp32_10e2,10^2,160,x=[128];h=[32],FP32,GPU,fft_thrust,compatibility/end-to-end,PASS,OK,20,100,43,0.441274,true,b6e2f353c8853cddcf85e3c02d052280d158379ab9b9c415f42db9ed5e61d864,e238e21b021042813b76acdefec5cd1f4b8b0760ea277e1e3bb8c8d53c0c206d
1,20260810T073905Z_5bf09d215ce4_stage08_b03_formal_99010001,formal,20260810T073905Z,5bf09d215ce4e88193e8fa24ef97d1674204739e,true,stage08_b03_channelize_poly_scales_v1,e3e94ee7b622ff8f4120342421cfde0f8b64b27e2749f9a1a3dfbf51757df1ea,operator,channelize_poly,NA,NA,channelize_poly,channelize_poly__channelize_poly_fp32_10e2__b6e2f353c8853cdd,channelize_poly_fp32_10e2,10^2,160,x=[128];h=[32],FP32,GPU,fft_thrust,compatibility/end-to-end,PASS,OK,20,100,44,0.448133,true,b6e2f353c8853cddcf85e3c02d052280d158379ab9b9c415f42db9ed5e61d864,e238e21b021042813b76acdefec5cd1f4b8b0760ea277e1e3bb8c8d53c0c206d
1,20260810T073905Z_5bf09d215ce4_stage08_b03_formal_99010001,formal,20260810T073905Z,5bf09d215ce4e88193e8fa24ef97d1674204739e,true,stage08_b03_channelize_poly_scales_v1,e3e94ee7b622ff8f4120342421cfde0f8b64b27e2749f9a1a3dfbf51757df1ea,operator,channelize_poly,NA,NA,channelize_poly,channelize_poly__channelize_poly_fp32_10e2__b6e2f353c8853cdd,channelize_poly_fp32_10e2,10^2,160,x=[128];h=[32],FP32,GPU,fft_thrust,compatibility/end-to-end,PASS,OK,20,100,45,0.44102400000000003,true,b6e2f353c8853cddcf85e3c02d052280d158379ab9b9c415f42db9ed5e61d864,e238e21b021042813b76acdefec5cd1f4b8b0760ea277e1e3bb8c8d53c0c206d
1,20260810T073905Z_5bf09d215ce4_stage08_b03_formal_99010001,formal,20260810T073905Z,5bf09d215ce4e88193e8fa24ef97d1674204739e,true,stage08_b03_channelize_poly_scales_v1,e3e94ee7b622ff8f4120342421cfde0f8b64b27e2749f9a1a3dfbf51757df1ea,operator,channelize_poly,NA,NA,channelize_poly,channelize_poly__channelize_poly_fp32_10e2__b6e2f353c8853cdd,channelize_poly_fp32_10e2,10^2,160,x=[128];h=[32],FP32,GPU,fft_thrust,compatibility/end-to-end,PASS,OK,20,100,46,0.43441400000000002,true,b6e2f353c8853cddcf85e3c02d052280d158379ab9b9c415f42db9ed5e61d864,e238e21b021042813b76acdefec5cd1f4b8b0760ea277e1e3bb8c8d53c0c206d
1,20260810T073905Z_5bf09d215ce4_stage08_b03_formal_99010001,formal,20260810T073905Z,5bf09d215ce4e88193e8fa24ef97d1674204739e,true,stage08_b03_channelize_poly_scales_v1,e3e94ee7b622ff8f4120342421cfde0f8b64b27e2749f9a1a3dfbf51757df1ea,operator,channelize_poly,NA,NA,channelize_poly,channelize_poly__channelize_poly_fp32_10e2__b6e2f353c8853cdd,channelize_poly_fp32_10e2,10^2,160,x=[128];h=[32],FP32,GPU,fft_thrust,compatibility/end-to-end,PASS,OK,20,100,47,0.461144,true,b6e2f353c8853cddcf85e3c02d052280d158379ab9b9c415f42db9ed5e61d864,e238e21b021042813b76acdefec5cd1f4b8b0760ea277e1e3bb8c8d53c0c206d
1,20260810T073905Z_5bf09d215ce4_stage08_b03_formal_99010001,formal,20260810T073905Z,5bf09d215ce4e88193e8fa24ef97d1674204739e,true,stage08_b03_channelize_poly_scales_v1,e3e94ee7b622ff8f4120342421cfde0f8b64b27e2749f9a1a3dfbf51757df1ea,operator,channelize_poly,NA,NA,channelize_poly,channelize_poly__channelize_poly_fp32_10e2__b6e2f353c8853cdd,channelize_poly_fp32_10e2,10^2,160,x=[128];h=[32],FP32,GPU,fft_thrust,compatibility/end-to-end,PASS,OK,20,100,48,0.448494,true,b6e2f353c8853cddcf85e3c02d052280d158379ab9b9c415f42db9ed5e61d864,e238e21b021042813b76acdefec5cd1f4b8b0760ea277e1e3bb8c8d53c0c206d
1,20260810T073905Z_5bf09d215ce4_stage08_b03_formal_99010001,formal,20260810T073905Z,5bf09d215ce4e88193e8fa24ef97d1674204739e,true,stage08_b03_channelize_poly_scales_v1,e3e94ee7b622ff8f4120342421cfde0f8b64b27e2749f9a1a3dfbf51757df1ea,operator,channelize_poly,NA,NA,channelize_poly,channelize_poly__channelize_poly_fp32_10e2__b6e2f353c8853cdd,channelize_poly_fp32_10e2,10^2,160,x=[128];h=[32],FP32,GPU,fft_thrust,compatibility/end-to-end,PASS,OK,20,100,49,0.44057400000000002,true,b6e2f353c8853cddcf85e3c02d052280d158379ab9b9c415f42db9ed5e61d864,e238e21b021042813b76acdefec5cd1f4b8b0760ea277e1e3bb8c8d53c0c206d
1,20260810T073905Z_5bf09d215ce4_stage08_b03_formal_99010001,formal,20260810T073905Z,5bf09d215ce4e88193e8fa24ef97d1674204739e,true,stage08_b03_channelize_poly_scales_v1,e3e94ee7b622ff8f4120342421cfde0f8b64b27e2749f9a1a3dfbf51757df1ea,operator,channelize_poly,NA,NA,channelize_poly,channelize_poly__channelize_poly_fp32_10e2__b6e2f353c8853cdd,channelize_poly_fp32_10e2,10^2,160,x=[128];h=[32],FP32,GPU,fft_thrust,compatibility/end-to-end,PASS,OK,20,100,50,0.442214,true,b6e2f353c8853cddcf85e3c02d052280d158379ab9b9c415f42db9ed5e61d864,e238e21b021042813b76acdefec5cd1f4b8b0760ea277e1e3bb8c8d53c0c206d
1,20260810T073905Z_5bf09d215ce4_stage08_b03_formal_99010001,formal,20260810T073905Z,5bf09d215ce4e88193e8fa24ef97d1674204739e,true,stage08_b03_channelize_poly_scales_v1,e3e94ee7b622ff8f4120342421cfde0f8b64b27e2749f9a1a3dfbf51757df1ea,operator,channelize_poly,NA,NA,channelize_poly,channelize_poly__channelize_poly_fp32_10e2__b6e2f353c8853cdd,channelize_poly_fp32_10e2,10^2,160,x=[128];h=[32],FP32,GPU,fft_thrust,compatibility/end-to-end,PASS,OK,20,100,51,0.44350299999999998,true,b6e2f353c8853cddcf85e3c02d052280d158379ab9b9c415f42db9ed5e61d864,e238e21b021042813b76acdefec5cd1f4b8b0760ea277e1e3bb8c8d53c0c206d
1,20260810T073905Z_5bf09d215ce4_stage08_b03_formal_99010001,formal,20260810T073905Z,5bf09d215ce4e88193e8fa24ef97d1674204739e,true,stage08_b03_channelize_poly_scales_v1,e3e94ee7b622ff8f4120342421cfde0f8b64b27e2749f9a1a3dfbf51757df1ea,operator,channelize_poly,NA,NA,channelize_poly,channelize_poly__channelize_poly_fp32_10e2__b6e2f353c8853cdd,channelize_poly_fp32_10e2,10^2,160,x=[128];h=[32],FP32,GPU,fft_thrust,compatibility/end-to-end,PASS,OK,20,100,52,0.44612400000000002,true,b6e2f353c8853cddcf85e3c02d052280d158379ab9b9c415f42db9ed5e61d864,e238e21b021042813b76acdefec5cd1f4b8b0760ea277e1e3bb8c8d53c0c206d
1,20260810T073905Z_5bf09d215ce4_stage08_b03_formal_99010001,formal,20260810T073905Z,5bf09d215ce4e88193e8fa24ef97d1674204739e,true,stage08_b03_channelize_poly_scales_v1,e3e94ee7b622ff8f4120342421cfde0f8b64b27e2749f9a1a3dfbf51757df1ea,operator,channelize_poly,NA,NA,channelize_poly,channelize_poly__channelize_poly_fp32_10e2__b6e2f353c8853cdd,channelize_poly_fp32_10e2,10^2,160,x=[128];h=[32],FP32,GPU,fft_thrust,compatibility/end-to-end,PASS,OK,20,100,53,0.44856400000000002,true,b6e2f353c8853cddcf85e3c02d052280d158379ab9b9c415f42db9ed5e61d864,e238e21b021042813b76acdefec5cd1f4b8b0760ea277e1e3bb8c8d53c0c206d
1,20260810T073905Z_5bf09d215ce4_stage08_b03_formal_99010001,formal,20260810T073905Z,5bf09d215ce4e88193e8fa24ef97d1674204739e,true,stage08_b03_channelize_poly_scales_v1,e3e94ee7b622ff8f4120342421cfde0f8b64b27e2749f9a1a3dfbf51757df1ea,operator,channelize_poly,NA,NA,channelize_poly,channelize_poly__channelize_poly_fp32_10e2__b6e2f353c8853cdd,channelize_poly_fp32_10e2,10^2,160,x=[128];h=[32],FP32,GPU,fft_thrust,compatibility/end-to-end,PASS,OK,20,100,54,0.44526399999999999,true,b6e2f353c8853cddcf85e3c02d052280d158379ab9b9c415f42db9ed5e61d864,e238e21b021042813b76acdefec5cd1f4b8b0760ea277e1e3bb8c8d53c0c206d
1,20260810T073905Z_5bf09d215ce4_stage08_b03_formal_99010001,formal,20260810T073905Z,5bf09d215ce4e88193e8fa24ef97d1674204739e,true,stage08_b03_channelize_poly_scales_v1,e3e94ee7b622ff8f4120342421cfde0f8b64b27e2749f9a1a3dfbf51757df1ea,operator,channelize_poly,NA,NA,channelize_poly,channelize_poly__channelize_poly_fp32_10e2__b6e2f353c8853cdd,channelize_poly_fp32_10e2,10^2,160,x=[128];h=[32],FP32,GPU,fft_thrust,compatibility/end-to-end,PASS,OK,20,100,55,0.444604,true,b6e2f353c8853cddcf85e3c02d052280d158379ab9b9c415f42db9ed5e61d864,e238e21b021042813b76acdefec5cd1f4b8b0760ea277e1e3bb8c8d53c0c206d
1,20260810T073905Z_5bf09d215ce4_stage08_b03_formal_99010001,formal,20260810T073905Z,5bf09d215ce4e88193e8fa24ef97d1674204739e,true,stage08_b03_channelize_poly_scales_v1,e3e94ee7b622ff8f4120342421cfde0f8b64b27e2749f9a1a3dfbf51757df1ea,operator,channelize_poly,NA,NA,channelize_poly,channelize_poly__channelize_poly_fp32_10e2__b6e2f353c8853cdd,channelize_poly_fp32_10e2,10^2,160,x=[128];h=[32],FP32,GPU,fft_thrust,compatibility/end-to-end,PASS,OK,20,100,56,0.56961499999999998,true,b6e2f353c8853cddcf85e3c02d052280d158379ab9b9c415f42db9ed5e61d864,e238e21b021042813b76acdefec5cd1f4b8b0760ea277e1e3bb8c8d53c0c206d
1,20260810T073905Z_5bf09d215ce4_stage08_b03_formal_99010001,formal,20260810T073905Z,5bf09d215ce4e88193e8fa24ef97d1674204739e,true,stage08_b03_channelize_poly_scales_v1,e3e94ee7b622ff8f4120342421cfde0f8b64b27e2749f9a1a3dfbf51757df1ea,operator,channelize_poly,NA,NA,channelize_poly,channelize_poly__channelize_poly_fp32_10e2__b6e2f353c8853cdd,channelize_poly_fp32_10e2,10^2,160,x=[128];h=[32],FP32,GPU,fft_thrust,compatibility/end-to-end,PASS,OK,20,100,57,0.45450400000000002,true,b6e2f353c8853cddcf85e3c02d052280d158379ab9b9c415f42db9ed5e61d864,e238e21b021042813b76acdefec5cd1f4b8b0760ea277e1e3bb8c8d53c0c206d
1,20260810T073905Z_5bf09d215ce4_stage08_b03_formal_99010001,formal,20260810T073905Z,5bf09d215ce4e88193e8fa24ef97d1674204739e,true,stage08_b03_channelize_poly_scales_v1,e3e94ee7b622ff8f4120342421cfde0f8b64b27e2749f9a1a3dfbf51757df1ea,operator,channelize_poly,NA,NA,channelize_poly,channelize_poly__channelize_poly_fp32_10e2__b6e2f353c8853cdd,channelize_poly_fp32_10e2,10^2,160,x=[128];h=[32],FP32,GPU,fft_thrust,compatibility/end-to-end,PASS,OK,20,100,58,0.43607400000000002,true,b6e2f353c8853cddcf85e3c02d052280d158379ab9b9c415f42db9ed5e61d864,e238e21b021042813b76acdefec5cd1f4b8b0760ea277e1e3bb8c8d53c0c206d
1,20260810T073905Z_5bf09d215ce4_stage08_b03_formal_99010001,formal,20260810T073905Z,5bf09d215ce4e88193e8fa24ef97d1674204739e,true,stage08_b03_channelize_poly_scales_v1,e3e94ee7b622ff8f4120342421cfde0f8b64b27e2749f9a1a3dfbf51757df1ea,operator,channelize_poly,NA,NA,channelize_poly,channelize_poly__channelize_poly_fp32_10e2__b6e2f353c8853cdd,channelize_poly_fp32_10e2,10^2,160,x=[128];h=[32],FP32,GPU,fft_thrust,compatibility/end-to-end,PASS,OK,20,100,59,0.44452399999999997,true,b6e2f353c8853cddcf85e3c02d052280d158379ab9b9c415f42db9ed5e61d864,e238e21b021042813b76acdefec5cd1f4b8b0760ea277e1e3bb8c8d53c0c206d
1,20260810T073905Z_5bf09d215ce4_stage08_b03_formal_99010001,formal,20260810T073905Z,5bf09d215ce4e88193e8fa24ef97d1674204739e,true,stage08_b03_channelize_poly_scales_v1,e3e94ee7b622ff8f4120342421cfde0f8b64b27e2749f9a1a3dfbf51757df1ea,operator,channelize_poly,NA,NA,channelize_poly,channelize_poly__channelize_poly_fp32_10e2__b6e2f353c8853cdd,channelize_poly_fp32_10e2,10^2,160,x=[128];h=[32],FP32,GPU,fft_thrust,compatibility/end-to-end,PASS,OK,20,100,60,0.44262400000000002,true,b6e2f353c8853cddcf85e3c02d052280d158379ab9b9c415f42db9ed5e61d864,e238e21b021042813b76acdefec5cd1f4b8b0760ea277e1e3bb8c8d53c0c206d
1,20260810T073905Z_5bf09d215ce4_stage08_b03_formal_99010001,formal,20260810T073905Z,5bf09d215ce4e88193e8fa24ef97d1674204739e,true,stage08_b03_channelize_poly_scales_v1,e3e94ee7b622ff8f4120342421cfde0f8b64b27e2749f9a1a3dfbf51757df1ea,operator,channelize_poly,NA,NA,channelize_poly,channelize_poly__channelize_poly_fp32_10e2__b6e2f353c8853cdd,channelize_poly_fp32_10e2,10^2,160,x=[128];h=[32],FP32,GPU,fft_thrust,compatibility/end-to-end,PASS,OK,20,100,61,0.447403,true,b6e2f353c8853cddcf85e3c02d052280d158379ab9b9c415f42db9ed5e61d864,e238e21b021042813b76acdefec5cd1f4b8b0760ea277e1e3bb8c8d53c0c206d
1,20260810T073905Z_5bf09d215ce4_stage08_b03_formal_99010001,formal,20260810T073905Z,5bf09d215ce4e88193e8fa24ef97d1674204739e,true,stage08_b03_channelize_poly_scales_v1,e3e94ee7b622ff8f4120342421cfde0f8b64b27e2749f9a1a3dfbf51757df1ea,operator,channelize_poly,NA,NA,channelize_poly,channelize_poly__channelize_poly_fp32_10e2__b6e2f353c8853cdd,channelize_poly_fp32_10e2,10^2,160,x=[128];h=[32],FP32,GPU,fft_thrust,compatibility/end-to-end,PASS,OK,20,100,62,0.43621399999999999,true,b6e2f353c8853cddcf85e3c02d052280d158379ab9b9c415f42db9ed5e61d864,e238e21b021042813b76acdefec5cd1f4b8b0760ea277e1e3bb8c8d53c0c206d
1,20260810T073905Z_5bf09d215ce4_stage08_b03_formal_99010001,formal,20260810T073905Z,5bf09d215ce4e88193e8fa24ef97d1674204739e,true,stage08_b03_channelize_poly_scales_v1,e3e94ee7b622ff8f4120342421cfde0f8b64b27e2749f9a1a3dfbf51757df1ea,operator,channelize_poly,NA,NA,channelize_poly,channelize_poly__channelize_poly_fp32_10e2__b6e2f353c8853cdd,channelize_poly_fp32_10e2,10^2,160,x=[128];h=[32],FP32,GPU,fft_thrust,compatibility/end-to-end,PASS,OK,20,100,63,0.44730399999999998,true,b6e2f353c8853cddcf85e3c02d052280d158379ab9b9c415f42db9ed5e61d864,e238e21b021042813b76acdefec5cd1f4b8b0760ea277e1e3bb8c8d53c0c206d
1,20260810T073905Z_5bf09d215ce4_stage08_b03_formal_99010001,formal,20260810T073905Z,5bf09d215ce4e88193e8fa24ef97d1674204739e,true,stage08_b03_channelize_poly_scales_v1,e3e94ee7b622ff8f4120342421cfde0f8b64b27e2749f9a1a3dfbf51757df1ea,operator,channelize_poly,NA,NA,channelize_poly,channelize_poly__channelize_poly_fp32_10e2__b6e2f353c8853cdd,channelize_poly_fp32_10e2,10^2,160,x=[128];h=[32],FP32,GPU,fft_thrust,compatibility/end-to-end,PASS,OK,20,100,64,0.44335400000000003,true,b6e2f353c8853cddcf85e3c02d052280d158379ab9b9c415f42db9ed5e61d864,e238e21b021042813b76acdefec5cd1f4b8b0760ea277e1e3bb8c8d53c0c206d
1,20260810T073905Z_5bf09d215ce4_stage08_b03_formal_99010001,formal,20260810T073905Z,5bf09d215ce4e88193e8fa24ef97d1674204739e,true,stage08_b03_channelize_poly_scales_v1,e3e94ee7b622ff8f4120342421cfde0f8b64b27e2749f9a1a3dfbf51757df1ea,operator,channelize_poly,NA,NA,channelize_poly,channelize_poly__channelize_poly_fp32_10e2__b6e2f353c8853cdd,channelize_poly_fp32_10e2,10^2,160,x=[128];h=[32],FP32,GPU,fft_thrust,compatibility/end-to-end,PASS,OK,20,100,65,0.458984,true,b6e2f353c8853cddcf85e3c02d052280d158379ab9b9c415f42db9ed5e61d864,e238e21b021042813b76acdefec5cd1f4b8b0760ea277e1e3bb8c8d53c0c206d
1,20260810T073905Z_5bf09d215ce4_stage08_b03_formal_99010001,formal,20260810T073905Z,5bf09d215ce4e88193e8fa24ef97d1674204739e,true,stage08_b03_channelize_poly_scales_v1,e3e94ee7b622ff8f4120342421cfde0f8b64b27e2749f9a1a3dfbf51757df1ea,operator,channelize_poly,NA,NA,channelize_poly,channelize_poly__channelize_poly_fp32_10e2__b6e2f353c8853cdd,channelize_poly_fp32_10e2,10^2,160,x=[128];h=[32],FP32,GPU,fft_thrust,compatibility/end-to-end,PASS,OK,20,100,66,0.44539400000000001,true,b6e2f353c8853cddcf85e3c02d052280d158379ab9b9c415f42db9ed5e61d864,e238e21b021042813b76acdefec5cd1f4b8b0760ea277e1e3bb8c8d53c0c206d
1,20260810T073905Z_5bf09d215ce4_stage08_b03_formal_99010001,formal,20260810T073905Z,5bf09d215ce4e88193e8fa24ef97d1674204739e,true,stage08_b03_channelize_poly_scales_v1,e3e94ee7b622ff8f4120342421cfde0f8b64b27e2749f9a1a3dfbf51757df1ea,operator,channelize_poly,NA,NA,channelize_poly,channelize_poly__channelize_poly_fp32_10e2__b6e2f353c8853cdd,channelize_poly_fp32_10e2,10^2,160,x=[128];h=[32],FP32,GPU,fft_thrust,compatibility/end-to-end,PASS,OK,20,100,67,0.45086399999999999,true,b6e2f353c8853cddcf85e3c02d052280d158379ab9b9c415f42db9ed5e61d864,e238e21b021042813b76acdefec5cd1f4b8b0760ea277e1e3bb8c8d53c0c206d
1,20260810T073905Z_5bf09d215ce4_stage08_b03_formal_99010001,formal,20260810T073905Z,5bf09d215ce4e88193e8fa24ef97d1674204739e,true,stage08_b03_channelize_poly_scales_v1,e3e94ee7b622ff8f4120342421cfde0f8b64b27e2749f9a1a3dfbf51757df1ea,operator,channelize_poly,NA,NA,channelize_poly,channelize_poly__channelize_poly_fp32_10e2__b6e2f353c8853cdd,channelize_poly_fp32_10e2,10^2,160,x=[128];h=[32],FP32,GPU,fft_thrust,compatibility/end-to-end,PASS,OK,20,100,68,0.45372400000000002,true,b6e2f353c8853cddcf85e3c02d052280d158379ab9b9c415f42db9ed5e61d864,e238e21b021042813b76acdefec5cd1f4b8b0760ea277e1e3bb8c8d53c0c206d
1,20260810T073905Z_5bf09d215ce4_stage08_b03_formal_99010001,formal,20260810T073905Z,5bf09d215ce4e88193e8fa24ef97d1674204739e,true,stage08_b03_channelize_poly_scales_v1,e3e94ee7b622ff8f4120342421cfde0f8b64b27e2749f9a1a3dfbf51757df1ea,operator,channelize_poly,NA,NA,channelize_poly,channelize_poly__channelize_poly_fp32_10e2__b6e2f353c8853cdd,channelize_poly_fp32_10e2,10^2,160,x=[128];h=[32],FP32,GPU,fft_thrust,compatibility/end-to-end,PASS,OK,20,100,69,0.44539400000000001,true,b6e2f353c8853cddcf85e3c02d052280d158379ab9b9c415f42db9ed5e61d864,e238e21b021042813b76acdefec5cd1f4b8b0760ea277e1e3bb8c8d53c0c206d
1,20260810T073905Z_5bf09d215ce4_stage08_b03_formal_99010001,formal,20260810T073905Z,5bf09d215ce4e88193e8fa24ef97d1674204739e,true,stage08_b03_channelize_poly_scales_v1,e3e94ee7b622ff8f4120342421cfde0f8b64b27e2749f9a1a3dfbf51757df1ea,operator,channelize_poly,NA,NA,channelize_poly,channelize_poly__channelize_poly_fp32_10e2__b6e2f353c8853cdd,channelize_poly_fp32_10e2,10^2,160,x=[128];h=[32],FP32,GPU,fft_thrust,compatibility/end-to-end,PASS,OK,20,100,70,0.42991400000000002,true,b6e2f353c8853cddcf85e3c02d052280d158379ab9b9c415f42db9ed5e61d864,e238e21b021042813b76acdefec5cd1f4b8b0760ea277e1e3bb8c8d53c0c206d
1,20260810T073905Z_5bf09d215ce4_stage08_b03_formal_99010001,formal,20260810T073905Z,5bf09d215ce4e88193e8fa24ef97d1674204739e,true,stage08_b03_channelize_poly_scales_v1,e3e94ee7b622ff8f4120342421cfde0f8b64b27e2749f9a1a3dfbf51757df1ea,operator,channelize_poly,NA,NA,channelize_poly,channelize_poly__channelize_poly_fp32_10e2__b6e2f353c8853cdd,channelize_poly_fp32_10e2,10^2,160,x=[128];h=[32],FP32,GPU,fft_thrust,compatibility/end-to-end,PASS,OK,20,100,71,0.44333299999999998,true,b6e2f353c8853cddcf85e3c02d052280d158379ab9b9c415f42db9ed5e61d864,e238e21b021042813b76acdefec5cd1f4b8b0760ea277e1e3bb8c8d53c0c206d
1,20260810T073905Z_5bf09d215ce4_stage08_b03_formal_99010001,formal,20260810T073905Z,5bf09d215ce4e88193e8fa24ef97d1674204739e,true,stage08_b03_channelize_poly_scales_v1,e3e94ee7b622ff8f4120342421cfde0f8b64b27e2749f9a1a3dfbf51757df1ea,operator,channelize_poly,NA,NA,channelize_poly,channelize_poly__channelize_poly_fp32_10e2__b6e2f353c8853cdd,channelize_poly_fp32_10e2,10^2,160,x=[128];h=[32],FP32,GPU,fft_thrust,compatibility/end-to-end,PASS,OK,20,100,72,0.43549399999999999,true,b6e2f353c8853cddcf85e3c02d052280d158379ab9b9c415f42db9ed5e61d864,e238e21b021042813b76acdefec5cd1f4b8b0760ea277e1e3bb8c8d53c0c206d
1,20260810T073905Z_5bf09d215ce4_stage08_b03_formal_99010001,formal,20260810T073905Z,5bf09d215ce4e88193e8fa24ef97d1674204739e,true,stage08_b03_channelize_poly_scales_v1,e3e94ee7b622ff8f4120342421cfde0f8b64b27e2749f9a1a3dfbf51757df1ea,operator,channelize_poly,NA,NA,channelize_poly,channelize_poly__channelize_poly_fp32_10e2__b6e2f353c8853cdd,channelize_poly_fp32_10e2,10^2,160,x=[128];h=[32],FP32,GPU,fft_thrust,compatibility/end-to-end,PASS,OK,20,100,73,0.45109399999999999,true,b6e2f353c8853cddcf85e3c02d052280d158379ab9b9c415f42db9ed5e61d864,e238e21b021042813b76acdefec5cd1f4b8b0760ea277e1e3bb8c8d53c0c206d
1,20260810T073905Z_5bf09d215ce4_stage08_b03_formal_99010001,formal,20260810T073905Z,5bf09d215ce4e88193e8fa24ef97d1674204739e,true,stage08_b03_channelize_poly_scales_v1,e3e94ee7b622ff8f4120342421cfde0f8b64b27e2749f9a1a3dfbf51757df1ea,operator,channelize_poly,NA,NA,channelize_poly,channelize_poly__channelize_poly_fp32_10e2__b6e2f353c8853cdd,channelize_poly_fp32_10e2,10^2,160,x=[128];h=[32],FP32,GPU,fft_thrust,compatibility/end-to-end,PASS,OK,20,100,74,0.44951400000000002,true,b6e2f353c8853cddcf85e3c02d052280d158379ab9b9c415f42db9ed5e61d864,e238e21b021042813b76acdefec5cd1f4b8b0760ea277e1e3bb8c8d53c0c206d
1,20260810T073905Z_5bf09d215ce4_stage08_b03_formal_99010001,formal,20260810T073905Z,5bf09d215ce4e88193e8fa24ef97d1674204739e,true,stage08_b03_channelize_poly_scales_v1,e3e94ee7b622ff8f4120342421cfde0f8b64b27e2749f9a1a3dfbf51757df1ea,operator,channelize_poly,NA,NA,channelize_poly,channelize_poly__channelize_poly_fp32_10e2__b6e2f353c8853cdd,channelize_poly_fp32_10e2,10^2,160,x=[128];h=[32],FP32,GPU,fft_thrust,compatibility/end-to-end,PASS,OK,20,100,75,0.44439400000000001,true,b6e2f353c8853cddcf85e3c02d052280d158379ab9b9c415f42db9ed5e61d864,e238e21b021042813b76acdefec5cd1f4b8b0760ea277e1e3bb8c8d53c0c206d
1,20260810T073905Z_5bf09d215ce4_stage08_b03_formal_99010001,formal,20260810T073905Z,5bf09d215ce4e88193e8fa24ef97d1674204739e,true,stage08_b03_channelize_poly_scales_v1,e3e94ee7b622ff8f4120342421cfde0f8b64b27e2749f9a1a3dfbf51757df1ea,operator,channelize_poly,NA,NA,channelize_poly,channelize_poly__channelize_poly_fp32_10e2__b6e2f353c8853cdd,channelize_poly_fp32_10e2,10^2,160,x=[128];h=[32],FP32,GPU,fft_thrust,compatibility/end-to-end,PASS,OK,20,100,76,0.43624400000000002,true,b6e2f353c8853cddcf85e3c02d052280d158379ab9b9c415f42db9ed5e61d864,e238e21b021042813b76acdefec5cd1f4b8b0760ea277e1e3bb8c8d53c0c206d
1,20260810T073905Z_5bf09d215ce4_stage08_b03_formal_99010001,formal,20260810T073905Z,5bf09d215ce4e88193e8fa24ef97d1674204739e,true,stage08_b03_channelize_poly_scales_v1,e3e94ee7b622ff8f4120342421cfde0f8b64b27e2749f9a1a3dfbf51757df1ea,operator,channelize_poly,NA,NA,channelize_poly,channelize_poly__channelize_poly_fp32_10e2__b6e2f353c8853cdd,channelize_poly_fp32_10e2,10^2,160,x=[128];h=[32],FP32,GPU,fft_thrust,compatibility/end-to-end,PASS,OK,20,100,77,0.44766400000000001,true,b6e2f353c8853cddcf85e3c02d052280d158379ab9b9c415f42db9ed5e61d864,e238e21b021042813b76acdefec5cd1f4b8b0760ea277e1e3bb8c8d53c0c206d
1,20260810T073905Z_5bf09d215ce4_stage08_b03_formal_99010001,formal,20260810T073905Z,5bf09d215ce4e88193e8fa24ef97d1674204739e,true,stage08_b03_channelize_poly_scales_v1,e3e94ee7b622ff8f4120342421cfde0f8b64b27e2749f9a1a3dfbf51757df1ea,operator,channelize_poly,NA,NA,channelize_poly,channelize_poly__channelize_poly_fp32_10e2__b6e2f353c8853cdd,channelize_poly_fp32_10e2,10^2,160,x=[128];h=[32],FP32,GPU,fft_thrust,compatibility/end-to-end,PASS,OK,20,100,78,0.445434,true,b6e2f353c8853cddcf85e3c02d052280d158379ab9b9c415f42db9ed5e61d864,e238e21b021042813b76acdefec5cd1f4b8b0760ea277e1e3bb8c8d53c0c206d
1,20260810T073905Z_5bf09d215ce4_stage08_b03_formal_99010001,formal,20260810T073905Z,5bf09d215ce4e88193e8fa24ef97d1674204739e,true,stage08_b03_channelize_poly_scales_v1,e3e94ee7b622ff8f4120342421cfde0f8b64b27e2749f9a1a3dfbf51757df1ea,operator,channelize_poly,NA,NA,channelize_poly,channelize_poly__channelize_poly_fp32_10e2__b6e2f353c8853cdd,channelize_poly_fp32_10e2,10^2,160,x=[128];h=[32],FP32,GPU,fft_thrust,compatibility/end-to-end,PASS,OK,20,100,79,0.44540400000000002,true,b6e2f353c8853cddcf85e3c02d052280d158379ab9b9c415f42db9ed5e61d864,e238e21b021042813b76acdefec5cd1f4b8b0760ea277e1e3bb8c8d53c0c206d
1,20260810T073905Z_5bf09d215ce4_stage08_b03_formal_99010001,formal,20260810T073905Z,5bf09d215ce4e88193e8fa24ef97d1674204739e,true,stage08_b03_channelize_poly_scales_v1,e3e94ee7b622ff8f4120342421cfde0f8b64b27e2749f9a1a3dfbf51757df1ea,operator,channelize_poly,NA,NA,channelize_poly,channelize_poly__channelize_poly_fp32_10e2__b6e2f353c8853cdd,channelize_poly_fp32_10e2,10^2,160,x=[128];h=[32],FP32,GPU,fft_thrust,compatibility/end-to-end,PASS,OK,20,100,80,0.43115300000000001,true,b6e2f353c8853cddcf85e3c02d052280d158379ab9b9c415f42db9ed5e61d864,e238e21b021042813b76acdefec5cd1f4b8b0760ea277e1e3bb8c8d53c0c206d
1,20260810T073905Z_5bf09d215ce4_stage08_b03_formal_99010001,formal,20260810T073905Z,5bf09d215ce4e88193e8fa24ef97d1674204739e,true,stage08_b03_channelize_poly_scales_v1,e3e94ee7b622ff8f4120342421cfde0f8b64b27e2749f9a1a3dfbf51757df1ea,operator,channelize_poly,NA,NA,channelize_poly,channelize_poly__channelize_poly_fp32_10e2__b6e2f353c8853cdd,channelize_poly_fp32_10e2,10^2,160,x=[128];h=[32],FP32,GPU,fft_thrust,compatibility/end-to-end,PASS,OK,20,100,81,0.43730400000000003,true,b6e2f353c8853cddcf85e3c02d052280d158379ab9b9c415f42db9ed5e61d864,e238e21b021042813b76acdefec5cd1f4b8b0760ea277e1e3bb8c8d53c0c206d
1,20260810T073905Z_5bf09d215ce4_stage08_b03_formal_99010001,formal,20260810T073905Z,5bf09d215ce4e88193e8fa24ef97d1674204739e,true,stage08_b03_channelize_poly_scales_v1,e3e94ee7b622ff8f4120342421cfde0f8b64b27e2749f9a1a3dfbf51757df1ea,operator,channelize_poly,NA,NA,channelize_poly,channelize_poly__channelize_poly_fp32_10e2__b6e2f353c8853cdd,channelize_poly_fp32_10e2,10^2,160,x=[128];h=[32],FP32,GPU,fft_thrust,compatibility/end-to-end,PASS,OK,20,100,82,0.43624400000000002,true,b6e2f353c8853cddcf85e3c02d052280d158379ab9b9c415f42db9ed5e61d864,e238e21b021042813b76acdefec5cd1f4b8b0760ea277e1e3bb8c8d53c0c206d
1,20260810T073905Z_5bf09d215ce4_stage08_b03_formal_99010001,formal,20260810T073905Z,5bf09d215ce4e88193e8fa24ef97d1674204739e,true,stage08_b03_channelize_poly_scales_v1,e3e94ee7b622ff8f4120342421cfde0f8b64b27e2749f9a1a3dfbf51757df1ea,operator,channelize_poly,NA,NA,channelize_poly,channelize_poly__channelize_poly_fp32_10e2__b6e2f353c8853cdd,channelize_poly_fp32_10e2,10^2,160,x=[128];h=[32],FP32,GPU,fft_thrust,compatibility/end-to-end,PASS,OK,20,100,83,0.467804,true,b6e2f353c8853cddcf85e3c02d052280d158379ab9b9c415f42db9ed5e61d864,e238e21b021042813b76acdefec5cd1f4b8b0760ea277e1e3bb8c8d53c0c206d
1,20260810T073905Z_5bf09d215ce4_stage08_b03_formal_99010001,formal,20260810T073905Z,5bf09d215ce4e88193e8fa24ef97d1674204739e,true,stage08_b03_channelize_poly_scales_v1,e3e94ee7b622ff8f4120342421cfde0f8b64b27e2749f9a1a3dfbf51757df1ea,operator,channelize_poly,NA,NA,channelize_poly,channelize_poly__channelize_poly_fp32_10e2__b6e2f353c8853cdd,channelize_poly_fp32_10e2,10^2,160,x=[128];h=[32],FP32,GPU,fft_thrust,compatibility/end-to-end,PASS,OK,20,100,84,0.44667400000000002,true,b6e2f353c8853cddcf85e3c02d052280d158379ab9b9c415f42db9ed5e61d864,e238e21b021042813b76acdefec5cd1f4b8b0760ea277e1e3bb8c8d53c0c206d
1,20260810T073905Z_5bf09d215ce4_stage08_b03_formal_99010001,formal,20260810T073905Z,5bf09d215ce4e88193e8fa24ef97d1674204739e,true,stage08_b03_channelize_poly_scales_v1,e3e94ee7b622ff8f4120342421cfde0f8b64b27e2749f9a1a3dfbf51757df1ea,operator,channelize_poly,NA,NA,channelize_poly,channelize_poly__channelize_poly_fp32_10e2__b6e2f353c8853cdd,channelize_poly_fp32_10e2,10^2,160,x=[128];h=[32],FP32,GPU,fft_thrust,compatibility/end-to-end,PASS,OK,20,100,85,0.447654,true,b6e2f353c8853cddcf85e3c02d052280d158379ab9b9c415f42db9ed5e61d864,e238e21b021042813b76acdefec5cd1f4b8b0760ea277e1e3bb8c8d53c0c206d
1,20260810T073905Z_5bf09d215ce4_stage08_b03_formal_99010001,formal,20260810T073905Z,5bf09d215ce4e88193e8fa24ef97d1674204739e,true,stage08_b03_channelize_poly_scales_v1,e3e94ee7b622ff8f4120342421cfde0f8b64b27e2749f9a1a3dfbf51757df1ea,operator,channelize_poly,NA,NA,channelize_poly,channelize_poly__channelize_poly_fp32_10e2__b6e2f353c8853cdd,channelize_poly_fp32_10e2,10^2,160,x=[128];h=[32],FP32,GPU,fft_thrust,compatibility/end-to-end,PASS,OK,20,100,86,0.443573,true,b6e2f353c8853cddcf85e3c02d052280d158379ab9b9c415f42db9ed5e61d864,e238e21b021042813b76acdefec5cd1f4b8b0760ea277e1e3bb8c8d53c0c206d
1,20260810T073905Z_5bf09d215ce4_stage08_b03_formal_99010001,formal,20260810T073905Z,5bf09d215ce4e88193e8fa24ef97d1674204739e,true,stage08_b03_channelize_poly_scales_v1,e3e94ee7b622ff8f4120342421cfde0f8b64b27e2749f9a1a3dfbf51757df1ea,operator,channelize_poly,NA,NA,channelize_poly,channelize_poly__channelize_poly_fp32_10e2__b6e2f353c8853cdd,channelize_poly_fp32_10e2,10^2,160,x=[128];h=[32],FP32,GPU,fft_thrust,compatibility/end-to-end,PASS,OK,20,100,87,0.45279399999999997,true,b6e2f353c8853cddcf85e3c02d052280d158379ab9b9c415f42db9ed5e61d864,e238e21b021042813b76acdefec5cd1f4b8b0760ea277e1e3bb8c8d53c0c206d
1,20260810T073905Z_5bf09d215ce4_stage08_b03_formal_99010001,formal,20260810T073905Z,5bf09d215ce4e88193e8fa24ef97d1674204739e,true,stage08_b03_channelize_poly_scales_v1,e3e94ee7b622ff8f4120342421cfde0f8b64b27e2749f9a1a3dfbf51757df1ea,operator,channelize_poly,NA,NA,channelize_poly,channelize_poly__channelize_poly_fp32_10e2__b6e2f353c8853cdd,channelize_poly_fp32_10e2,10^2,160,x=[128];h=[32],FP32,GPU,fft_thrust,compatibility/end-to-end,PASS,OK,20,100,88,0.44664399999999999,true,b6e2f353c8853cddcf85e3c02d052280d158379ab9b9c415f42db9ed5e61d864,e238e21b021042813b76acdefec5cd1f4b8b0760ea277e1e3bb8c8d53c0c206d
1,20260810T073905Z_5bf09d215ce4_stage08_b03_formal_99010001,formal,20260810T073905Z,5bf09d215ce4e88193e8fa24ef97d1674204739e,true,stage08_b03_channelize_poly_scales_v1,e3e94ee7b622ff8f4120342421cfde0f8b64b27e2749f9a1a3dfbf51757df1ea,operator,channelize_poly,NA,NA,channelize_poly,channelize_poly__channelize_poly_fp32_10e2__b6e2f353c8853cdd,channelize_poly_fp32_10e2,10^2,160,x=[128];h=[32],FP32,GPU,fft_thrust,compatibility/end-to-end,PASS,OK,20,100,89,0.44707400000000003,true,b6e2f353c8853cddcf85e3c02d052280d158379ab9b9c415f42db9ed5e61d864,e238e21b021042813b76acdefec5cd1f4b8b0760ea277e1e3bb8c8d53c0c206d
1,20260810T073905Z_5bf09d215ce4_stage08_b03_formal_99010001,formal,20260810T073905Z,5bf09d215ce4e88193e8fa24ef97d1674204739e,true,stage08_b03_channelize_poly_scales_v1,e3e94ee7b622ff8f4120342421cfde0f8b64b27e2749f9a1a3dfbf51757df1ea,operator,channelize_poly,NA,NA,channelize_poly,channelize_poly__channelize_poly_fp32_10e2__b6e2f353c8853cdd,channelize_poly_fp32_10e2,10^2,160,x=[128];h=[32],FP32,GPU,fft_thrust,compatibility/end-to-end,PASS,OK,20,100,90,0.44274400000000003,true,b6e2f353c8853cddcf85e3c02d052280d158379ab9b9c415f42db9ed5e61d864,e238e21b021042813b76acdefec5cd1f4b8b0760ea277e1e3bb8c8d53c0c206d
1,20260810T073905Z_5bf09d215ce4_stage08_b03_formal_99010001,formal,20260810T073905Z,5bf09d215ce4e88193e8fa24ef97d1674204739e,true,stage08_b03_channelize_poly_scales_v1,e3e94ee7b622ff8f4120342421cfde0f8b64b27e2749f9a1a3dfbf51757df1ea,operator,channelize_poly,NA,NA,channelize_poly,channelize_poly__channelize_poly_fp32_10e2__b6e2f353c8853cdd,channelize_poly_fp32_10e2,10^2,160,x=[128];h=[32],FP32,GPU,fft_thrust,compatibility/end-to-end,PASS,OK,20,100,91,0.44564399999999998,true,b6e2f353c8853cddcf85e3c02d052280d158379ab9b9c415f42db9ed5e61d864,e238e21b021042813b76acdefec5cd1f4b8b0760ea277e1e3bb8c8d53c0c206d
1,20260810T073905Z_5bf09d215ce4_stage08_b03_formal_99010001,formal,20260810T073905Z,5bf09d215ce4e88193e8fa24ef97d1674204739e,true,stage08_b03_channelize_poly_scales_v1,e3e94ee7b622ff8f4120342421cfde0f8b64b27e2749f9a1a3dfbf51757df1ea,operator,channelize_poly,NA,NA,channelize_poly,channelize_poly__channelize_poly_fp32_10e2__b6e2f353c8853cdd,channelize_poly_fp32_10e2,10^2,160,x=[128];h=[32],FP32,GPU,fft_thrust,compatibility/end-to-end,PASS,OK,20,100,92,0.45234400000000002,true,b6e2f353c8853cddcf85e3c02d052280d158379ab9b9c415f42db9ed5e61d864,e238e21b021042813b76acdefec5cd1f4b8b0760ea277e1e3bb8c8d53c0c206d
1,20260810T073905Z_5bf09d215ce4_stage08_b03_formal_99010001,formal,20260810T073905Z,5bf09d215ce4e88193e8fa24ef97d1674204739e,true,stage08_b03_channelize_poly_scales_v1,e3e94ee7b622ff8f4120342421cfde0f8b64b27e2749f9a1a3dfbf51757df1ea,operator,channelize_poly,NA,NA,channelize_poly,channelize_poly__channelize_poly_fp32_10e2__b6e2f353c8853cdd,channelize_poly_fp32_10e2,10^2,160,x=[128];h=[32],FP32,GPU,fft_thrust,compatibility/end-to-end,PASS,OK,20,100,93,0.44279299999999999,true,b6e2f353c8853cddcf85e3c02d052280d158379ab9b9c415f42db9ed5e61d864,e238e21b021042813b76acdefec5cd1f4b8b0760ea277e1e3bb8c8d53c0c206d
1,20260810T073905Z_5bf09d215ce4_stage08_b03_formal_99010001,formal,20260810T073905Z,5bf09d215ce4e88193e8fa24ef97d1674204739e,true,stage08_b03_channelize_poly_scales_v1,e3e94ee7b622ff8f4120342421cfde0f8b64b27e2749f9a1a3dfbf51757df1ea,operator,channelize_poly,NA,NA,channelize_poly,channelize_poly__channelize_poly_fp32_10e2__b6e2f353c8853cdd,channelize_poly_fp32_10e2,10^2,160,x=[128];h=[32],FP32,GPU,fft_thrust,compatibility/end-to-end,PASS,OK,20,100,94,0.44842399999999999,true,b6e2f353c8853cddcf85e3c02d052280d158379ab9b9c415f42db9ed5e61d864,e238e21b021042813b76acdefec5cd1f4b8b0760ea277e1e3bb8c8d53c0c206d
1,20260810T073905Z_5bf09d215ce4_stage08_b03_formal_99010001,formal,20260810T073905Z,5bf09d215ce4e88193e8fa24ef97d1674204739e,true,stage08_b03_channelize_poly_scales_v1,e3e94ee7b622ff8f4120342421cfde0f8b64b27e2749f9a1a3dfbf51757df1ea,operator,channelize_poly,NA,NA,channelize_poly,channelize_poly__channelize_poly_fp32_10e2__b6e2f353c8853cdd,channelize_poly_fp32_10e2,10^2,160,x=[128];h=[32],FP32,GPU,fft_thrust,compatibility/end-to-end,PASS,OK,20,100,95,0.43691400000000002,true,b6e2f353c8853cddcf85e3c02d052280d158379ab9b9c415f42db9ed5e61d864,e238e21b021042813b76acdefec5cd1f4b8b0760ea277e1e3bb8c8d53c0c206d
1,20260810T073905Z_5bf09d215ce4_stage08_b03_formal_99010001,formal,20260810T073905Z,5bf09d215ce4e88193e8fa24ef97d1674204739e,true,stage08_b03_channelize_poly_scales_v1,e3e94ee7b622ff8f4120342421cfde0f8b64b27e2749f9a1a3dfbf51757df1ea,operator,channelize_poly,NA,NA,channelize_poly,channelize_poly__channelize_poly_fp32_10e2__b6e2f353c8853cdd,channelize_poly_fp32_10e2,10^2,160,x=[128];h=[32],FP32,GPU,fft_thrust,compatibility/end-to-end,PASS,OK,20,100,96,0.447544,true,b6e2f353c8853cddcf85e3c02d052280d158379ab9b9c415f42db9ed5e61d864,e238e21b021042813b76acdefec5cd1f4b8b0760ea277e1e3bb8c8d53c0c206d
1,20260810T073905Z_5bf09d215ce4_stage08_b03_formal_99010001,formal,20260810T073905Z,5bf09d215ce4e88193e8fa24ef97d1674204739e,true,stage08_b03_channelize_poly_scales_v1,e3e94ee7b622ff8f4120342421cfde0f8b64b27e2749f9a1a3dfbf51757df1ea,operator,channelize_poly,NA,NA,channelize_poly,channelize_poly__channelize_poly_fp32_10e2__b6e2f353c8853cdd,channelize_poly_fp32_10e2,10^2,160,x=[128];h=[32],FP32,GPU,fft_thrust,compatibility/end-to-end,PASS,OK,20,100,97,0.44658399999999998,true,b6e2f353c8853cddcf85e3c02d052280d158379ab9b9c415f42db9ed5e61d864,e238e21b021042813b76acdefec5cd1f4b8b0760ea277e1e3bb8c8d53c0c206d
1,20260810T073905Z_5bf09d215ce4_stage08_b03_formal_99010001,formal,20260810T073905Z,5bf09d215ce4e88193e8fa24ef97d1674204739e,true,stage08_b03_channelize_poly_scales_v1,e3e94ee7b622ff8f4120342421cfde0f8b64b27e2749f9a1a3dfbf51757df1ea,operator,channelize_poly,NA,NA,channelize_poly,channelize_poly__channelize_poly_fp32_10e2__b6e2f353c8853cdd,channelize_poly_fp32_10e2,10^2,160,x=[128];h=[32],FP32,GPU,fft_thrust,compatibility/end-to-end,PASS,OK,20,100,98,0.44187399999999999,true,b6e2f353c8853cddcf85e3c02d052280d158379ab9b9c415f42db9ed5e61d864,e238e21b021042813b76acdefec5cd1f4b8b0760ea277e1e3bb8c8d53c0c206d
1,20260810T073905Z_5bf09d215ce4_stage08_b03_formal_99010001,formal,20260810T073905Z,5bf09d215ce4e88193e8fa24ef97d1674204739e,true,stage08_b03_channelize_poly_scales_v1,e3e94ee7b622ff8f4120342421cfde0f8b64b27e2749f9a1a3dfbf51757df1ea,operator,channelize_poly,NA,NA,channelize_poly,channelize_poly__channelize_poly_fp32_10e2__b6e2f353c8853cdd,channelize_poly_fp32_10e2,10^2,160,x=[128];h=[32],FP32,GPU,fft_thrust,compatibility/end-to-end,PASS,OK,20,100,99,0.44303399999999998,true,b6e2f353c8853cddcf85e3c02d052280d158379ab9b9c415f42db9ed5e61d864,e238e21b021042813b76acdefec5cd1f4b8b0760ea277e1e3bb8c8d53c0c206d
