"stage","source_group","source_partition","evidence_type","source_relative_path","run_id","case_id","operator_name","requested_dtype","config_input_dtype","dtype_semantics","typed_input_count","typed_input_manifest","typed_array_digest","input_content_json","case_parameters_json","actual_input_digest","compute_dtype","execution_dtype","fft_dtype","output_dtype","backend","input_name","shape","dtype","element_count","generator","preview_head4_tail2","status","error_code"
"stage08","stage08_b02_strict_dtype","formal","dtype_and_input_contract","runs/stage08_b02_strict_dtype/formal/20260807T161413Z_1c045bd7e750_stage08_b02_formal_8d000100/operator_dtype_evidence_parzen_not_applicable_20260807T161413Z_1c045bd7e750_stage08_b02_formal_8d000100.csv","20260807T161413Z_1c045bd7e750_stage08_b02_formal_8d000100","parzen__parzen_fp32_10e2__7f7d081aa0af5dfa__sym","parzen","FP32",,"request_variant_no_typed_data_input","0","length:INT32=100|sym:BOOL=true",,,,"7f7d081aa0af5dfac9cbd2114e6e1ae81fa1069a67d6310ffd6db02c7f813864",,,,,,,,,,,,"PASS","OK"
"stage08","stage08_b02_strict_dtype","formal","dtype_and_input_contract","runs/stage08_b02_strict_dtype/formal/20260807T161413Z_1c045bd7e750_stage08_b02_formal_8d000101/operator_dtype_evidence_parzen_not_applicable_20260807T161413Z_1c045bd7e750_stage08_b02_formal_8d000101.csv","20260807T161413Z_1c045bd7e750_stage08_b02_formal_8d000101","parzen__parzen_fp32_10e2__dcd591d59c1c4f03__periodic","parzen","FP32",,"request_variant_no_typed_data_input","0","length:INT32=100|sym:BOOL=false",,,,"dcd591d59c1c4f0312f128d800410df4856990f61a8c1880dc74ce18946cc2c7",,,,,,,,,,,,"PASS","OK"
"stage08","stage08_b02_strict_dtype","formal","dtype_and_input_contract","runs/stage08_b02_strict_dtype/formal/20260807T161413Z_1c045bd7e750_stage08_b02_formal_8d000102/operator_dtype_evidence_parzen_not_applicable_20260807T161413Z_1c045bd7e750_stage08_b02_formal_8d000102.csv","20260807T161413Z_1c045bd7e750_stage08_b02_formal_8d000102","parzen__parzen_fp32_10e3__6da158ece72508d2__sym","parzen","FP32",,"request_variant_no_typed_data_input","0","length:INT32=1000|sym:BOOL=true",,,,"6da158ece72508d29649124d2d289624f6020920ecb9c5233ac6aa50ef535fe7",,,,,,,,,,,,"PASS","OK"
"stage08","stage08_b02_strict_dtype","formal","dtype_and_input_contract","runs/stage08_b02_strict_dtype/formal/20260807T161413Z_1c045bd7e750_stage08_b02_formal_8d000103/operator_dtype_evidence_parzen_not_applicable_20260807T161413Z_1c045bd7e750_stage08_b02_formal_8d000103.csv","20260807T161413Z_1c045bd7e750_stage08_b02_formal_8d000103","parzen__parzen_fp32_10e3__2c38ec22bc77639b__periodic","parzen","FP32",,"request_variant_no_typed_data_input","0","length:INT32=1000|sym:BOOL=false",,,,"2c38ec22bc77639b93e2a6d9754d3f2496f591bfbe0e68f1bc4d9177dfcd796d",,,,,,,,,,,,"PASS","OK"
"stage08","stage08_b02_strict_dtype","formal","dtype_and_input_contract","runs/stage08_b02_strict_dtype/formal/20260807T161413Z_1c045bd7e750_stage08_b02_formal_8d000104/operator_dtype_evidence_parzen_not_applicable_20260807T161413Z_1c045bd7e750_stage08_b02_formal_8d000104.csv","20260807T161413Z_1c045bd7e750_stage08_b02_formal_8d000104","parzen__parzen_fp32_10e4__cadad88e333e0a70__sym","parzen","FP32",,"request_variant_no_typed_data_input","0","length:INT32=10000|sym:BOOL=true",,,,"cadad88e333e0a70670079f972e771752bdabf67365c62ae56f8a799cc6ee292",,,,,,,,,,,,"PASS","OK"
"stage08","stage08_b02_strict_dtype","formal","dtype_and_input_contract","runs/stage08_b02_strict_dtype/formal/20260807T161414Z_1c045bd7e750_stage08_b02_formal_8d000105/operator_dtype_evidence_parzen_not_applicable_20260807T161414Z_1c045bd7e750_stage08_b02_formal_8d000105.csv","20260807T161414Z_1c045bd7e750_stage08_b02_formal_8d000105","parzen__parzen_fp32_10e4__76494d2bef81be4b__periodic","parzen","FP32",,"request_variant_no_typed_data_input","0","length:INT32=10000|sym:BOOL=false",,,,"76494d2bef81be4babb51863b4a08c8e06a6b0ede8b9d8b479d3302163638ae0",,,,,,,,,,,,"PASS","OK"
"stage08","stage08_b02_strict_dtype","formal","dtype_and_input_contract","runs/stage08_b02_strict_dtype/formal/20260807T161414Z_1c045bd7e750_stage08_b02_formal_8d000106/operator_dtype_evidence_parzen_not_applicable_20260807T161414Z_1c045bd7e750_stage08_b02_formal_8d000106.csv","20260807T161414Z_1c045bd7e750_stage08_b02_formal_8d000106","parzen__parzen_fp16_10e2__7f7d081aa0af5dfa__sym","parzen","FP16",,"request_variant_no_typed_data_input","0","length:INT32=100|sym:BOOL=true",,,,"7f7d081aa0af5dfac9cbd2114e6e1ae81fa1069a67d6310ffd6db02c7f813864",,,,,,,,,,,,"PASS","OK"
"stage08","stage08_b02_strict_dtype","formal","dtype_and_input_contract","runs/stage08_b02_strict_dtype/formal/20260807T161414Z_1c045bd7e750_stage08_b02_formal_8d000107/operator_dtype_evidence_parzen_not_applicable_20260807T161414Z_1c045bd7e750_stage08_b02_formal_8d000107.csv","20260807T161414Z_1c045bd7e750_stage08_b02_formal_8d000107","parzen__parzen_fp16_10e2__dcd591d59c1c4f03__periodic","parzen","FP16",,"request_variant_no_typed_data_input","0","length:INT32=100|sym:BOOL=false",,,,"dcd591d59c1c4f0312f128d800410df4856990f61a8c1880dc74ce18946cc2c7",,,,,,,,,,,,"PASS","OK"
"stage08","stage08_b02_strict_dtype","formal","dtype_and_input_contract","runs/stage08_b02_strict_dtype/formal/20260807T161414Z_1c045bd7e750_stage08_b02_formal_8d000108/operator_dtype_evidence_parzen_not_applicable_20260807T161414Z_1c045bd7e750_stage08_b02_formal_8d000108.csv","20260807T161414Z_1c045bd7e750_stage08_b02_formal_8d000108","parzen__parzen_fp16_10e3__6da158ece72508d2__sym","parzen","FP16",,"request_variant_no_typed_data_input","0","length:INT32=1000|sym:BOOL=true",,,,"6da158ece72508d29649124d2d289624f6020920ecb9c5233ac6aa50ef535fe7",,,,,,,,,,,,"PASS","OK"
"stage08","stage08_b02_strict_dtype","formal","dtype_and_input_contract","runs/stage08_b02_strict_dtype/formal/20260807T161414Z_1c045bd7e750_stage08_b02_formal_8d000109/operator_dtype_evidence_parzen_not_applicable_20260807T161414Z_1c045bd7e750_stage08_b02_formal_8d000109.csv","20260807T161414Z_1c045bd7e750_stage08_b02_formal_8d000109","parzen__parzen_fp16_10e3__2c38ec22bc77639b__periodic","parzen","FP16",,"request_variant_no_typed_data_input","0","length:INT32=1000|sym:BOOL=false",,,,"2c38ec22bc77639b93e2a6d9754d3f2496f591bfbe0e68f1bc4d9177dfcd796d",,,,,,,,,,,,"PASS","OK"
"stage08","stage08_b02_strict_dtype","formal","dtype_and_input_contract","runs/stage08_b02_strict_dtype/formal/20260807T161414Z_1c045bd7e750_stage08_b02_formal_8d00010a/operator_dtype_evidence_parzen_not_applicable_20260807T161414Z_1c045bd7e750_stage08_b02_formal_8d00010a.csv","20260807T161414Z_1c045bd7e750_stage08_b02_formal_8d00010a","parzen__parzen_fp16_10e4__cadad88e333e0a70__sym","parzen","FP16",,"request_variant_no_typed_data_input","0","length:INT32=10000|sym:BOOL=true",,,,"cadad88e333e0a70670079f972e771752bdabf67365c62ae56f8a799cc6ee292",,,,,,,,,,,,"PASS","OK"
"stage08","stage08_b02_strict_dtype","formal","dtype_and_input_contract","runs/stage08_b02_strict_dtype/formal/20260807T161414Z_1c045bd7e750_stage08_b02_formal_8d00010b/operator_dtype_evidence_parzen_not_applicable_20260807T161414Z_1c045bd7e750_stage08_b02_formal_8d00010b.csv","20260807T161414Z_1c045bd7e750_stage08_b02_formal_8d00010b","parzen__parzen_fp16_10e4__76494d2bef81be4b__periodic","parzen","FP16",,"request_variant_no_typed_data_input","0","length:INT32=10000|sym:BOOL=false",,,,"76494d2bef81be4babb51863b4a08c8e06a6b0ede8b9d8b479d3302163638ae0",,,,,,,,,,,,"PASS","OK"
"stage08","stage08_b02_strict_dtype","formal","dtype_and_input_contract","runs/stage08_b02_strict_dtype/formal/20260807T161414Z_1c045bd7e750_stage08_b02_formal_8d00010c/operator_dtype_evidence_parzen_not_applicable_20260807T161414Z_1c045bd7e750_stage08_b02_formal_8d00010c.csv","20260807T161414Z_1c045bd7e750_stage08_b02_formal_8d00010c","parzen__parzen_int32_10e2__7f7d081aa0af5dfa__sym","parzen","INT32",,"request_variant_no_typed_data_input","0","length:INT32=100|sym:BOOL=true",,,,"7f7d081aa0af5dfac9cbd2114e6e1ae81fa1069a67d6310ffd6db02c7f813864",,,,,,,,,,,,"PASS","OK"
"stage08","stage08_b02_strict_dtype","formal","dtype_and_input_contract","runs/stage08_b02_strict_dtype/formal/20260807T161414Z_1c045bd7e750_stage08_b02_formal_8d00010d/operator_dtype_evidence_parzen_not_applicable_20260807T161414Z_1c045bd7e750_stage08_b02_formal_8d00010d.csv","20260807T161414Z_1c045bd7e750_stage08_b02_formal_8d00010d","parzen__parzen_int32_10e2__dcd591d59c1c4f03__periodic","parzen","INT32",,"request_variant_no_typed_data_input","0","length:INT32=100|sym:BOOL=false",,,,"dcd591d59c1c4f0312f128d800410df4856990f61a8c1880dc74ce18946cc2c7",,,,,,,,,,,,"PASS","OK"
"stage08","stage08_b02_strict_dtype","formal","dtype_and_input_contract","runs/stage08_b02_strict_dtype/formal/20260807T161415Z_1c045bd7e750_stage08_b02_formal_8d00010e/operator_dtype_evidence_parzen_not_applicable_20260807T161415Z_1c045bd7e750_stage08_b02_formal_8d00010e.csv","20260807T161415Z_1c045bd7e750_stage08_b02_formal_8d00010e","parzen__parzen_int32_10e3__6da158ece72508d2__sym","parzen","INT32",,"request_variant_no_typed_data_input","0","length:INT32=1000|sym:BOOL=true",,,,"6da158ece72508d29649124d2d289624f6020920ecb9c5233ac6aa50ef535fe7",,,,,,,,,,,,"PASS","OK"
"stage08","stage08_b02_strict_dtype","formal","dtype_and_input_contract","runs/stage08_b02_strict_dtype/formal/20260807T161415Z_1c045bd7e750_stage08_b02_formal_8d00010f/operator_dtype_evidence_parzen_not_applicable_20260807T161415Z_1c045bd7e750_stage08_b02_formal_8d00010f.csv","20260807T161415Z_1c045bd7e750_stage08_b02_formal_8d00010f","parzen__parzen_int32_10e3__2c38ec22bc77639b__periodic","parzen","INT32",,"request_variant_no_typed_data_input","0","length:INT32=1000|sym:BOOL=false",,,,"2c38ec22bc77639b93e2a6d9754d3f2496f591bfbe0e68f1bc4d9177dfcd796d",,,,,,,,,,,,"PASS","OK"
"stage08","stage08_b02_strict_dtype","formal","dtype_and_input_contract","runs/stage08_b02_strict_dtype/formal/20260807T161415Z_1c045bd7e750_stage08_b02_formal_8d000110/operator_dtype_evidence_parzen_not_applicable_20260807T161415Z_1c045bd7e750_stage08_b02_formal_8d000110.csv","20260807T161415Z_1c045bd7e750_stage08_b02_formal_8d000110","parzen__parzen_int32_10e4__cadad88e333e0a70__sym","parzen","INT32",,"request_variant_no_typed_data_input","0","length:INT32=10000|sym:BOOL=true",,,,"cadad88e333e0a70670079f972e771752bdabf67365c62ae56f8a799cc6ee292",,,,,,,,,,,,"PASS","OK"
"stage08","stage08_b02_strict_dtype","formal","dtype_and_input_contract","runs/stage08_b02_strict_dtype/formal/20260807T161415Z_1c045bd7e750_stage08_b02_formal_8d000111/operator_dtype_evidence_parzen_not_applicable_20260807T161415Z_1c045bd7e750_stage08_b02_formal_8d000111.csv","20260807T161415Z_1c045bd7e750_stage08_b02_formal_8d000111","parzen__parzen_int32_10e4__76494d2bef81be4b__periodic","parzen","INT32",,"request_variant_no_typed_data_input","0","length:INT32=10000|sym:BOOL=false",,,,"76494d2bef81be4babb51863b4a08c8e06a6b0ede8b9d8b479d3302163638ae0",,,,,,,,,,,,"PASS","OK"
"stage08","stage08_b02_strict_dtype","formal","dtype_and_input_contract","runs/stage08_b02_strict_dtype/formal/20260807T161415Z_1c045bd7e750_stage08_b02_formal_8d000112/operator_dtype_evidence_parzen_not_applicable_20260807T161415Z_1c045bd7e750_stage08_b02_formal_8d000112.csv","20260807T161415Z_1c045bd7e750_stage08_b02_formal_8d000112","parzen__parzen_int16_10e2__7f7d081aa0af5dfa__sym","parzen","INT16",,"request_variant_no_typed_data_input","0","length:INT32=100|sym:BOOL=true",,,,"7f7d081aa0af5dfac9cbd2114e6e1ae81fa1069a67d6310ffd6db02c7f813864",,,,,,,,,,,,"PASS","OK"
"stage08","stage08_b02_strict_dtype","formal","dtype_and_input_contract","runs/stage08_b02_strict_dtype/formal/20260807T161415Z_1c045bd7e750_stage08_b02_formal_8d000113/operator_dtype_evidence_parzen_not_applicable_20260807T161415Z_1c045bd7e750_stage08_b02_formal_8d000113.csv","20260807T161415Z_1c045bd7e750_stage08_b02_formal_8d000113","parzen__parzen_int16_10e2__dcd591d59c1c4f03__periodic","parzen","INT16",,"request_variant_no_typed_data_input","0","length:INT32=100|sym:BOOL=false",,,,"dcd591d59c1c4f0312f128d800410df4856990f61a8c1880dc74ce18946cc2c7",,,,,,,,,,,,"PASS","OK"
"stage08","stage08_b02_strict_dtype","formal","dtype_and_input_contract","runs/stage08_b02_strict_dtype/formal/20260807T161415Z_1c045bd7e750_stage08_b02_formal_8d000114/operator_dtype_evidence_parzen_not_applicable_20260807T161415Z_1c045bd7e750_stage08_b02_formal_8d000114.csv","20260807T161415Z_1c045bd7e750_stage08_b02_formal_8d000114","parzen__parzen_int16_10e3__6da158ece72508d2__sym","parzen","INT16",,"request_variant_no_typed_data_input","0","length:INT32=1000|sym:BOOL=true",,,,"6da158ece72508d29649124d2d289624f6020920ecb9c5233ac6aa50ef535fe7",,,,,,,,,,,,"PASS","OK"
"stage08","stage08_b02_strict_dtype","formal","dtype_and_input_contract","runs/stage08_b02_strict_dtype/formal/20260807T161415Z_1c045bd7e750_stage08_b02_formal_8d000115/operator_dtype_evidence_parzen_not_applicable_20260807T161415Z_1c045bd7e750_stage08_b02_formal_8d000115.csv","20260807T161415Z_1c045bd7e750_stage08_b02_formal_8d000115","parzen__parzen_int16_10e3__2c38ec22bc77639b__periodic","parzen","INT16",,"request_variant_no_typed_data_input","0","length:INT32=1000|sym:BOOL=false",,,,"2c38ec22bc77639b93e2a6d9754d3f2496f591bfbe0e68f1bc4d9177dfcd796d",,,,,,,,,,,,"PASS","OK"
"stage08","stage08_b02_strict_dtype","formal","dtype_and_input_contract","runs/stage08_b02_strict_dtype/formal/20260807T161415Z_1c045bd7e750_stage08_b02_formal_8d000116/operator_dtype_evidence_parzen_not_applicable_20260807T161415Z_1c045bd7e750_stage08_b02_formal_8d000116.csv","20260807T161415Z_1c045bd7e750_stage08_b02_formal_8d000116","parzen__parzen_int16_10e4__cadad88e333e0a70__sym","parzen","INT16",,"request_variant_no_typed_data_input","0","length:INT32=10000|sym:BOOL=true",,,,"cadad88e333e0a70670079f972e771752bdabf67365c62ae56f8a799cc6ee292",,,,,,,,,,,,"PASS","OK"
"stage08","stage08_b02_strict_dtype","formal","dtype_and_input_contract","runs/stage08_b02_strict_dtype/formal/20260807T161415Z_1c045bd7e750_stage08_b02_formal_8d000117/operator_dtype_evidence_parzen_not_applicable_20260807T161415Z_1c045bd7e750_stage08_b02_formal_8d000117.csv","20260807T161415Z_1c045bd7e750_stage08_b02_formal_8d000117","parzen__parzen_int16_10e4__76494d2bef81be4b__periodic","parzen","INT16",,"request_variant_no_typed_data_input","0","length:INT32=10000|sym:BOOL=false",,,,"76494d2bef81be4babb51863b4a08c8e06a6b0ede8b9d8b479d3302163638ae0",,,,,,,,,,,,"PASS","OK"
"stage08","stage08_b02_strict_dtype","formal","dtype_and_input_contract","runs/stage08_b02_strict_dtype/formal/20260807T161416Z_1c045bd7e750_stage08_b02_formal_8d000118/operator_dtype_evidence_parzen_not_applicable_20260807T161416Z_1c045bd7e750_stage08_b02_formal_8d000118.csv","20260807T161416Z_1c045bd7e750_stage08_b02_formal_8d000118","parzen__parzen_int8_10e2__7f7d081aa0af5dfa__sym","parzen","INT8",,"request_variant_no_typed_data_input","0","length:INT32=100|sym:BOOL=true",,,,"7f7d081aa0af5dfac9cbd2114e6e1ae81fa1069a67d6310ffd6db02c7f813864",,,,,,,,,,,,"PASS","OK"
"stage08","stage08_b02_strict_dtype","formal","dtype_and_input_contract","runs/stage08_b02_strict_dtype/formal/20260807T161416Z_1c045bd7e750_stage08_b02_formal_8d000119/operator_dtype_evidence_parzen_not_applicable_20260807T161416Z_1c045bd7e750_stage08_b02_formal_8d000119.csv","20260807T161416Z_1c045bd7e750_stage08_b02_formal_8d000119","parzen__parzen_int8_10e2__dcd591d59c1c4f03__periodic","parzen","INT8",,"request_variant_no_typed_data_input","0","length:INT32=100|sym:BOOL=false",,,,"dcd591d59c1c4f0312f128d800410df4856990f61a8c1880dc74ce18946cc2c7",,,,,,,,,,,,"PASS","OK"
"stage08","stage08_b02_strict_dtype","formal","dtype_and_input_contract","runs/stage08_b02_strict_dtype/formal/20260807T161416Z_1c045bd7e750_stage08_b02_formal_8d00011a/operator_dtype_evidence_parzen_not_applicable_20260807T161416Z_1c045bd7e750_stage08_b02_formal_8d00011a.csv","20260807T161416Z_1c045bd7e750_stage08_b02_formal_8d00011a","parzen__parzen_int8_10e3__6da158ece72508d2__sym","parzen","INT8",,"request_variant_no_typed_data_input","0","length:INT32=1000|sym:BOOL=true",,,,"6da158ece72508d29649124d2d289624f6020920ecb9c5233ac6aa50ef535fe7",,,,,,,,,,,,"PASS","OK"
"stage08","stage08_b02_strict_dtype","formal","dtype_and_input_contract","runs/stage08_b02_strict_dtype/formal/20260807T161416Z_1c045bd7e750_stage08_b02_formal_8d00011b/operator_dtype_evidence_parzen_not_applicable_20260807T161416Z_1c045bd7e750_stage08_b02_formal_8d00011b.csv","20260807T161416Z_1c045bd7e750_stage08_b02_formal_8d00011b","parzen__parzen_int8_10e3__2c38ec22bc77639b__periodic","parzen","INT8",,"request_variant_no_typed_data_input","0","length:INT32=1000|sym:BOOL=false",,,,"2c38ec22bc77639b93e2a6d9754d3f2496f591bfbe0e68f1bc4d9177dfcd796d",,,,,,,,,,,,"PASS","OK"
"stage08","stage08_b02_strict_dtype","formal","dtype_and_input_contract","runs/stage08_b02_strict_dtype/formal/20260807T161416Z_1c045bd7e750_stage08_b02_formal_8d00011c/operator_dtype_evidence_parzen_not_applicable_20260807T161416Z_1c045bd7e750_stage08_b02_formal_8d00011c.csv","20260807T161416Z_1c045bd7e750_stage08_b02_formal_8d00011c","parzen__parzen_int8_10e4__cadad88e333e0a70__sym","parzen","INT8",,"request_variant_no_typed_data_input","0","length:INT32=10000|sym:BOOL=true",,,,"cadad88e333e0a70670079f972e771752bdabf67365c62ae56f8a799cc6ee292",,,,,,,,,,,,"PASS","OK"
"stage08","stage08_b02_strict_dtype","formal","dtype_and_input_contract","runs/stage08_b02_strict_dtype/formal/20260807T161416Z_1c045bd7e750_stage08_b02_formal_8d00011d/operator_dtype_evidence_parzen_not_applicable_20260807T161416Z_1c045bd7e750_stage08_b02_formal_8d00011d.csv","20260807T161416Z_1c045bd7e750_stage08_b02_formal_8d00011d","parzen__parzen_int8_10e4__76494d2bef81be4b__periodic","parzen","INT8",,"request_variant_no_typed_data_input","0","length:INT32=10000|sym:BOOL=false",,,,"76494d2bef81be4babb51863b4a08c8e06a6b0ede8b9d8b479d3302163638ae0",,,,,,,,,,,,"PASS","OK"
"stage08","stage08_b02_strict_dtype","formal","dtype_and_input_contract","runs/stage08_b02_strict_dtype/formal/20260807T161420Z_1c045bd7e750_stage08_b02_formal_8d000200/operator_dtype_evidence_taylor_not_applicable_20260807T161420Z_1c045bd7e750_stage08_b02_formal_8d000200.csv","20260807T161420Z_1c045bd7e750_stage08_b02_formal_8d000200","taylor__taylor_fp32_10e2__3137a27866a19941__sym","taylor","FP32",,"actual_typed_scalar_input","1","length:INT32=100|sym:BOOL=true|sidelobe_level_db:FP32:bytes=0000f041",,,,"3137a27866a19941acdc1cc33f184a349cd02d72175ccf8b3e87aca7a431cb7d",,,,,,,,,,,,"PASS","OK"
"stage08","stage08_b02_strict_dtype","formal","dtype_and_input_contract","runs/stage08_b02_strict_dtype/formal/20260807T161421Z_1c045bd7e750_stage08_b02_formal_8d000201/operator_dtype_evidence_taylor_not_applicable_20260807T161421Z_1c045bd7e750_stage08_b02_formal_8d000201.csv","20260807T161421Z_1c045bd7e750_stage08_b02_formal_8d000201","taylor__taylor_fp32_10e2__b5ccf2fc290aa6b7__periodic","taylor","FP32",,"actual_typed_scalar_input","1","length:INT32=100|sym:BOOL=false|sidelobe_level_db:FP32:bytes=0000f041",,,,"b5ccf2fc290aa6b709e94f669df05bd4cf1379553f291ccea99584df95df4669",,,,,,,,,,,,"PASS","OK"
"stage08","stage08_b02_strict_dtype","formal","dtype_and_input_contract","runs/stage08_b02_strict_dtype/formal/20260807T161421Z_1c045bd7e750_stage08_b02_formal_8d000202/operator_dtype_evidence_taylor_not_applicable_20260807T161421Z_1c045bd7e750_stage08_b02_formal_8d000202.csv","20260807T161421Z_1c045bd7e750_stage08_b02_formal_8d000202","taylor__taylor_fp32_10e3__fafcf120c6885f09__sym","taylor","FP32",,"actual_typed_scalar_input","1","length:INT32=1000|sym:BOOL=true|sidelobe_level_db:FP32:bytes=0000f041",,,,"fafcf120c6885f098648cbc3781c53d1015daeb09944f29e400d8be4fd82c624",,,,,,,,,,,,"PASS","OK"
"stage08","stage08_b02_strict_dtype","formal","dtype_and_input_contract","runs/stage08_b02_strict_dtype/formal/20260807T161421Z_1c045bd7e750_stage08_b02_formal_8d000203/operator_dtype_evidence_taylor_not_applicable_20260807T161421Z_1c045bd7e750_stage08_b02_formal_8d000203.csv","20260807T161421Z_1c045bd7e750_stage08_b02_formal_8d000203","taylor__taylor_fp32_10e3__6ccda7dd661da86c__periodic","taylor","FP32",,"actual_typed_scalar_input","1","length:INT32=1000|sym:BOOL=false|sidelobe_level_db:FP32:bytes=0000f041",,,,"6ccda7dd661da86cea99b0334d86927a2a18fb3531cef73a39fee5d9c0bf8dc4",,,,,,,,,,,,"PASS","OK"
"stage08","stage08_b02_strict_dtype","formal","dtype_and_input_contract","runs/stage08_b02_strict_dtype/formal/20260807T161421Z_1c045bd7e750_stage08_b02_formal_8d000204/operator_dtype_evidence_taylor_not_applicable_20260807T161421Z_1c045bd7e750_stage08_b02_formal_8d000204.csv","20260807T161421Z_1c045bd7e750_stage08_b02_formal_8d000204","taylor__taylor_fp32_10e4__b34b6ff39925c221__sym","taylor","FP32",,"actual_typed_scalar_input","1","length:INT32=10000|sym:BOOL=true|sidelobe_level_db:FP32:bytes=0000f041",,,,"b34b6ff39925c22171467d5d7514b47d8c3c0a5f3420fb5f895d7cf941e2d9e6",,,,,,,,,,,,"PASS","OK"
"stage08","stage08_b02_strict_dtype","formal","dtype_and_input_contract","runs/stage08_b02_strict_dtype/formal/20260807T161421Z_1c045bd7e750_stage08_b02_formal_8d000205/operator_dtype_evidence_taylor_not_applicable_20260807T161421Z_1c045bd7e750_stage08_b02_formal_8d000205.csv","20260807T161421Z_1c045bd7e750_stage08_b02_formal_8d000205","taylor__taylor_fp32_10e4__dbf030732937dd65__periodic","taylor","FP32",,"actual_typed_scalar_input","1","length:INT32=10000|sym:BOOL=false|sidelobe_level_db:FP32:bytes=0000f041",,,,"dbf030732937dd65897a544c3ea100cd9cebb1d5149426fa1f0b7a7345a1f105",,,,,,,,,,,,"PASS","OK"
"stage08","stage08_b02_strict_dtype","formal","dtype_and_input_contract","runs/stage08_b02_strict_dtype/formal/20260807T161422Z_1c045bd7e750_stage08_b02_formal_8d000206/operator_dtype_evidence_taylor_not_applicable_20260807T161422Z_1c045bd7e750_stage08_b02_formal_8d000206.csv","20260807T161422Z_1c045bd7e750_stage08_b02_formal_8d000206","taylor__taylor_fp16_10e2__531efa49a738157b__sym","taylor","FP16",,"actual_typed_scalar_input","1","length:INT32=100|sym:BOOL=true|sidelobe_level_db:FP16:bytes=804f",,,,"531efa49a738157bc75b4ac6d47040fd154d0b79a53745405822eb6691a21df7",,,,,,,,,,,,"PASS","OK"
"stage08","stage08_b02_strict_dtype","formal","dtype_and_input_contract","runs/stage08_b02_strict_dtype/formal/20260807T161422Z_1c045bd7e750_stage08_b02_formal_8d000207/operator_dtype_evidence_taylor_not_applicable_20260807T161422Z_1c045bd7e750_stage08_b02_formal_8d000207.csv","20260807T161422Z_1c045bd7e750_stage08_b02_formal_8d000207","taylor__taylor_fp16_10e2__f2b474e4e4d5c878__periodic","taylor","FP16",,"actual_typed_scalar_input","1","length:INT32=100|sym:BOOL=false|sidelobe_level_db:FP16:bytes=804f",,,,"f2b474e4e4d5c878c16fae0dd426b937800997b6e1152624be55b7022378e4e3",,,,,,,,,,,,"PASS","OK"
"stage08","stage08_b02_strict_dtype","formal","dtype_and_input_contract","runs/stage08_b02_strict_dtype/formal/20260807T161422Z_1c045bd7e750_stage08_b02_formal_8d000208/operator_dtype_evidence_taylor_not_applicable_20260807T161422Z_1c045bd7e750_stage08_b02_formal_8d000208.csv","20260807T161422Z_1c045bd7e750_stage08_b02_formal_8d000208","taylor__taylor_fp16_10e3__c94690d60245dd2d__sym","taylor","FP16",,"actual_typed_scalar_input","1","length:INT32=1000|sym:BOOL=true|sidelobe_level_db:FP16:bytes=804f",,,,"c94690d60245dd2dcc4c4eb3ac1384068ae4bea817257d0c0dfd8ec48f8558bc",,,,,,,,,,,,"PASS","OK"
"stage08","stage08_b02_strict_dtype","formal","dtype_and_input_contract","runs/stage08_b02_strict_dtype/formal/20260807T161422Z_1c045bd7e750_stage08_b02_formal_8d000209/operator_dtype_evidence_taylor_not_applicable_20260807T161422Z_1c045bd7e750_stage08_b02_formal_8d000209.csv","20260807T161422Z_1c045bd7e750_stage08_b02_formal_8d000209","taylor__taylor_fp16_10e3__7feaa30b95029e27__periodic","taylor","FP16",,"actual_typed_scalar_input","1","length:INT32=1000|sym:BOOL=false|sidelobe_level_db:FP16:bytes=804f",,,,"7feaa30b95029e272dbcf4f5d401413d1a4dd9db354fe073f99aaab0fbcb3d59",,,,,,,,,,,,"PASS","OK"
"stage08","stage08_b02_strict_dtype","formal","dtype_and_input_contract","runs/stage08_b02_strict_dtype/formal/20260807T161422Z_1c045bd7e750_stage08_b02_formal_8d00020a/operator_dtype_evidence_taylor_not_applicable_20260807T161422Z_1c045bd7e750_stage08_b02_formal_8d00020a.csv","20260807T161422Z_1c045bd7e750_stage08_b02_formal_8d00020a","taylor__taylor_fp16_10e4__69c07abeaca58afa__sym","taylor","FP16",,"actual_typed_scalar_input","1","length:INT32=10000|sym:BOOL=true|sidelobe_level_db:FP16:bytes=804f",,,,"69c07abeaca58afa2c2f82ff3cba7e9ef716d3ea6e3ce84e3b0a59f5ea712a53",,,,,,,,,,,,"PASS","OK"
"stage08","stage08_b02_strict_dtype","formal","dtype_and_input_contract","runs/stage08_b02_strict_dtype/formal/20260807T161422Z_1c045bd7e750_stage08_b02_formal_8d00020b/operator_dtype_evidence_taylor_not_applicable_20260807T161422Z_1c045bd7e750_stage08_b02_formal_8d00020b.csv","20260807T161422Z_1c045bd7e750_stage08_b02_formal_8d00020b","taylor__taylor_fp16_10e4__13b4d15c5222845e__periodic","taylor","FP16",,"actual_typed_scalar_input","1","length:INT32=10000|sym:BOOL=false|sidelobe_level_db:FP16:bytes=804f",,,,"13b4d15c5222845ed10b9bda0f3bc256db1c82dda741a64fb8c3d009f3f5ac5f",,,,,,,,,,,,"PASS","OK"
"stage08","stage08_b02_strict_dtype","formal","dtype_and_input_contract","runs/stage08_b02_strict_dtype/formal/20260807T161423Z_1c045bd7e750_stage08_b02_formal_8d00020c/operator_dtype_evidence_taylor_not_applicable_20260807T161423Z_1c045bd7e750_stage08_b02_formal_8d00020c.csv","20260807T161423Z_1c045bd7e750_stage08_b02_formal_8d00020c","taylor__taylor_int32_10e2__90574fd8db22528f__sym","taylor","INT32",,"actual_typed_scalar_input","1","length:INT32=100|sym:BOOL=true|sidelobe_level_db:INT32:bytes=1e000000",,,,"90574fd8db22528f38c31787ee5ab30e47a646cab990b7ad3288351748b48fb6",,,,,,,,,,,,"PASS","OK"
"stage08","stage08_b02_strict_dtype","formal","dtype_and_input_contract","runs/stage08_b02_strict_dtype/formal/20260807T161423Z_1c045bd7e750_stage08_b02_formal_8d00020d/operator_dtype_evidence_taylor_not_applicable_20260807T161423Z_1c045bd7e750_stage08_b02_formal_8d00020d.csv","20260807T161423Z_1c045bd7e750_stage08_b02_formal_8d00020d","taylor__taylor_int32_10e2__8095015959f43121__periodic","taylor","INT32",,"actual_typed_scalar_input","1","length:INT32=100|sym:BOOL=false|sidelobe_level_db:INT32:bytes=1e000000",,,,"8095015959f43121dc3a27f1a4bcd54be627356eaf7e5c2359d83fcde05a0aed",,,,,,,,,,,,"PASS","OK"
"stage08","stage08_b02_strict_dtype","formal","dtype_and_input_contract","runs/stage08_b02_strict_dtype/formal/20260807T161423Z_1c045bd7e750_stage08_b02_formal_8d00020e/operator_dtype_evidence_taylor_not_applicable_20260807T161423Z_1c045bd7e750_stage08_b02_formal_8d00020e.csv","20260807T161423Z_1c045bd7e750_stage08_b02_formal_8d00020e","taylor__taylor_int32_10e3__5a769b2aa50de2f2__sym","taylor","INT32",,"actual_typed_scalar_input","1","length:INT32=1000|sym:BOOL=true|sidelobe_level_db:INT32:bytes=1e000000",,,,"5a769b2aa50de2f26b22dbce32462c71231f481c55003a8b4e7c6f8598a4fee9",,,,,,,,,,,,"PASS","OK"
"stage08","stage08_b02_strict_dtype","formal","dtype_and_input_contract","runs/stage08_b02_strict_dtype/formal/20260807T161423Z_1c045bd7e750_stage08_b02_formal_8d00020f/operator_dtype_evidence_taylor_not_applicable_20260807T161423Z_1c045bd7e750_stage08_b02_formal_8d00020f.csv","20260807T161423Z_1c045bd7e750_stage08_b02_formal_8d00020f","taylor__taylor_int32_10e3__6865701d91df6ab0__periodic","taylor","INT32",,"actual_typed_scalar_input","1","length:INT32=1000|sym:BOOL=false|sidelobe_level_db:INT32:bytes=1e000000",,,,"6865701d91df6ab0bb9333b2cb2122067da98b942ba04d0a5cc70a0966768613",,,,,,,,,,,,"PASS","OK"
"stage08","stage08_b02_strict_dtype","formal","dtype_and_input_contract","runs/stage08_b02_strict_dtype/formal/20260807T161423Z_1c045bd7e750_stage08_b02_formal_8d000210/operator_dtype_evidence_taylor_not_applicable_20260807T161423Z_1c045bd7e750_stage08_b02_formal_8d000210.csv","20260807T161423Z_1c045bd7e750_stage08_b02_formal_8d000210","taylor__taylor_int32_10e4__ce2d884d99be0401__sym","taylor","INT32",,"actual_typed_scalar_input","1","length:INT32=10000|sym:BOOL=true|sidelobe_level_db:INT32:bytes=1e000000",,,,"ce2d884d99be04018f12f71d9ecaa464578325e01e854eaa2766ad85dcbc58db",,,,,,,,,,,,"PASS","OK"
"stage08","stage08_b02_strict_dtype","formal","dtype_and_input_contract","runs/stage08_b02_strict_dtype/formal/20260807T161423Z_1c045bd7e750_stage08_b02_formal_8d000211/operator_dtype_evidence_taylor_not_applicable_20260807T161423Z_1c045bd7e750_stage08_b02_formal_8d000211.csv","20260807T161423Z_1c045bd7e750_stage08_b02_formal_8d000211","taylor__taylor_int32_10e4__6a765eea355c67ab__periodic","taylor","INT32",,"actual_typed_scalar_input","1","length:INT32=10000|sym:BOOL=false|sidelobe_level_db:INT32:bytes=1e000000",,,,"6a765eea355c67abaefd730999f28200f741f5c07632574ec50542746b64f2ee",,,,,,,,,,,,"PASS","OK"
"stage08","stage08_b02_strict_dtype","formal","dtype_and_input_contract","runs/stage08_b02_strict_dtype/formal/20260807T161424Z_1c045bd7e750_stage08_b02_formal_8d000212/operator_dtype_evidence_taylor_not_applicable_20260807T161424Z_1c045bd7e750_stage08_b02_formal_8d000212.csv","20260807T161424Z_1c045bd7e750_stage08_b02_formal_8d000212","taylor__taylor_int16_10e2__ba9e90303fbdd4cf__sym","taylor","INT16",,"actual_typed_scalar_input","1","length:INT32=100|sym:BOOL=true|sidelobe_level_db:INT16:bytes=1e00",,,,"ba9e90303fbdd4cfc247f1950aea40d7146b643672f91b4d71055105db4c35ea",,,,,,,,,,,,"PASS","OK"
"stage08","stage08_b02_strict_dtype","formal","dtype_and_input_contract","runs/stage08_b02_strict_dtype/formal/20260807T161424Z_1c045bd7e750_stage08_b02_formal_8d000213/operator_dtype_evidence_taylor_not_applicable_20260807T161424Z_1c045bd7e750_stage08_b02_formal_8d000213.csv","20260807T161424Z_1c045bd7e750_stage08_b02_formal_8d000213","taylor__taylor_int16_10e2__929fe8cf98a486fd__periodic","taylor","INT16",,"actual_typed_scalar_input","1","length:INT32=100|sym:BOOL=false|sidelobe_level_db:INT16:bytes=1e00",,,,"929fe8cf98a486fdf99d4b5fa93a4722c16932d959bb56b7c2075c78d5315c01",,,,,,,,,,,,"PASS","OK"
"stage08","stage08_b02_strict_dtype","formal","dtype_and_input_contract","runs/stage08_b02_strict_dtype/formal/20260807T161424Z_1c045bd7e750_stage08_b02_formal_8d000214/operator_dtype_evidence_taylor_not_applicable_20260807T161424Z_1c045bd7e750_stage08_b02_formal_8d000214.csv","20260807T161424Z_1c045bd7e750_stage08_b02_formal_8d000214","taylor__taylor_int16_10e3__7280baf4fc74a630__sym","taylor","INT16",,"actual_typed_scalar_input","1","length:INT32=1000|sym:BOOL=true|sidelobe_level_db:INT16:bytes=1e00",,,,"7280baf4fc74a630375aa4efbdaf4626412e0c7f802e11483db64c11d7225454",,,,,,,,,,,,"PASS","OK"
"stage08","stage08_b02_strict_dtype","formal","dtype_and_input_contract","runs/stage08_b02_strict_dtype/formal/20260807T161424Z_1c045bd7e750_stage08_b02_formal_8d000215/operator_dtype_evidence_taylor_not_applicable_20260807T161424Z_1c045bd7e750_stage08_b02_formal_8d000215.csv","20260807T161424Z_1c045bd7e750_stage08_b02_formal_8d000215","taylor__taylor_int16_10e3__ec974582a4ef85e7__periodic","taylor","INT16",,"actual_typed_scalar_input","1","length:INT32=1000|sym:BOOL=false|sidelobe_level_db:INT16:bytes=1e00",,,,"ec974582a4ef85e761450aba5224b699cd63937209801940f4a54bf03290ff47",,,,,,,,,,,,"PASS","OK"
"stage08","stage08_b02_strict_dtype","formal","dtype_and_input_contract","runs/stage08_b02_strict_dtype/formal/20260807T161424Z_1c045bd7e750_stage08_b02_formal_8d000216/operator_dtype_evidence_taylor_not_applicable_20260807T161424Z_1c045bd7e750_stage08_b02_formal_8d000216.csv","20260807T161424Z_1c045bd7e750_stage08_b02_formal_8d000216","taylor__taylor_int16_10e4__5c6e3e2dd6099fdf__sym","taylor","INT16",,"actual_typed_scalar_input","1","length:INT32=10000|sym:BOOL=true|sidelobe_level_db:INT16:bytes=1e00",,,,"5c6e3e2dd6099fdf59d56b099296e73fcc7023d541e4874abf7613b4e9c9642f",,,,,,,,,,,,"PASS","OK"
"stage08","stage08_b02_strict_dtype","formal","dtype_and_input_contract","runs/stage08_b02_strict_dtype/formal/20260807T161425Z_1c045bd7e750_stage08_b02_formal_8d000217/operator_dtype_evidence_taylor_not_applicable_20260807T161425Z_1c045bd7e750_stage08_b02_formal_8d000217.csv","20260807T161425Z_1c045bd7e750_stage08_b02_formal_8d000217","taylor__taylor_int16_10e4__a3262af80216527b__periodic","taylor","INT16",,"actual_typed_scalar_input","1","length:INT32=10000|sym:BOOL=false|sidelobe_level_db:INT16:bytes=1e00",,,,"a3262af80216527b9d5fbc3067bb904085309c790f4b1a2894c9815a523a1719",,,,,,,,,,,,"PASS","OK"
"stage08","stage08_b02_strict_dtype","formal","dtype_and_input_contract","runs/stage08_b02_strict_dtype/formal/20260807T161425Z_1c045bd7e750_stage08_b02_formal_8d000218/operator_dtype_evidence_taylor_not_applicable_20260807T161425Z_1c045bd7e750_stage08_b02_formal_8d000218.csv","20260807T161425Z_1c045bd7e750_stage08_b02_formal_8d000218","taylor__taylor_int8_10e2__04a15f7b7fa020c3__sym","taylor","INT8",,"actual_typed_scalar_input","1","length:INT32=100|sym:BOOL=true|sidelobe_level_db:INT8:bytes=1e",,,,"04a15f7b7fa020c30122a066bf6b3991f39b36091e0accc6006152fd56643fe9",,,,,,,,,,,,"PASS","OK"
"stage08","stage08_b02_strict_dtype","formal","dtype_and_input_contract","runs/stage08_b02_strict_dtype/formal/20260807T161425Z_1c045bd7e750_stage08_b02_formal_8d000219/operator_dtype_evidence_taylor_not_applicable_20260807T161425Z_1c045bd7e750_stage08_b02_formal_8d000219.csv","20260807T161425Z_1c045bd7e750_stage08_b02_formal_8d000219","taylor__taylor_int8_10e2__1499c4ac2e15230b__periodic","taylor","INT8",,"actual_typed_scalar_input","1","length:INT32=100|sym:BOOL=false|sidelobe_level_db:INT8:bytes=1e",,,,"1499c4ac2e15230b438ddae401284140bbe3b3f4c3f0946691cc9ee4de64f2b7",,,,,,,,,,,,"PASS","OK"
"stage08","stage08_b02_strict_dtype","formal","dtype_and_input_contract","runs/stage08_b02_strict_dtype/formal/20260807T161425Z_1c045bd7e750_stage08_b02_formal_8d00021a/operator_dtype_evidence_taylor_not_applicable_20260807T161425Z_1c045bd7e750_stage08_b02_formal_8d00021a.csv","20260807T161425Z_1c045bd7e750_stage08_b02_formal_8d00021a","taylor__taylor_int8_10e3__85ea326ef3eb0a2b__sym","taylor","INT8",,"actual_typed_scalar_input","1","length:INT32=1000|sym:BOOL=true|sidelobe_level_db:INT8:bytes=1e",,,,"85ea326ef3eb0a2bcb0b329e836db90254ad3aac26c360f41f44a943d776c6ab",,,,,,,,,,,,"PASS","OK"
"stage08","stage08_b02_strict_dtype","formal","dtype_and_input_contract","runs/stage08_b02_strict_dtype/formal/20260807T161425Z_1c045bd7e750_stage08_b02_formal_8d00021b/operator_dtype_evidence_taylor_not_applicable_20260807T161425Z_1c045bd7e750_stage08_b02_formal_8d00021b.csv","20260807T161425Z_1c045bd7e750_stage08_b02_formal_8d00021b","taylor__taylor_int8_10e3__b5b3e190445993ed__periodic","taylor","INT8",,"actual_typed_scalar_input","1","length:INT32=1000|sym:BOOL=false|sidelobe_level_db:INT8:bytes=1e",,,,"b5b3e190445993eddc003bd8618b797501b2b358426e7b71efd477b7190baa35",,,,,,,,,,,,"PASS","OK"
"stage08","stage08_b02_strict_dtype","formal","dtype_and_input_contract","runs/stage08_b02_strict_dtype/formal/20260807T161425Z_1c045bd7e750_stage08_b02_formal_8d00021c/operator_dtype_evidence_taylor_not_applicable_20260807T161425Z_1c045bd7e750_stage08_b02_formal_8d00021c.csv","20260807T161425Z_1c045bd7e750_stage08_b02_formal_8d00021c","taylor__taylor_int8_10e4__1757224a325c74d5__sym","taylor","INT8",,"actual_typed_scalar_input","1","length:INT32=10000|sym:BOOL=true|sidelobe_level_db:INT8:bytes=1e",,,,"1757224a325c74d50875cf968544b302191490ec9511add829c7e8e5b861412a",,,,,,,,,,,,"PASS","OK"
"stage08","stage08_b02_strict_dtype","formal","dtype_and_input_contract","runs/stage08_b02_strict_dtype/formal/20260807T161426Z_1c045bd7e750_stage08_b02_formal_8d00021d/operator_dtype_evidence_taylor_not_applicable_20260807T161426Z_1c045bd7e750_stage08_b02_formal_8d00021d.csv","20260807T161426Z_1c045bd7e750_stage08_b02_formal_8d00021d","taylor__taylor_int8_10e4__74f90e9ba1648071__periodic","taylor","INT8",,"actual_typed_scalar_input","1","length:INT32=10000|sym:BOOL=false|sidelobe_level_db:INT8:bytes=1e",,,,"74f90e9ba164807161104b13e51674c6329b4bef12c6c9eb90901572fcd56d0b",,,,,,,,,,,,"PASS","OK"
"stage08","stage08_b02_strict_dtype","formal","dtype_and_input_contract","runs/stage08_b02_strict_dtype/formal/20260807T161432Z_1c045bd7e750_stage08_b02_formal_8d000300/operator_dtype_evidence_triang_not_applicable_20260807T161432Z_1c045bd7e750_stage08_b02_formal_8d000300.csv","20260807T161432Z_1c045bd7e750_stage08_b02_formal_8d000300","triang__triang_fp32_10e2__7f7d081aa0af5dfa__sym","triang","FP32",,"request_variant_no_typed_data_input","0","length:INT32=100|sym:BOOL=true",,,,"7f7d081aa0af5dfac9cbd2114e6e1ae81fa1069a67d6310ffd6db02c7f813864",,,,,,,,,,,,"PASS","OK"
"stage08","stage08_b02_strict_dtype","formal","dtype_and_input_contract","runs/stage08_b02_strict_dtype/formal/20260807T161432Z_1c045bd7e750_stage08_b02_formal_8d000301/operator_dtype_evidence_triang_not_applicable_20260807T161432Z_1c045bd7e750_stage08_b02_formal_8d000301.csv","20260807T161432Z_1c045bd7e750_stage08_b02_formal_8d000301","triang__triang_fp32_10e2__dcd591d59c1c4f03__periodic","triang","FP32",,"request_variant_no_typed_data_input","0","length:INT32=100|sym:BOOL=false",,,,"dcd591d59c1c4f0312f128d800410df4856990f61a8c1880dc74ce18946cc2c7",,,,,,,,,,,,"PASS","OK"
"stage08","stage08_b02_strict_dtype","formal","dtype_and_input_contract","runs/stage08_b02_strict_dtype/formal/20260807T161432Z_1c045bd7e750_stage08_b02_formal_8d000302/operator_dtype_evidence_triang_not_applicable_20260807T161432Z_1c045bd7e750_stage08_b02_formal_8d000302.csv","20260807T161432Z_1c045bd7e750_stage08_b02_formal_8d000302","triang__triang_fp32_10e3__6da158ece72508d2__sym","triang","FP32",,"request_variant_no_typed_data_input","0","length:INT32=1000|sym:BOOL=true",,,,"6da158ece72508d29649124d2d289624f6020920ecb9c5233ac6aa50ef535fe7",,,,,,,,,,,,"PASS","OK"
"stage08","stage08_b02_strict_dtype","formal","dtype_and_input_contract","runs/stage08_b02_strict_dtype/formal/20260807T161432Z_1c045bd7e750_stage08_b02_formal_8d000303/operator_dtype_evidence_triang_not_applicable_20260807T161432Z_1c045bd7e750_stage08_b02_formal_8d000303.csv","20260807T161432Z_1c045bd7e750_stage08_b02_formal_8d000303","triang__triang_fp32_10e3__2c38ec22bc77639b__periodic","triang","FP32",,"request_variant_no_typed_data_input","0","length:INT32=1000|sym:BOOL=false",,,,"2c38ec22bc77639b93e2a6d9754d3f2496f591bfbe0e68f1bc4d9177dfcd796d",,,,,,,,,,,,"PASS","OK"
"stage08","stage08_b02_strict_dtype","formal","dtype_and_input_contract","runs/stage08_b02_strict_dtype/formal/20260807T161432Z_1c045bd7e750_stage08_b02_formal_8d000304/operator_dtype_evidence_triang_not_applicable_20260807T161432Z_1c045bd7e750_stage08_b02_formal_8d000304.csv","20260807T161432Z_1c045bd7e750_stage08_b02_formal_8d000304","triang__triang_fp32_10e4__cadad88e333e0a70__sym","triang","FP32",,"request_variant_no_typed_data_input","0","length:INT32=10000|sym:BOOL=true",,,,"cadad88e333e0a70670079f972e771752bdabf67365c62ae56f8a799cc6ee292",,,,,,,,,,,,"PASS","OK"
"stage08","stage08_b02_strict_dtype","formal","dtype_and_input_contract","runs/stage08_b02_strict_dtype/formal/20260807T161432Z_1c045bd7e750_stage08_b02_formal_8d000305/operator_dtype_evidence_triang_not_applicable_20260807T161432Z_1c045bd7e750_stage08_b02_formal_8d000305.csv","20260807T161432Z_1c045bd7e750_stage08_b02_formal_8d000305","triang__triang_fp32_10e4__76494d2bef81be4b__periodic","triang","FP32",,"request_variant_no_typed_data_input","0","length:INT32=10000|sym:BOOL=false",,,,"76494d2bef81be4babb51863b4a08c8e06a6b0ede8b9d8b479d3302163638ae0",,,,,,,,,,,,"PASS","OK"
"stage08","stage08_b02_strict_dtype","formal","dtype_and_input_contract","runs/stage08_b02_strict_dtype/formal/20260807T161432Z_1c045bd7e750_stage08_b02_formal_8d000306/operator_dtype_evidence_triang_not_applicable_20260807T161432Z_1c045bd7e750_stage08_b02_formal_8d000306.csv","20260807T161432Z_1c045bd7e750_stage08_b02_formal_8d000306","triang__triang_fp16_10e2__7f7d081aa0af5dfa__sym","triang","FP16",,"request_variant_no_typed_data_input","0","length:INT32=100|sym:BOOL=true",,,,"7f7d081aa0af5dfac9cbd2114e6e1ae81fa1069a67d6310ffd6db02c7f813864",,,,,,,,,,,,"PASS","OK"
"stage08","stage08_b02_strict_dtype","formal","dtype_and_input_contract","runs/stage08_b02_strict_dtype/formal/20260807T161433Z_1c045bd7e750_stage08_b02_formal_8d000307/operator_dtype_evidence_triang_not_applicable_20260807T161433Z_1c045bd7e750_stage08_b02_formal_8d000307.csv","20260807T161433Z_1c045bd7e750_stage08_b02_formal_8d000307","triang__triang_fp16_10e2__dcd591d59c1c4f03__periodic","triang","FP16",,"request_variant_no_typed_data_input","0","length:INT32=100|sym:BOOL=false",,,,"dcd591d59c1c4f0312f128d800410df4856990f61a8c1880dc74ce18946cc2c7",,,,,,,,,,,,"PASS","OK"
"stage08","stage08_b02_strict_dtype","formal","dtype_and_input_contract","runs/stage08_b02_strict_dtype/formal/20260807T161433Z_1c045bd7e750_stage08_b02_formal_8d000308/operator_dtype_evidence_triang_not_applicable_20260807T161433Z_1c045bd7e750_stage08_b02_formal_8d000308.csv","20260807T161433Z_1c045bd7e750_stage08_b02_formal_8d000308","triang__triang_fp16_10e3__6da158ece72508d2__sym","triang","FP16",,"request_variant_no_typed_data_input","0","length:INT32=1000|sym:BOOL=true",,,,"6da158ece72508d29649124d2d289624f6020920ecb9c5233ac6aa50ef535fe7",,,,,,,,,,,,"PASS","OK"
"stage08","stage08_b02_strict_dtype","formal","dtype_and_input_contract","runs/stage08_b02_strict_dtype/formal/20260807T161433Z_1c045bd7e750_stage08_b02_formal_8d000309/operator_dtype_evidence_triang_not_applicable_20260807T161433Z_1c045bd7e750_stage08_b02_formal_8d000309.csv","20260807T161433Z_1c045bd7e750_stage08_b02_formal_8d000309","triang__triang_fp16_10e3__2c38ec22bc77639b__periodic","triang","FP16",,"request_variant_no_typed_data_input","0","length:INT32=1000|sym:BOOL=false",,,,"2c38ec22bc77639b93e2a6d9754d3f2496f591bfbe0e68f1bc4d9177dfcd796d",,,,,,,,,,,,"PASS","OK"
"stage08","stage08_b02_strict_dtype","formal","dtype_and_input_contract","runs/stage08_b02_strict_dtype/formal/20260807T161433Z_1c045bd7e750_stage08_b02_formal_8d00030a/operator_dtype_evidence_triang_not_applicable_20260807T161433Z_1c045bd7e750_stage08_b02_formal_8d00030a.csv","20260807T161433Z_1c045bd7e750_stage08_b02_formal_8d00030a","triang__triang_fp16_10e4__cadad88e333e0a70__sym","triang","FP16",,"request_variant_no_typed_data_input","0","length:INT32=10000|sym:BOOL=true",,,,"cadad88e333e0a70670079f972e771752bdabf67365c62ae56f8a799cc6ee292",,,,,,,,,,,,"PASS","OK"
"stage08","stage08_b02_strict_dtype","formal","dtype_and_input_contract","runs/stage08_b02_strict_dtype/formal/20260807T161433Z_1c045bd7e750_stage08_b02_formal_8d00030b/operator_dtype_evidence_triang_not_applicable_20260807T161433Z_1c045bd7e750_stage08_b02_formal_8d00030b.csv","20260807T161433Z_1c045bd7e750_stage08_b02_formal_8d00030b","triang__triang_fp16_10e4__76494d2bef81be4b__periodic","triang","FP16",,"request_variant_no_typed_data_input","0","length:INT32=10000|sym:BOOL=false",,,,"76494d2bef81be4babb51863b4a08c8e06a6b0ede8b9d8b479d3302163638ae0",,,,,,,,,,,,"PASS","OK"
"stage08","stage08_b02_strict_dtype","formal","dtype_and_input_contract","runs/stage08_b02_strict_dtype/formal/20260807T161433Z_1c045bd7e750_stage08_b02_formal_8d00030c/operator_dtype_evidence_triang_not_applicable_20260807T161433Z_1c045bd7e750_stage08_b02_formal_8d00030c.csv","20260807T161433Z_1c045bd7e750_stage08_b02_formal_8d00030c","triang__triang_int32_10e2__7f7d081aa0af5dfa__sym","triang","INT32",,"request_variant_no_typed_data_input","0","length:INT32=100|sym:BOOL=true",,,,"7f7d081aa0af5dfac9cbd2114e6e1ae81fa1069a67d6310ffd6db02c7f813864",,,,,,,,,,,,"PASS","OK"
"stage08","stage08_b02_strict_dtype","formal","dtype_and_input_contract","runs/stage08_b02_strict_dtype/formal/20260807T161433Z_1c045bd7e750_stage08_b02_formal_8d00030d/operator_dtype_evidence_triang_not_applicable_20260807T161433Z_1c045bd7e750_stage08_b02_formal_8d00030d.csv","20260807T161433Z_1c045bd7e750_stage08_b02_formal_8d00030d","triang__triang_int32_10e2__dcd591d59c1c4f03__periodic","triang","INT32",,"request_variant_no_typed_data_input","0","length:INT32=100|sym:BOOL=false",,,,"dcd591d59c1c4f0312f128d800410df4856990f61a8c1880dc74ce18946cc2c7",,,,,,,,,,,,"PASS","OK"
"stage08","stage08_b02_strict_dtype","formal","dtype_and_input_contract","runs/stage08_b02_strict_dtype/formal/20260807T161433Z_1c045bd7e750_stage08_b02_formal_8d00030e/operator_dtype_evidence_triang_not_applicable_20260807T161433Z_1c045bd7e750_stage08_b02_formal_8d00030e.csv","20260807T161433Z_1c045bd7e750_stage08_b02_formal_8d00030e","triang__triang_int32_10e3__6da158ece72508d2__sym","triang","INT32",,"request_variant_no_typed_data_input","0","length:INT32=1000|sym:BOOL=true",,,,"6da158ece72508d29649124d2d289624f6020920ecb9c5233ac6aa50ef535fe7",,,,,,,,,,,,"PASS","OK"
"stage08","stage08_b02_strict_dtype","formal","dtype_and_input_contract","runs/stage08_b02_strict_dtype/formal/20260807T161433Z_1c045bd7e750_stage08_b02_formal_8d00030f/operator_dtype_evidence_triang_not_applicable_20260807T161433Z_1c045bd7e750_stage08_b02_formal_8d00030f.csv","20260807T161433Z_1c045bd7e750_stage08_b02_formal_8d00030f","triang__triang_int32_10e3__2c38ec22bc77639b__periodic","triang","INT32",,"request_variant_no_typed_data_input","0","length:INT32=1000|sym:BOOL=false",,,,"2c38ec22bc77639b93e2a6d9754d3f2496f591bfbe0e68f1bc4d9177dfcd796d",,,,,,,,,,,,"PASS","OK"
"stage08","stage08_b02_strict_dtype","formal","dtype_and_input_contract","runs/stage08_b02_strict_dtype/formal/20260807T161433Z_1c045bd7e750_stage08_b02_formal_8d000310/operator_dtype_evidence_triang_not_applicable_20260807T161433Z_1c045bd7e750_stage08_b02_formal_8d000310.csv","20260807T161433Z_1c045bd7e750_stage08_b02_formal_8d000310","triang__triang_int32_10e4__cadad88e333e0a70__sym","triang","INT32",,"request_variant_no_typed_data_input","0","length:INT32=10000|sym:BOOL=true",,,,"cadad88e333e0a70670079f972e771752bdabf67365c62ae56f8a799cc6ee292",,,,,,,,,,,,"PASS","OK"
"stage08","stage08_b02_strict_dtype","formal","dtype_and_input_contract","runs/stage08_b02_strict_dtype/formal/20260807T161434Z_1c045bd7e750_stage08_b02_formal_8d000311/operator_dtype_evidence_triang_not_applicable_20260807T161434Z_1c045bd7e750_stage08_b02_formal_8d000311.csv","20260807T161434Z_1c045bd7e750_stage08_b02_formal_8d000311","triang__triang_int32_10e4__76494d2bef81be4b__periodic","triang","INT32",,"request_variant_no_typed_data_input","0","length:INT32=10000|sym:BOOL=false",,,,"76494d2bef81be4babb51863b4a08c8e06a6b0ede8b9d8b479d3302163638ae0",,,,,,,,,,,,"PASS","OK"
"stage08","stage08_b02_strict_dtype","formal","dtype_and_input_contract","runs/stage08_b02_strict_dtype/formal/20260807T161434Z_1c045bd7e750_stage08_b02_formal_8d000312/operator_dtype_evidence_triang_not_applicable_20260807T161434Z_1c045bd7e750_stage08_b02_formal_8d000312.csv","20260807T161434Z_1c045bd7e750_stage08_b02_formal_8d000312","triang__triang_int16_10e2__7f7d081aa0af5dfa__sym","triang","INT16",,"request_variant_no_typed_data_input","0","length:INT32=100|sym:BOOL=true",,,,"7f7d081aa0af5dfac9cbd2114e6e1ae81fa1069a67d6310ffd6db02c7f813864",,,,,,,,,,,,"PASS","OK"
"stage08","stage08_b02_strict_dtype","formal","dtype_and_input_contract","runs/stage08_b02_strict_dtype/formal/20260807T161434Z_1c045bd7e750_stage08_b02_formal_8d000313/operator_dtype_evidence_triang_not_applicable_20260807T161434Z_1c045bd7e750_stage08_b02_formal_8d000313.csv","20260807T161434Z_1c045bd7e750_stage08_b02_formal_8d000313","triang__triang_int16_10e2__dcd591d59c1c4f03__periodic","triang","INT16",,"request_variant_no_typed_data_input","0","length:INT32=100|sym:BOOL=false",,,,"dcd591d59c1c4f0312f128d800410df4856990f61a8c1880dc74ce18946cc2c7",,,,,,,,,,,,"PASS","OK"
"stage08","stage08_b02_strict_dtype","formal","dtype_and_input_contract","runs/stage08_b02_strict_dtype/formal/20260807T161434Z_1c045bd7e750_stage08_b02_formal_8d000314/operator_dtype_evidence_triang_not_applicable_20260807T161434Z_1c045bd7e750_stage08_b02_formal_8d000314.csv","20260807T161434Z_1c045bd7e750_stage08_b02_formal_8d000314","triang__triang_int16_10e3__6da158ece72508d2__sym","triang","INT16",,"request_variant_no_typed_data_input","0","length:INT32=1000|sym:BOOL=true",,,,"6da158ece72508d29649124d2d289624f6020920ecb9c5233ac6aa50ef535fe7",,,,,,,,,,,,"PASS","OK"
"stage08","stage08_b02_strict_dtype","formal","dtype_and_input_contract","runs/stage08_b02_strict_dtype/formal/20260807T161434Z_1c045bd7e750_stage08_b02_formal_8d000315/operator_dtype_evidence_triang_not_applicable_20260807T161434Z_1c045bd7e750_stage08_b02_formal_8d000315.csv","20260807T161434Z_1c045bd7e750_stage08_b02_formal_8d000315","triang__triang_int16_10e3__2c38ec22bc77639b__periodic","triang","INT16",,"request_variant_no_typed_data_input","0","length:INT32=1000|sym:BOOL=false",,,,"2c38ec22bc77639b93e2a6d9754d3f2496f591bfbe0e68f1bc4d9177dfcd796d",,,,,,,,,,,,"PASS","OK"
"stage08","stage08_b02_strict_dtype","formal","dtype_and_input_contract","runs/stage08_b02_strict_dtype/formal/20260807T161434Z_1c045bd7e750_stage08_b02_formal_8d000316/operator_dtype_evidence_triang_not_applicable_20260807T161434Z_1c045bd7e750_stage08_b02_formal_8d000316.csv","20260807T161434Z_1c045bd7e750_stage08_b02_formal_8d000316","triang__triang_int16_10e4__cadad88e333e0a70__sym","triang","INT16",,"request_variant_no_typed_data_input","0","length:INT32=10000|sym:BOOL=true",,,,"cadad88e333e0a70670079f972e771752bdabf67365c62ae56f8a799cc6ee292",,,,,,,,,,,,"PASS","OK"
"stage08","stage08_b02_strict_dtype","formal","dtype_and_input_contract","runs/stage08_b02_strict_dtype/formal/20260807T161434Z_1c045bd7e750_stage08_b02_formal_8d000317/operator_dtype_evidence_triang_not_applicable_20260807T161434Z_1c045bd7e750_stage08_b02_formal_8d000317.csv","20260807T161434Z_1c045bd7e750_stage08_b02_formal_8d000317","triang__triang_int16_10e4__76494d2bef81be4b__periodic","triang","INT16",,"request_variant_no_typed_data_input","0","length:INT32=10000|sym:BOOL=false",,,,"76494d2bef81be4babb51863b4a08c8e06a6b0ede8b9d8b479d3302163638ae0",,,,,,,,,,,,"PASS","OK"
"stage08","stage08_b02_strict_dtype","formal","dtype_and_input_contract","runs/stage08_b02_strict_dtype/formal/20260807T161434Z_1c045bd7e750_stage08_b02_formal_8d000318/operator_dtype_evidence_triang_not_applicable_20260807T161434Z_1c045bd7e750_stage08_b02_formal_8d000318.csv","20260807T161434Z_1c045bd7e750_stage08_b02_formal_8d000318","triang__triang_int8_10e2__7f7d081aa0af5dfa__sym","triang","INT8",,"request_variant_no_typed_data_input","0","length:INT32=100|sym:BOOL=true",,,,"7f7d081aa0af5dfac9cbd2114e6e1ae81fa1069a67d6310ffd6db02c7f813864",,,,,,,,,,,,"PASS","OK"
"stage08","stage08_b02_strict_dtype","formal","dtype_and_input_contract","runs/stage08_b02_strict_dtype/formal/20260807T161434Z_1c045bd7e750_stage08_b02_formal_8d000319/operator_dtype_evidence_triang_not_applicable_20260807T161434Z_1c045bd7e750_stage08_b02_formal_8d000319.csv","20260807T161434Z_1c045bd7e750_stage08_b02_formal_8d000319","triang__triang_int8_10e2__dcd591d59c1c4f03__periodic","triang","INT8",,"request_variant_no_typed_data_input","0","length:INT32=100|sym:BOOL=false",,,,"dcd591d59c1c4f0312f128d800410df4856990f61a8c1880dc74ce18946cc2c7",,,,,,,,,,,,"PASS","OK"
"stage08","stage08_b02_strict_dtype","formal","dtype_and_input_contract","runs/stage08_b02_strict_dtype/formal/20260807T161434Z_1c045bd7e750_stage08_b02_formal_8d00031a/operator_dtype_evidence_triang_not_applicable_20260807T161434Z_1c045bd7e750_stage08_b02_formal_8d00031a.csv","20260807T161434Z_1c045bd7e750_stage08_b02_formal_8d00031a","triang__triang_int8_10e3__6da158ece72508d2__sym","triang","INT8",,"request_variant_no_typed_data_input","0","length:INT32=1000|sym:BOOL=true",,,,"6da158ece72508d29649124d2d289624f6020920ecb9c5233ac6aa50ef535fe7",,,,,,,,,,,,"PASS","OK"
"stage08","stage08_b02_strict_dtype","formal","dtype_and_input_contract","runs/stage08_b02_strict_dtype/formal/20260807T161434Z_1c045bd7e750_stage08_b02_formal_8d00031b/operator_dtype_evidence_triang_not_applicable_20260807T161434Z_1c045bd7e750_stage08_b02_formal_8d00031b.csv","20260807T161434Z_1c045bd7e750_stage08_b02_formal_8d00031b","triang__triang_int8_10e3__2c38ec22bc77639b__periodic","triang","INT8",,"request_variant_no_typed_data_input","0","length:INT32=1000|sym:BOOL=false",,,,"2c38ec22bc77639b93e2a6d9754d3f2496f591bfbe0e68f1bc4d9177dfcd796d",,,,,,,,,,,,"PASS","OK"
"stage08","stage08_b02_strict_dtype","formal","dtype_and_input_contract","runs/stage08_b02_strict_dtype/formal/20260807T161435Z_1c045bd7e750_stage08_b02_formal_8d00031c/operator_dtype_evidence_triang_not_applicable_20260807T161435Z_1c045bd7e750_stage08_b02_formal_8d00031c.csv","20260807T161435Z_1c045bd7e750_stage08_b02_formal_8d00031c","triang__triang_int8_10e4__cadad88e333e0a70__sym","triang","INT8",,"request_variant_no_typed_data_input","0","length:INT32=10000|sym:BOOL=true",,,,"cadad88e333e0a70670079f972e771752bdabf67365c62ae56f8a799cc6ee292",,,,,,,,,,,,"PASS","OK"
"stage08","stage08_b02_strict_dtype","formal","dtype_and_input_contract","runs/stage08_b02_strict_dtype/formal/20260807T161435Z_1c045bd7e750_stage08_b02_formal_8d00031d/operator_dtype_evidence_triang_not_applicable_20260807T161435Z_1c045bd7e750_stage08_b02_formal_8d00031d.csv","20260807T161435Z_1c045bd7e750_stage08_b02_formal_8d00031d","triang__triang_int8_10e4__76494d2bef81be4b__periodic","triang","INT8",,"request_variant_no_typed_data_input","0","length:INT32=10000|sym:BOOL=false",,,,"76494d2bef81be4babb51863b4a08c8e06a6b0ede8b9d8b479d3302163638ae0",,,,,,,,,,,,"PASS","OK"
"stage08","stage08_b02_strict_dtype","smoke","dtype_and_input_contract","runs/stage08_b02_strict_dtype/smoke/20260807T160440Z_cd8c8eb759e2_stage08_b02_smoke_8c000002/operator_dtype_evidence_taylor_not_applicable_20260807T160440Z_cd8c8eb759e2_stage08_b02_smoke_8c000002.csv","20260807T160440Z_cd8c8eb759e2_stage08_b02_smoke_8c000002","taylor__taylor_fp16_10e2__531efa49a738157b__sym","taylor","FP16",,"actual_typed_scalar_input","1","length:INT32=100|sym:BOOL=true|sidelobe_level_db:FP16:bytes=804f",,,,"531efa49a738157bc75b4ac6d47040fd154d0b79a53745405822eb6691a21df7",,,,,,,,,,,,"PASS","OK"
"stage08","stage08_b03_channelize_poly_0b2008e7f76a","formal","dtype_and_input_contract","runs/stage08_b03_channelize_poly_0b2008e7f76a/formal/20260809T091033Z_0b2008e7f76a_stage08_b03_formal_8303f000/operator_dtype_evidence_channelize_poly_fft_thrust_20260809T091033Z_0b2008e7f76a_stage08_b03_formal_8303f000.csv","20260809T091033Z_0b2008e7f76a_stage08_b03_formal_8303f000","channelize_poly__channelize_poly_fp32_10e2__b6e2f353c8853cdd","channelize_poly","FP32",,"actual_typed_array_inputs_fp32_compute_extension","2","x:FP32:[128]:bytes=512:sha256=a77bf42e2c86562f8cfd734074f488b4350e3e3126ca2459470b118f5801366a|h:FP32:[32]:bytes=128:sha256=aad063f70d4795d46dda4bdd3a4ff1f1a1b6c0337ba403c3a232a38b759c87a3",,,,"b6e2f353c8853cddcf85e3c02d052280d158379ab9b9c415f42db9ed5e61d864","FP32",,"ComplexFP32","ComplexFP32",,,,,,,,"PASS","OK"
"stage08","stage08_b03_channelize_poly_0b2008e7f76a","formal","dtype_and_input_contract","runs/stage08_b03_channelize_poly_0b2008e7f76a/formal/20260809T091033Z_0b2008e7f76a_stage08_b03_formal_8303f001/operator_dtype_evidence_channelize_poly_fft_thrust_20260809T091033Z_0b2008e7f76a_stage08_b03_formal_8303f001.csv","20260809T091033Z_0b2008e7f76a_stage08_b03_formal_8303f001","channelize_poly__channelize_poly_fp32_10e3__b71186f739fb4d74","channelize_poly","FP32",,"actual_typed_array_inputs_fp32_compute_extension","2","x:FP32:[1024]:bytes=4096:sha256=9d81eec7d1bce7aad6c9b919ec6908bdca9d2efd961e5317b3f23444671ca775|h:FP32:[64]:bytes=256:sha256=eca02de6e2ffa503b43e393c45ffc8b071fec6e11d17e88515d53a6418507ab3",,,,"b71186f739fb4d74e354dfb4c54ecc3f4eacbaf1254621470c3c8d3165e1c401","FP32",,"ComplexFP32","ComplexFP32",,,,,,,,"PASS","OK"
"stage08","stage08_b03_channelize_poly_0b2008e7f76a","formal","dtype_and_input_contract","runs/stage08_b03_channelize_poly_0b2008e7f76a/formal/20260809T091034Z_0b2008e7f76a_stage08_b03_formal_8303f002/operator_dtype_evidence_channelize_poly_fft_thrust_20260809T091034Z_0b2008e7f76a_stage08_b03_formal_8303f002.csv","20260809T091034Z_0b2008e7f76a_stage08_b03_formal_8303f002","channelize_poly__channelize_poly_fp32_10e4__0b2c8ae2bdb0a103","channelize_poly","FP32",,"actual_typed_array_inputs_fp32_compute_extension","2","x:FP32:[16384]:bytes=65536:sha256=f7285680be2f6ffd990a8c328b27ee89acea5f228f8a667d01e13d2c1d7dbca3|h:FP32:[256]:bytes=1024:sha256=7948f4abffaddf89a66e7caf9ac271cfa2ab461100283f2e7a3b9708f46c4e48",,,,"0b2c8ae2bdb0a103e6f264429c0e32b57591d75c9c92231f24f1dba29d470834","FP32",,"ComplexFP32","ComplexFP32",,,,,,,,"PASS","OK"
"stage08","stage08_b03_channelize_poly_0b2008e7f76a","formal","dtype_and_input_contract","runs/stage08_b03_channelize_poly_0b2008e7f76a/formal/20260809T091043Z_0b2008e7f76a_stage08_b03_formal_8303f003/operator_dtype_evidence_channelize_poly_fft_thrust_20260809T091043Z_0b2008e7f76a_stage08_b03_formal_8303f003.csv","20260809T091043Z_0b2008e7f76a_stage08_b03_formal_8303f003","channelize_poly__channelize_poly_fp16_10e2__2ff5778de9c3c0fa","channelize_poly","FP16",,"actual_typed_array_inputs_fp32_compute_extension","2","x:FP16:[128]:bytes=256:sha256=8f05f4fdaafa58338d030f784f85d0b81058f29b03cced1724be9dbdc81859eb|h:FP16:[32]:bytes=64:sha256=bf2d8cbcb4c2ab03b14bfec75204e314be5a973d94a72b138414c0cc2b770c67",,,,"2ff5778de9c3c0fa3a604e20277d5a9a5922c2f935b1ce2584bd8b29946562d3","FP32",,"ComplexFP32","ComplexFP32",,,,,,,,"PASS","OK"
"stage08","stage08_b03_channelize_poly_0b2008e7f76a","formal","dtype_and_input_contract","runs/stage08_b03_channelize_poly_0b2008e7f76a/formal/20260809T091043Z_0b2008e7f76a_stage08_b03_formal_8303f004/operator_dtype_evidence_channelize_poly_fft_thrust_20260809T091043Z_0b2008e7f76a_stage08_b03_formal_8303f004.csv","20260809T091043Z_0b2008e7f76a_stage08_b03_formal_8303f004","channelize_poly__channelize_poly_fp16_10e3__d33e5a79a136f9ef","channelize_poly","FP16",,"actual_typed_array_inputs_fp32_compute_extension","2","x:FP16:[1024]:bytes=2048:sha256=fa9dd069e5bb755b401e6920fe3d03cb5397a9c54ae1fe59338d6b394ab99d8a|h:FP16:[64]:bytes=128:sha256=c00e35a85526d72d4964bda10503a045374491bd3b680e96bc0a61ffe67c570e",,,,"d33e5a79a136f9ef1e87982d6250c836e6470981430db1c7d9708b08a67c9c08","FP32",,"ComplexFP32","ComplexFP32",,,,,,,,"PASS","OK"
"stage08","stage08_b03_channelize_poly_0b2008e7f76a","formal","dtype_and_input_contract","runs/stage08_b03_channelize_poly_0b2008e7f76a/formal/20260809T091044Z_0b2008e7f76a_stage08_b03_formal_8303f005/operator_dtype_evidence_channelize_poly_fft_thrust_20260809T091044Z_0b2008e7f76a_stage08_b03_formal_8303f005.csv","20260809T091044Z_0b2008e7f76a_stage08_b03_formal_8303f005","channelize_poly__channelize_poly_fp16_10e4__d8ee7bb4fec58752","channelize_poly","FP16",,"actual_typed_array_inputs_fp32_compute_extension","2","x:FP16:[16384]:bytes=32768:sha256=4a3b652e09d21e47e4c1b27ec83382207a2066cd99721fd2d8a29021841e640b|h:FP16:[256]:bytes=512:sha256=786f069c223ecb27a0c2b5d6b3ac5cfad33b290c2d2bd94450c16035e8928290",,,,"d8ee7bb4fec5875201220876224d7a3e234c661196ddfeafd609b775e9365021","FP32",,"ComplexFP32","ComplexFP32",,,,,,,,"PASS","OK"
"stage08","stage08_b03_channelize_poly_0b2008e7f76a","formal","dtype_and_input_contract","runs/stage08_b03_channelize_poly_0b2008e7f76a/formal/20260809T091111Z_0b2008e7f76a_stage08_b03_formal_8303f006/operator_dtype_evidence_channelize_poly_fft_thrust_20260809T091111Z_0b2008e7f76a_stage08_b03_formal_8303f006.csv","20260809T091111Z_0b2008e7f76a_stage08_b03_formal_8303f006","channelize_poly__channelize_poly_int32_10e2__97f3ee30cd9ac943","channelize_poly","INT32",,"actual_typed_array_inputs_fp32_compute_extension","2","x:INT32:[128]:bytes=512:sha256=58e964a5c6b4087e524736df73b4d473207d113075a20ef1f645575b2dffb3a3|h:INT32:[32]:bytes=128:sha256=a535eea0719763e773297f2a8d0ee0994c9846b0a504b953a1d5768ed626ee1e",,,,"97f3ee30cd9ac943635144f243d175a37a9677b97c0ee08dbc680376b830e092","FP32",,"ComplexFP32","ComplexFP32",,,,,,,,"PASS","OK"
"stage08","stage08_b03_channelize_poly_0b2008e7f76a","formal","dtype_and_input_contract","runs/stage08_b03_channelize_poly_0b2008e7f76a/formal/20260809T091111Z_0b2008e7f76a_stage08_b03_formal_8303f007/operator_dtype_evidence_channelize_poly_fft_thrust_20260809T091111Z_0b2008e7f76a_stage08_b03_formal_8303f007.csv","20260809T091111Z_0b2008e7f76a_stage08_b03_formal_8303f007","channelize_poly__channelize_poly_int32_10e3__3419666f653392f3","channelize_poly","INT32",,"actual_typed_array_inputs_fp32_compute_extension","2","x:INT32:[1024]:bytes=4096:sha256=e6d86123520f0503b1468868f9f663935a8616f7f9b3e2579a481aaccab586e7|h:INT32:[64]:bytes=256:sha256=2de2b8fc87f56302bd35a6a45e82633a6312a34d31941026b5cd1b0567adcf08",,,,"3419666f653392f315509f9f102e8df95fed833a38f83df6d548ec1fd8d3d718","FP32",,"ComplexFP32","ComplexFP32",,,,,,,,"PASS","OK"
"stage08","stage08_b03_channelize_poly_0b2008e7f76a","formal","dtype_and_input_contract","runs/stage08_b03_channelize_poly_0b2008e7f76a/formal/20260809T091111Z_0b2008e7f76a_stage08_b03_formal_8303f008/operator_dtype_evidence_channelize_poly_fft_thrust_20260809T091111Z_0b2008e7f76a_stage08_b03_formal_8303f008.csv","20260809T091111Z_0b2008e7f76a_stage08_b03_formal_8303f008","channelize_poly__channelize_poly_int32_10e4__31494cf4c7cb69ba","channelize_poly","INT32",,"actual_typed_array_inputs_fp32_compute_extension","2","x:INT32:[16384]:bytes=65536:sha256=2cb2c1301bae099cfc404784f3e269b1f7f70e1a5990a7742cd468844b19d31d|h:INT32:[256]:bytes=1024:sha256=f2d0746ee7781cb32a5ae6c88203ea72433a5a1b6cc1671b0efb37002dff9d58",,,,"31494cf4c7cb69ba94b21b1b50a7368854b396eb8c2447dfa4175fd94164dfd8","FP32",,"ComplexFP32","ComplexFP32",,,,,,,,"PASS","OK"
"stage08","stage08_b03_channelize_poly_0b2008e7f76a","formal","dtype_and_input_contract","runs/stage08_b03_channelize_poly_0b2008e7f76a/formal/20260809T091120Z_0b2008e7f76a_stage08_b03_formal_8303f009/operator_dtype_evidence_channelize_poly_fft_thrust_20260809T091120Z_0b2008e7f76a_stage08_b03_formal_8303f009.csv","20260809T091120Z_0b2008e7f76a_stage08_b03_formal_8303f009","channelize_poly__channelize_poly_int16_10e2__1464f14c428bbf20","channelize_poly","INT16",,"actual_typed_array_inputs_fp32_compute_extension","2","x:INT16:[128]:bytes=256:sha256=0bc4e75a9f8018d0c9717ed039d3015bb10e922314dd3820a1b5837a0ed6e129|h:INT16:[32]:bytes=64:sha256=e26287a42972e722d0024ef1cc0542b5720b4d1afa872357c9b4bf3916e1428e",,,,"1464f14c428bbf20b9d1450dc3ad00ac09f034e4d64fe85f907aaa6785d38bcc","FP32",,"ComplexFP32","ComplexFP32",,,,,,,,"PASS","OK"
"stage08","stage08_b03_channelize_poly_0b2008e7f76a","formal","dtype_and_input_contract","runs/stage08_b03_channelize_poly_0b2008e7f76a/formal/20260809T091121Z_0b2008e7f76a_stage08_b03_formal_8303f00a/operator_dtype_evidence_channelize_poly_fft_thrust_20260809T091121Z_0b2008e7f76a_stage08_b03_formal_8303f00a.csv","20260809T091121Z_0b2008e7f76a_stage08_b03_formal_8303f00a","channelize_poly__channelize_poly_int16_10e3__68cdb28285c70a32","channelize_poly","INT16",,"actual_typed_array_inputs_fp32_compute_extension","2","x:INT16:[1024]:bytes=2048:sha256=348067d5425035ab8d7defef858d35b2fa2755d77f59a5a1c5da8da899f418ad|h:INT16:[64]:bytes=128:sha256=c095b247368fd0b59971ba9764b077b67837a81c324e4584d98832f76a075c4e",,,,"68cdb28285c70a32c31cef15c7eecdc697106d25f369548d72d94894589122f8","FP32",,"ComplexFP32","ComplexFP32",,,,,,,,"PASS","OK"
"stage08","stage08_b03_channelize_poly_0b2008e7f76a","formal","dtype_and_input_contract","runs/stage08_b03_channelize_poly_0b2008e7f76a/formal/20260809T091121Z_0b2008e7f76a_stage08_b03_formal_8303f00b/operator_dtype_evidence_channelize_poly_fft_thrust_20260809T091121Z_0b2008e7f76a_stage08_b03_formal_8303f00b.csv","20260809T091121Z_0b2008e7f76a_stage08_b03_formal_8303f00b","channelize_poly__channelize_poly_int16_10e4__808b2d4a7005878f","channelize_poly","INT16",,"actual_typed_array_inputs_fp32_compute_extension","2","x:INT16:[16384]:bytes=32768:sha256=1ced302ea825ab3aef92ceede835cd53d5ab27c43daac4ca5cd1ad87135dd939|h:INT16:[256]:bytes=512:sha256=43cdefd497ad88215837ca55900239fcbefb24a2721c169fdf68effe292a5224",,,,"808b2d4a7005878fd57f7633044f7f3e94cd0c2c887c32c7f2ccf8c22f2f4f53","FP32",,"ComplexFP32","ComplexFP32",,,,,,,,"PASS","OK"
"stage08","stage08_b03_channelize_poly_0b2008e7f76a","formal","dtype_and_input_contract","runs/stage08_b03_channelize_poly_0b2008e7f76a/formal/20260809T091130Z_0b2008e7f76a_stage08_b03_formal_8303f00c/operator_dtype_evidence_channelize_poly_fft_thrust_20260809T091130Z_0b2008e7f76a_stage08_b03_formal_8303f00c.csv","20260809T091130Z_0b2008e7f76a_stage08_b03_formal_8303f00c","channelize_poly__channelize_poly_int8_10e2__630349d9c47b1bf9","channelize_poly","INT8",,"actual_typed_array_inputs_fp32_compute_extension","2","x:INT8:[128]:bytes=128:sha256=d4a1b02d6496c9dc4ed7edf8ea0e7339cec582cc74089848a81d07c8b3df85b6|h:INT8:[32]:bytes=32:sha256=cdb21eb3de7c5ddbc5956a086ca32d880c123dfea9574ebf8f6ba59f4d36c58a",,,,"630349d9c47b1bf9d98e1d65a49269ade37fd420f07651579646246ba3b65fff","FP32",,"ComplexFP32","ComplexFP32",,,,,,,,"PASS","OK"
"stage08","stage08_b03_channelize_poly_0b2008e7f76a","formal","dtype_and_input_contract","runs/stage08_b03_channelize_poly_0b2008e7f76a/formal/20260809T091130Z_0b2008e7f76a_stage08_b03_formal_8303f00d/operator_dtype_evidence_channelize_poly_fft_thrust_20260809T091130Z_0b2008e7f76a_stage08_b03_formal_8303f00d.csv","20260809T091130Z_0b2008e7f76a_stage08_b03_formal_8303f00d","channelize_poly__channelize_poly_int8_10e3__3220346b7d93596c","channelize_poly","INT8",,"actual_typed_array_inputs_fp32_compute_extension","2","x:INT8:[1024]:bytes=1024:sha256=1b62793517ed50ce58dbc3d41d76870dcd68210488959029142a8c3393e42cd5|h:INT8:[64]:bytes=64:sha256=bfc8e717aeb0cfa9d781b97748d933812638fedf88267420da3b0d3c9f3f1f93",,,,"3220346b7d93596c61ca45590c1af2aedd012f87343b566b81aa3429ef662b09","FP32",,"ComplexFP32","ComplexFP32",,,,,,,,"PASS","OK"
"stage08","stage08_b03_channelize_poly_0b2008e7f76a","formal","dtype_and_input_contract","runs/stage08_b03_channelize_poly_0b2008e7f76a/formal/20260809T091131Z_0b2008e7f76a_stage08_b03_formal_8303f00e/operator_dtype_evidence_channelize_poly_fft_thrust_20260809T091131Z_0b2008e7f76a_stage08_b03_formal_8303f00e.csv","20260809T091131Z_0b2008e7f76a_stage08_b03_formal_8303f00e","channelize_poly__channelize_poly_int8_10e4__9cf0a62e2c587aae","channelize_poly","INT8",,"actual_typed_array_inputs_fp32_compute_extension","2","x:INT8:[16384]:bytes=16384:sha256=a4d48df603e53df33f6f863583dd71476c29dea05774663e8f1f04e48b72b4e3|h:INT8:[256]:bytes=256:sha256=eb7d61784ef395904e4690288a95f5a2e91a4f0b3eab4e77980020e14bfbf670",,,,"9cf0a62e2c587aae7237ffb3f68c6b50beab3ba10f6f3f0cd89bc90a7133ef4c","FP32",,"ComplexFP32","ComplexFP32",,,,,,,,"PASS","OK"
"stage08","stage08_b03_channelize_poly_dev","smoke","dtype_and_input_contract","runs/stage08_b03_channelize_poly_dev/smoke/20260809T075000Z_7c421dc7fa53_stage08_b03_smoke_8302a001/operator_dtype_evidence_channelize_poly_fft_thrust_20260809T075000Z_7c421dc7fa53_stage08_b03_smoke_8302a001.csv","20260809T075000Z_7c421dc7fa53_stage08_b03_smoke_8302a001","channelize_poly__channelize_poly_fp16_10e2__2ff5778de9c3c0fa","channelize_poly","FP16",,"actual_typed_array_inputs_fp32_compute_extension","2","x:FP16:[128]:bytes=256:sha256=8f05f4fdaafa58338d030f784f85d0b81058f29b03cced1724be9dbdc81859eb|h:FP16:[32]:bytes=64:sha256=bf2d8cbcb4c2ab03b14bfec75204e314be5a973d94a72b138414c0cc2b770c67",,,,"2ff5778de9c3c0fa3a604e20277d5a9a5922c2f935b1ce2584bd8b29946562d3","FP32",,"ComplexFP32","ComplexFP32",,,,,,,,"PASS","OK"
"stage08","stage08_b03_decimate_02b9734201c9","formal","dtype_and_input_contract","runs/stage08_b03_decimate_02b9734201c9/formal/20260809T104755Z_02b9734201c9_stage08_b03_formal_8343f000/operator_dtype_evidence_decimate_not_applicable_20260809T104755Z_02b9734201c9_stage08_b03_formal_8343f000.csv","20260809T104755Z_02b9734201c9_stage08_b03_formal_8343f000","decimate__decimate_fp32_10e2__acbb4b6c1f9c6818","decimate","FP32",,"actual_typed_array_inputs_fp32_fir_decimate_extension","2","x:FP32:[100]:bytes=400:sha256=ecacbe83247b04ee1229a940fad0f6e3aa7a35d40ae3b7e09379f8752e4806df|h:FP32:[5]:bytes=20:sha256=1f80c90b6fe7cfbc3603d78f5bada73bdfc0dcc4a2c35a073db2b61e5505a0ae",,,,"acbb4b6c1f9c68180591d831c1a9a4e460c2a1256382f2eed64857482a49cf9f","FP32",,"not_applicable","FP32",,,,,,,,"PASS","OK"
"stage08","stage08_b03_decimate_02b9734201c9","formal","dtype_and_input_contract","runs/stage08_b03_decimate_02b9734201c9/formal/20260809T104755Z_02b9734201c9_stage08_b03_formal_8343f001/operator_dtype_evidence_decimate_not_applicable_20260809T104755Z_02b9734201c9_stage08_b03_formal_8343f001.csv","20260809T104755Z_02b9734201c9_stage08_b03_formal_8343f001","decimate__decimate_fp32_10e3__5050f57f24efade3","decimate","FP32",,"actual_typed_array_input_fp32_fir_decimate_extension","1","x:FP32:[1024]:bytes=4096:sha256=403c1261dd2ef99e2230f24679b2ea8f61091c373d4da07956a7040595ac96e4",,,,"5050f57f24efade38c1473387f826dc491c90e9364f4dea14d050565087a283a","FP32",,"not_applicable","FP64",,,,,,,,"PASS","OK"
"stage08","stage08_b03_decimate_02b9734201c9","formal","dtype_and_input_contract","runs/stage08_b03_decimate_02b9734201c9/formal/20260809T104755Z_02b9734201c9_stage08_b03_formal_8343f002/operator_dtype_evidence_decimate_not_applicable_20260809T104755Z_02b9734201c9_stage08_b03_formal_8343f002.csv","20260809T104755Z_02b9734201c9_stage08_b03_formal_8343f002","decimate__decimate_fp32_10e4__66335f10271923ec","decimate","FP32",,"actual_typed_array_inputs_fp32_fir_decimate_extension","2","x:FP32:[10000]:bytes=40000:sha256=aad9cb6430368206dceedae6fe7b959e898454f1d8b485f0762b217bab212060|h:FP32:[5]:bytes=20:sha256=1f80c90b6fe7cfbc3603d78f5bada73bdfc0dcc4a2c35a073db2b61e5505a0ae",,,,"66335f10271923eccf543f45173adb369bf49bb347fb9605c25222f8efce520c","FP32",,"not_applicable","FP32",,,,,,,,"PASS","OK"
"stage08","stage08_b03_decimate_02b9734201c9","formal","dtype_and_input_contract","runs/stage08_b03_decimate_02b9734201c9/formal/20260809T104755Z_02b9734201c9_stage08_b03_formal_8343f003/operator_dtype_evidence_decimate_not_applicable_20260809T104755Z_02b9734201c9_stage08_b03_formal_8343f003.csv","20260809T104755Z_02b9734201c9_stage08_b03_formal_8343f003","decimate__decimate_fp16_10e2__5626f96031b6150a","decimate","FP16",,"actual_typed_array_inputs_fp32_fir_decimate_extension","2","x:FP16:[100]:bytes=200:sha256=46f0cb0521b09164f475d19787887a0544b1d0931e51dd90b139f238c858a0cb|h:FP16:[5]:bytes=10:sha256=8dcc24e60c8cf422f323caa7468d298dcf7c3d8367d105679d0514e3840b0f5b",,,,"5626f96031b6150aa6d8048374014ca8b86bfc584384b0959db16a6670038c60","FP32",,"not_applicable","FP32",,,,,,,,"PASS","OK"
"stage08","stage08_b03_decimate_02b9734201c9","formal","dtype_and_input_contract","runs/stage08_b03_decimate_02b9734201c9/formal/20260809T104755Z_02b9734201c9_stage08_b03_formal_8343f004/operator_dtype_evidence_decimate_not_applicable_20260809T104755Z_02b9734201c9_stage08_b03_formal_8343f004.csv","20260809T104755Z_02b9734201c9_stage08_b03_formal_8343f004","decimate__decimate_fp16_10e3__ebd1c867d1418f96","decimate","FP16",,"actual_typed_array_input_fp32_fir_decimate_extension","1","x:FP16:[1024]:bytes=2048:sha256=658425ee73e10067238b91b1b42cccb9cd05789e6b06167ed076f7a84275f48b",,,,"ebd1c867d1418f96e2e501aac5cd89c9fd11a14badb4974d70e1c5e41ad315c2","FP32",,"not_applicable","FP64",,,,,,,,"PASS","OK"
"stage08","stage08_b03_decimate_02b9734201c9","formal","dtype_and_input_contract","runs/stage08_b03_decimate_02b9734201c9/formal/20260809T104755Z_02b9734201c9_stage08_b03_formal_8343f005/operator_dtype_evidence_decimate_not_applicable_20260809T104755Z_02b9734201c9_stage08_b03_formal_8343f005.csv","20260809T104755Z_02b9734201c9_stage08_b03_formal_8343f005","decimate__decimate_fp16_10e4__eb8eeadddda4e172","decimate","FP16",,"actual_typed_array_inputs_fp32_fir_decimate_extension","2","x:FP16:[10000]:bytes=20000:sha256=035d6cb59980c7316109b3768f2254751d5a44891effce3b2b912eb9a7e9f1eb|h:FP16:[5]:bytes=10:sha256=8dcc24e60c8cf422f323caa7468d298dcf7c3d8367d105679d0514e3840b0f5b",,,,"eb8eeadddda4e172870cdeb1eabc84412a074a014a86639da5eaedc057d602c2","FP32",,"not_applicable","FP32",,,,,,,,"PASS","OK"
"stage08","stage08_b03_decimate_02b9734201c9","formal","dtype_and_input_contract","runs/stage08_b03_decimate_02b9734201c9/formal/20260809T104755Z_02b9734201c9_stage08_b03_formal_8343f006/operator_dtype_evidence_decimate_not_applicable_20260809T104755Z_02b9734201c9_stage08_b03_formal_8343f006.csv","20260809T104755Z_02b9734201c9_stage08_b03_formal_8343f006","decimate__decimate_int32_10e2__d81407261e4e92a3","decimate","INT32",,"actual_typed_array_inputs_fp32_fir_decimate_extension","2","x:INT32:[100]:bytes=400:sha256=e9ff751a0f8598d620034b140b36e77b347749913bac8fabdb76057298fb6248|h:INT32:[5]:bytes=20:sha256=82848abcb64c407478b6c49a33062a8e2513fb2353acac6880758b6e18f7450b",,,,"d81407261e4e92a36afb5e588ac4f638f757b810c71b062e3a2735a27d0daf61","FP32",,"not_applicable","FP64",,,,,,,,"PASS","OK"
"stage08","stage08_b03_decimate_02b9734201c9","formal","dtype_and_input_contract","runs/stage08_b03_decimate_02b9734201c9/formal/20260809T104756Z_02b9734201c9_stage08_b03_formal_8343f007/operator_dtype_evidence_decimate_not_applicable_20260809T104756Z_02b9734201c9_stage08_b03_formal_8343f007.csv","20260809T104756Z_02b9734201c9_stage08_b03_formal_8343f007","decimate__decimate_int32_10e3__6f2e59fa47543f2d","decimate","INT32",,"actual_typed_array_input_fp32_fir_decimate_extension","1","x:INT32:[1024]:bytes=4096:sha256=d875b1e7c5e1a411cd361863216de56ac368b2212675e2e19566f4d4b3789526",,,,"6f2e59fa47543f2d8c1f4120864d128b4680585e5512ed79709168ce410f5c95","FP32",,"not_applicable","FP64",,,,,,,,"PASS","OK"
"stage08","stage08_b03_decimate_02b9734201c9","formal","dtype_and_input_contract","runs/stage08_b03_decimate_02b9734201c9/formal/20260809T104756Z_02b9734201c9_stage08_b03_formal_8343f008/operator_dtype_evidence_decimate_not_applicable_20260809T104756Z_02b9734201c9_stage08_b03_formal_8343f008.csv","20260809T104756Z_02b9734201c9_stage08_b03_formal_8343f008","decimate__decimate_int32_10e4__b682e3a9e8a41286","decimate","INT32",,"actual_typed_array_inputs_fp32_fir_decimate_extension","2","x:INT32:[10000]:bytes=40000:sha256=0d936f19d44be02f9e027cd9bf1eb859bb04317be0fb10cdca7d364748e775f2|h:INT32:[5]:bytes=20:sha256=82848abcb64c407478b6c49a33062a8e2513fb2353acac6880758b6e18f7450b",,,,"b682e3a9e8a4128697902e07271f7be47fe60156641ccf9dd2cfefc286f837a0","FP32",,"not_applicable","FP64",,,,,,,,"PASS","OK"
"stage08","stage08_b03_decimate_02b9734201c9","formal","dtype_and_input_contract","runs/stage08_b03_decimate_02b9734201c9/formal/20260809T104756Z_02b9734201c9_stage08_b03_formal_8343f009/operator_dtype_evidence_decimate_not_applicable_20260809T104756Z_02b9734201c9_stage08_b03_formal_8343f009.csv","20260809T104756Z_02b9734201c9_stage08_b03_formal_8343f009","decimate__decimate_int16_10e2__7d9d2c2fa25f0b6e","decimate","INT16",,"actual_typed_array_inputs_fp32_fir_decimate_extension","2","x:INT16:[100]:bytes=200:sha256=56291ea7824677213de8a8b6caf3d6750eccf0d18ecc567a7c75764b96d635e1|h:INT16:[5]:bytes=10:sha256=56b619149626bf16e3be3785e2fa94853844dc781f8b60d5be4c25468eb83558",,,,"7d9d2c2fa25f0b6e6576ab4e041a1a17e9ed94370dc93a01dd1c7935406451da","FP32",,"not_applicable","FP32",,,,,,,,"PASS","OK"
"stage08","stage08_b03_decimate_02b9734201c9","formal","dtype_and_input_contract","runs/stage08_b03_decimate_02b9734201c9/formal/20260809T104756Z_02b9734201c9_stage08_b03_formal_8343f00a/operator_dtype_evidence_decimate_not_applicable_20260809T104756Z_02b9734201c9_stage08_b03_formal_8343f00a.csv","20260809T104756Z_02b9734201c9_stage08_b03_formal_8343f00a","decimate__decimate_int16_10e3__5454f7c7858c3680","decimate","INT16",,"actual_typed_array_input_fp32_fir_decimate_extension","1","x:INT16:[1024]:bytes=2048:sha256=cf3c1fa2e739db356f4b2dd412459adface4f646713f81fc184b8aaf0ad616b4",,,,"5454f7c7858c36807972b89edb7122d2d9f2167de5a27091bfbccfd9ef177fe3","FP32",,"not_applicable","FP64",,,,,,,,"PASS","OK"
"stage08","stage08_b03_decimate_02b9734201c9","formal","dtype_and_input_contract","runs/stage08_b03_decimate_02b9734201c9/formal/20260809T104756Z_02b9734201c9_stage08_b03_formal_8343f00b/operator_dtype_evidence_decimate_not_applicable_20260809T104756Z_02b9734201c9_stage08_b03_formal_8343f00b.csv","20260809T104756Z_02b9734201c9_stage08_b03_formal_8343f00b","decimate__decimate_int16_10e4__b1b01f96dbc97b28","decimate","INT16",,"actual_typed_array_inputs_fp32_fir_decimate_extension","2","x:INT16:[10000]:bytes=20000:sha256=63c30a7b30023635895f30ebab91fd8665dec83ef81ce17204cff52efdd802f4|h:INT16:[5]:bytes=10:sha256=56b619149626bf16e3be3785e2fa94853844dc781f8b60d5be4c25468eb83558",,,,"b1b01f96dbc97b286f6416451acbb919a8b6d9e033e966e958d77fd72a7a75a0","FP32",,"not_applicable","FP32",,,,,,,,"PASS","OK"
"stage08","stage08_b03_decimate_02b9734201c9","formal","dtype_and_input_contract","runs/stage08_b03_decimate_02b9734201c9/formal/20260809T104756Z_02b9734201c9_stage08_b03_formal_8343f00c/operator_dtype_evidence_decimate_not_applicable_20260809T104756Z_02b9734201c9_stage08_b03_formal_8343f00c.csv","20260809T104756Z_02b9734201c9_stage08_b03_formal_8343f00c","decimate__decimate_int8_10e2__e27975a8279bdf8a","decimate","INT8",,"actual_typed_array_inputs_fp32_fir_decimate_extension","2","x:INT8:[100]:bytes=100:sha256=5a401657233a8f048fde71e5ff2f9f5780f76f37070864f032152ec83d990939|h:INT8:[5]:bytes=5:sha256=6537277a54aea5d39673d274fbfb3cf0f2d30691a6c5202fbb852a886db54e8e",,,,"e27975a8279bdf8ae3ab7758cbfbbc7099ff643dcfb2fc2a6b2c245662627af4","FP32",,"not_applicable","FP32",,,,,,,,"PASS","OK"
"stage08","stage08_b03_decimate_02b9734201c9","formal","dtype_and_input_contract","runs/stage08_b03_decimate_02b9734201c9/formal/20260809T104757Z_02b9734201c9_stage08_b03_formal_8343f00d/operator_dtype_evidence_decimate_not_applicable_20260809T104757Z_02b9734201c9_stage08_b03_formal_8343f00d.csv","20260809T104757Z_02b9734201c9_stage08_b03_formal_8343f00d","decimate__decimate_int8_10e3__a81ea4f09f0f0d9c","decimate","INT8",,"actual_typed_array_input_fp32_fir_decimate_extension","1","x:INT8:[1024]:bytes=1024:sha256=ea2ad194d11eab050aad37ebd3fc078b85e833d7697be2b5a2cc44b3d8082f81",,,,"a81ea4f09f0f0d9cf67e0279d94aa557d002728f721a89763bc0a3ab17407032","FP32",,"not_applicable","FP64",,,,,,,,"PASS","OK"
"stage08","stage08_b03_decimate_02b9734201c9","formal","dtype_and_input_contract","runs/stage08_b03_decimate_02b9734201c9/formal/20260809T104757Z_02b9734201c9_stage08_b03_formal_8343f00e/operator_dtype_evidence_decimate_not_applicable_20260809T104757Z_02b9734201c9_stage08_b03_formal_8343f00e.csv","20260809T104757Z_02b9734201c9_stage08_b03_formal_8343f00e","decimate__decimate_int8_10e4__e9189733e9519f10","decimate","INT8",,"actual_typed_array_inputs_fp32_fir_decimate_extension","2","x:INT8:[10000]:bytes=10000:sha256=1452280bbda1d813abe33ee8fa3229f06ffa814b0afd4ecdcacd69ff637cd7f4|h:INT8:[5]:bytes=5:sha256=6537277a54aea5d39673d274fbfb3cf0f2d30691a6c5202fbb852a886db54e8e",,,,"e9189733e9519f104760cc3f40e6a4cc6166a67951d2c1ab0da245d35d0afbe7","FP32",,"not_applicable","FP32",,,,,,,,"PASS","OK"
"stage08","stage08_b03_decimate_dev","smoke","dtype_and_input_contract","runs/stage08_b03_decimate_dev/smoke/20260809T102000Z_54d36f4a4dc6_stage08_b03_smoke_8342a001/operator_dtype_evidence_decimate_not_applicable_20260809T102000Z_54d36f4a4dc6_stage08_b03_smoke_8342a001.csv","20260809T102000Z_54d36f4a4dc6_stage08_b03_smoke_8342a001","decimate__decimate_fp16_10e2__5626f96031b6150a","decimate","FP16",,"actual_typed_array_inputs_fp32_fir_decimate_extension","2","x:FP16:[100]:bytes=200:sha256=46f0cb0521b09164f475d19787887a0544b1d0931e51dd90b139f238c858a0cb|h:FP16:[5]:bytes=10:sha256=8dcc24e60c8cf422f323caa7468d298dcf7c3d8367d105679d0514e3840b0f5b",,,,"5626f96031b6150aa6d8048374014ca8b86bfc584384b0959db16a6670038c60","FP32",,"not_applicable","FP32",,,,,,,,"PASS","OK"
"stage08","stage08_b03_hilbert2_0b2008e7f76a","formal","dtype_and_input_contract","runs/stage08_b03_hilbert2_0b2008e7f76a/formal/20260809T091437Z_0b2008e7f76a_stage08_b03_formal_8323f000/operator_dtype_evidence_hilbert2_fft_thrust_20260809T091437Z_0b2008e7f76a_stage08_b03_formal_8323f000.csv","20260809T091437Z_0b2008e7f76a_stage08_b03_formal_8323f000","hilbert2__hilbert2_fp32_10e2__ccf7eacb1dac767e","hilbert2","FP32",,"actual_typed_array_input_fp32_fft2d_extension","1","x:FP32:[100]:bytes=400:sha256=ccf7eacb1dac767e72b62f6f88088c8845c58991ef87d59f96811d3798e0c06f",,,,"ccf7eacb1dac767e72b62f6f88088c8845c58991ef87d59f96811d3798e0c06f","FP32",,"ComplexFP32","ComplexFP32",,,,,,,,"PASS","OK"
"stage08","stage08_b03_hilbert2_0b2008e7f76a","formal","dtype_and_input_contract","runs/stage08_b03_hilbert2_0b2008e7f76a/formal/20260809T091441Z_0b2008e7f76a_stage08_b03_formal_8323f001/operator_dtype_evidence_hilbert2_fft_thrust_20260809T091441Z_0b2008e7f76a_stage08_b03_formal_8323f001.csv","20260809T091441Z_0b2008e7f76a_stage08_b03_formal_8323f001","hilbert2__hilbert2_fp32_10e3__03eeae29ceb6af2a","hilbert2","FP32",,"actual_typed_array_input_fp32_fft2d_extension","1","x:FP32:[1024]:bytes=4096:sha256=03eeae29ceb6af2a24724eaf0f1ccb8040ab5554d3d42e793e239dfd07c1b1db",,,,"03eeae29ceb6af2a24724eaf0f1ccb8040ab5554d3d42e793e239dfd07c1b1db","FP32",,"ComplexFP32","ComplexFP32",,,,,,,,"PASS","OK"
"stage08","stage08_b03_hilbert2_0b2008e7f76a","formal","dtype_and_input_contract","runs/stage08_b03_hilbert2_0b2008e7f76a/formal/20260809T091441Z_0b2008e7f76a_stage08_b03_formal_8323f002/operator_dtype_evidence_hilbert2_fft_thrust_20260809T091441Z_0b2008e7f76a_stage08_b03_formal_8323f002.csv","20260809T091441Z_0b2008e7f76a_stage08_b03_formal_8323f002","hilbert2__hilbert2_fp32_10e4__b1daf2887b5684b2","hilbert2","FP32",,"actual_typed_array_input_fp32_fft2d_extension","1","x:FP32:[10000]:bytes=40000:sha256=b1daf2887b5684b246d09ccbba2a4b6292d07232cdd4e2c488bb381c5977f076",,,,"b1daf2887b5684b246d09ccbba2a4b6292d07232cdd4e2c488bb381c5977f076","FP32",,"ComplexFP32","ComplexFP32",,,,,,,,"PASS","OK"
"stage08","stage08_b03_hilbert2_0b2008e7f76a","formal","dtype_and_input_contract","runs/stage08_b03_hilbert2_0b2008e7f76a/formal/20260809T091529Z_0b2008e7f76a_stage08_b03_formal_8323f003/operator_dtype_evidence_hilbert2_fft_thrust_20260809T091529Z_0b2008e7f76a_stage08_b03_formal_8323f003.csv","20260809T091529Z_0b2008e7f76a_stage08_b03_formal_8323f003","hilbert2__hilbert2_fp16_10e2__7bf3d9dd871afcc5","hilbert2","FP16",,"actual_typed_array_input_fp32_fft2d_extension","1","x:FP16:[100]:bytes=200:sha256=7bf3d9dd871afcc5ed4712c3b535f21bbc4885ebf592d4d20f1626c388a26cdf",,,,"7bf3d9dd871afcc5ed4712c3b535f21bbc4885ebf592d4d20f1626c388a26cdf","FP32",,"ComplexFP32","ComplexFP32",,,,,,,,"PASS","OK"
"stage08","stage08_b03_hilbert2_0b2008e7f76a","formal","dtype_and_input_contract","runs/stage08_b03_hilbert2_0b2008e7f76a/formal/20260809T091532Z_0b2008e7f76a_stage08_b03_formal_8323f004/operator_dtype_evidence_hilbert2_fft_thrust_20260809T091532Z_0b2008e7f76a_stage08_b03_formal_8323f004.csv","20260809T091532Z_0b2008e7f76a_stage08_b03_formal_8323f004","hilbert2__hilbert2_fp16_10e3__855a7d09ccce4146","hilbert2","FP16",,"actual_typed_array_input_fp32_fft2d_extension","1","x:FP16:[1024]:bytes=2048:sha256=855a7d09ccce41469ed606af8ff4e99aa15896b79ebc3e3b92e2b3a7cd403108",,,,"855a7d09ccce41469ed606af8ff4e99aa15896b79ebc3e3b92e2b3a7cd403108","FP32",,"ComplexFP32","ComplexFP32",,,,,,,,"PASS","OK"
"stage08","stage08_b03_hilbert2_0b2008e7f76a","formal","dtype_and_input_contract","runs/stage08_b03_hilbert2_0b2008e7f76a/formal/20260809T091532Z_0b2008e7f76a_stage08_b03_formal_8323f005/operator_dtype_evidence_hilbert2_fft_thrust_20260809T091532Z_0b2008e7f76a_stage08_b03_formal_8323f005.csv","20260809T091532Z_0b2008e7f76a_stage08_b03_formal_8323f005","hilbert2__hilbert2_fp16_10e4__e711f64af46b911c","hilbert2","FP16",,"actual_typed_array_input_fp32_fft2d_extension","1","x:FP16:[10000]:bytes=20000:sha256=e711f64af46b911c2f3879a6b5393cf5a88d01866952885e58b584b0ae39b268",,,,"e711f64af46b911c2f3879a6b5393cf5a88d01866952885e58b584b0ae39b268","FP32",,"ComplexFP32","ComplexFP32",,,,,,,,"PASS","OK"
"stage08","stage08_b03_hilbert2_0b2008e7f76a","formal","dtype_and_input_contract","runs/stage08_b03_hilbert2_0b2008e7f76a/formal/20260809T091632Z_0b2008e7f76a_stage08_b03_formal_8323f006/operator_dtype_evidence_hilbert2_fft_thrust_20260809T091632Z_0b2008e7f76a_stage08_b03_formal_8323f006.csv","20260809T091632Z_0b2008e7f76a_stage08_b03_formal_8323f006","hilbert2__hilbert2_int32_10e2__ac379d0b6fafd601","hilbert2","INT32",,"actual_typed_array_input_fp32_fft2d_extension","1","x:INT32:[100]:bytes=400:sha256=ac379d0b6fafd60195913d8e60fb36522c9e9c4180640cbaa46aa9e45cb0e2a7",,,,"ac379d0b6fafd60195913d8e60fb36522c9e9c4180640cbaa46aa9e45cb0e2a7","FP32",,"ComplexFP32","ComplexFP64",,,,,,,,"PASS","OK"
"stage08","stage08_b03_hilbert2_0b2008e7f76a","formal","dtype_and_input_contract","runs/stage08_b03_hilbert2_0b2008e7f76a/formal/20260809T091635Z_0b2008e7f76a_stage08_b03_formal_8323f007/operator_dtype_evidence_hilbert2_fft_thrust_20260809T091635Z_0b2008e7f76a_stage08_b03_formal_8323f007.csv","20260809T091635Z_0b2008e7f76a_stage08_b03_formal_8323f007","hilbert2__hilbert2_int32_10e3__1c7dbb94abd0e997","hilbert2","INT32",,"actual_typed_array_input_fp32_fft2d_extension","1","x:INT32:[1024]:bytes=4096:sha256=1c7dbb94abd0e9973646c00f7f10e2fc2396533ef10db138f17263842098f0cf",,,,"1c7dbb94abd0e9973646c00f7f10e2fc2396533ef10db138f17263842098f0cf","FP32",,"ComplexFP32","ComplexFP64",,,,,,,,"PASS","OK"
"stage08","stage08_b03_hilbert2_0b2008e7f76a","formal","dtype_and_input_contract","runs/stage08_b03_hilbert2_0b2008e7f76a/formal/20260809T091635Z_0b2008e7f76a_stage08_b03_formal_8323f008/operator_dtype_evidence_hilbert2_fft_thrust_20260809T091635Z_0b2008e7f76a_stage08_b03_formal_8323f008.csv","20260809T091635Z_0b2008e7f76a_stage08_b03_formal_8323f008","hilbert2__hilbert2_int32_10e4__fc2b53acda3b5186","hilbert2","INT32",,"actual_typed_array_input_fp32_fft2d_extension","1","x:INT32:[10000]:bytes=40000:sha256=fc2b53acda3b5186aa6c7b1c00d491de58c9fa26bcbc37d377d4cc6cd0f5b355",,,,"fc2b53acda3b5186aa6c7b1c00d491de58c9fa26bcbc37d377d4cc6cd0f5b355","FP32",,"ComplexFP32","ComplexFP64",,,,,,,,"PASS","OK"
"stage08","stage08_b03_hilbert2_0b2008e7f76a","formal","dtype_and_input_contract","runs/stage08_b03_hilbert2_0b2008e7f76a/formal/20260809T091722Z_0b2008e7f76a_stage08_b03_formal_8323f009/operator_dtype_evidence_hilbert2_fft_thrust_20260809T091722Z_0b2008e7f76a_stage08_b03_formal_8323f009.csv","20260809T091722Z_0b2008e7f76a_stage08_b03_formal_8323f009","hilbert2__hilbert2_int16_10e2__26daf1f2a0f56dca","hilbert2","INT16",,"actual_typed_array_input_fp32_fft2d_extension","1","x:INT16:[100]:bytes=200:sha256=26daf1f2a0f56dca7b17af77cd9bb5fe64e553bc742b598bba37d04982fc64e8",,,,"26daf1f2a0f56dca7b17af77cd9bb5fe64e553bc742b598bba37d04982fc64e8","FP32",,"ComplexFP32","ComplexFP64",,,,,,,,"PASS","OK"
"stage08","stage08_b03_hilbert2_0b2008e7f76a","formal","dtype_and_input_contract","runs/stage08_b03_hilbert2_0b2008e7f76a/formal/20260809T091725Z_0b2008e7f76a_stage08_b03_formal_8323f00a/operator_dtype_evidence_hilbert2_fft_thrust_20260809T091725Z_0b2008e7f76a_stage08_b03_formal_8323f00a.csv","20260809T091725Z_0b2008e7f76a_stage08_b03_formal_8323f00a","hilbert2__hilbert2_int16_10e3__1f591fa742872b60","hilbert2","INT16",,"actual_typed_array_input_fp32_fft2d_extension","1","x:INT16:[1024]:bytes=2048:sha256=1f591fa742872b6083bc963a7ea5dc5ad64984c042726a97d21f9f40800e97e4",,,,"1f591fa742872b6083bc963a7ea5dc5ad64984c042726a97d21f9f40800e97e4","FP32",,"ComplexFP32","ComplexFP64",,,,,,,,"PASS","OK"
"stage08","stage08_b03_hilbert2_0b2008e7f76a","formal","dtype_and_input_contract","runs/stage08_b03_hilbert2_0b2008e7f76a/formal/20260809T091725Z_0b2008e7f76a_stage08_b03_formal_8323f00b/operator_dtype_evidence_hilbert2_fft_thrust_20260809T091725Z_0b2008e7f76a_stage08_b03_formal_8323f00b.csv","20260809T091725Z_0b2008e7f76a_stage08_b03_formal_8323f00b","hilbert2__hilbert2_int16_10e4__9a91638886f26261","hilbert2","INT16",,"actual_typed_array_input_fp32_fft2d_extension","1","x:INT16:[10000]:bytes=20000:sha256=9a91638886f26261de3c03402a1e6fac8a4a48d2ba6a4048739a0e9950b32e89",,,,"9a91638886f26261de3c03402a1e6fac8a4a48d2ba6a4048739a0e9950b32e89","FP32",,"ComplexFP32","ComplexFP64",,,,,,,,"PASS","OK"
"stage08","stage08_b03_hilbert2_0b2008e7f76a","formal","dtype_and_input_contract","runs/stage08_b03_hilbert2_0b2008e7f76a/formal/20260809T091812Z_0b2008e7f76a_stage08_b03_formal_8323f00c/operator_dtype_evidence_hilbert2_fft_thrust_20260809T091812Z_0b2008e7f76a_stage08_b03_formal_8323f00c.csv","20260809T091812Z_0b2008e7f76a_stage08_b03_formal_8323f00c","hilbert2__hilbert2_int8_10e2__0d31780bc88d3035","hilbert2","INT8",,"actual_typed_array_input_fp32_fft2d_extension","1","x:INT8:[100]:bytes=100:sha256=0d31780bc88d30358abf2ce62c453574eaddd1371ef3c0fc9f538ee70604b748",,,,"0d31780bc88d30358abf2ce62c453574eaddd1371ef3c0fc9f538ee70604b748","FP32",,"ComplexFP32","ComplexFP64",,,,,,,,"PASS","OK"
"stage08","stage08_b03_hilbert2_0b2008e7f76a","formal","dtype_and_input_contract","runs/stage08_b03_hilbert2_0b2008e7f76a/formal/20260809T091816Z_0b2008e7f76a_stage08_b03_formal_8323f00d/operator_dtype_evidence_hilbert2_fft_thrust_20260809T091816Z_0b2008e7f76a_stage08_b03_formal_8323f00d.csv","20260809T091816Z_0b2008e7f76a_stage08_b03_formal_8323f00d","hilbert2__hilbert2_int8_10e3__f1631d3549f3e9fd","hilbert2","INT8",,"actual_typed_array_input_fp32_fft2d_extension","1","x:INT8:[1024]:bytes=1024:sha256=f1631d3549f3e9fda941dcb2b9fb47259c18b38a1fa0dbe460a64854bd869311",,,,"f1631d3549f3e9fda941dcb2b9fb47259c18b38a1fa0dbe460a64854bd869311","FP32",,"ComplexFP32","ComplexFP64",,,,,,,,"PASS","OK"
"stage08","stage08_b03_hilbert2_0b2008e7f76a","formal","dtype_and_input_contract","runs/stage08_b03_hilbert2_0b2008e7f76a/formal/20260809T091816Z_0b2008e7f76a_stage08_b03_formal_8323f00e/operator_dtype_evidence_hilbert2_fft_thrust_20260809T091816Z_0b2008e7f76a_stage08_b03_formal_8323f00e.csv","20260809T091816Z_0b2008e7f76a_stage08_b03_formal_8323f00e","hilbert2__hilbert2_int8_10e4__6d503966d7565534","hilbert2","INT8",,"actual_typed_array_input_fp32_fft2d_extension","1","x:INT8:[10000]:bytes=10000:sha256=6d503966d75655343fa71f0ca019ff4e9a4a8aa5ceb94b072ec9342f6a749062",,,,"6d503966d75655343fa71f0ca019ff4e9a4a8aa5ceb94b072ec9342f6a749062","FP32",,"ComplexFP32","ComplexFP64",,,,,,,,"PASS","OK"
"stage08","stage08_b03_hilbert2_0b2008e7f76a","smoke","dtype_and_input_contract","runs/stage08_b03_hilbert2_0b2008e7f76a/smoke/20260809T091010Z_0b2008e7f76a_stage08_b03_smoke_8322a001/operator_dtype_evidence_hilbert2_fft_thrust_20260809T091010Z_0b2008e7f76a_stage08_b03_smoke_8322a001.csv","20260809T091010Z_0b2008e7f76a_stage08_b03_smoke_8322a001","hilbert2__hilbert2_fp16_10e2__7bf3d9dd871afcc5","hilbert2","FP16",,"actual_typed_array_input_fp32_fft2d_extension","1","x:FP16:[100]:bytes=200:sha256=7bf3d9dd871afcc5ed4712c3b535f21bbc4885ebf592d4d20f1626c388a26cdf",,,,"7bf3d9dd871afcc5ed4712c3b535f21bbc4885ebf592d4d20f1626c388a26cdf","FP32",,"ComplexFP32","ComplexFP32",,,,,,,,"PASS","OK"
"stage08","stage08_b03_hilbert_0b2008e7f76a","formal","dtype_and_input_contract","runs/stage08_b03_hilbert_0b2008e7f76a/formal/20260809T091140Z_0b2008e7f76a_stage08_b03_formal_8313f000/operator_dtype_evidence_hilbert_fft_thrust_20260809T091140Z_0b2008e7f76a_stage08_b03_formal_8313f000.csv","20260809T091140Z_0b2008e7f76a_stage08_b03_formal_8313f000","hilbert__hilbert_fp32_10e2__0a52a67e4b4ece5b","hilbert","FP32",,"actual_typed_array_input_fp32_fft_extension","1","x:FP32:[100]:bytes=400:sha256=0a52a67e4b4ece5b6a10b93273431491beb7698c371407d127fa409393648b9d",,,,"0a52a67e4b4ece5b6a10b93273431491beb7698c371407d127fa409393648b9d","FP32",,"ComplexFP32","ComplexFP32",,,,,,,,"PASS","OK"
"stage08","stage08_b03_hilbert_0b2008e7f76a","formal","dtype_and_input_contract","runs/stage08_b03_hilbert_0b2008e7f76a/formal/20260809T091142Z_0b2008e7f76a_stage08_b03_formal_8313f001/operator_dtype_evidence_hilbert_fft_thrust_20260809T091142Z_0b2008e7f76a_stage08_b03_formal_8313f001.csv","20260809T091142Z_0b2008e7f76a_stage08_b03_formal_8313f001","hilbert__hilbert_fp32_10e3__0c76a6bf97b295b2","hilbert","FP32",,"actual_typed_array_input_fp32_fft_extension","1","x:FP32:[1024]:bytes=4096:sha256=0c76a6bf97b295b2eb4c0b1129981e6cc6ed789d5e30dcb939c3dfd733213d53",,,,"0c76a6bf97b295b2eb4c0b1129981e6cc6ed789d5e30dcb939c3dfd733213d53","FP32",,"ComplexFP32","ComplexFP32",,,,,,,,"PASS","OK"
"stage08","stage08_b03_hilbert_0b2008e7f76a","formal","dtype_and_input_contract","runs/stage08_b03_hilbert_0b2008e7f76a/formal/20260809T091142Z_0b2008e7f76a_stage08_b03_formal_8313f002/operator_dtype_evidence_hilbert_fft_thrust_20260809T091142Z_0b2008e7f76a_stage08_b03_formal_8313f002.csv","20260809T091142Z_0b2008e7f76a_stage08_b03_formal_8313f002","hilbert__hilbert_fp32_10e4__c40f4b70335cb956","hilbert","FP32",,"actual_typed_array_input_fp32_fft_extension","1","x:FP32:[10000]:bytes=40000:sha256=c40f4b70335cb956425c5400b2cb34f43f9bed0e7fdb429eebb4c5b771799d9d",,,,"c40f4b70335cb956425c5400b2cb34f43f9bed0e7fdb429eebb4c5b771799d9d","FP32",,"ComplexFP32","ComplexFP32",,,,,,,,"PASS","OK"
"stage08","stage08_b03_hilbert_0b2008e7f76a","formal","dtype_and_input_contract","runs/stage08_b03_hilbert_0b2008e7f76a/formal/20260809T091214Z_0b2008e7f76a_stage08_b03_formal_8313f003/operator_dtype_evidence_hilbert_fft_thrust_20260809T091214Z_0b2008e7f76a_stage08_b03_formal_8313f003.csv","20260809T091214Z_0b2008e7f76a_stage08_b03_formal_8313f003","hilbert__hilbert_fp16_10e2__54b8f215be31029c","hilbert","FP16",,"actual_typed_array_input_fp32_fft_extension","1","x:FP16:[100]:bytes=200:sha256=54b8f215be31029c6d8c68a5b2e9ff48fb47adfb2d8fb66646ff0f776985af03",,,,"54b8f215be31029c6d8c68a5b2e9ff48fb47adfb2d8fb66646ff0f776985af03","FP32",,"ComplexFP32","ComplexFP32",,,,,,,,"PASS","OK"
"stage08","stage08_b03_hilbert_0b2008e7f76a","formal","dtype_and_input_contract","runs/stage08_b03_hilbert_0b2008e7f76a/formal/20260809T091216Z_0b2008e7f76a_stage08_b03_formal_8313f004/operator_dtype_evidence_hilbert_fft_thrust_20260809T091216Z_0b2008e7f76a_stage08_b03_formal_8313f004.csv","20260809T091216Z_0b2008e7f76a_stage08_b03_formal_8313f004","hilbert__hilbert_fp16_10e3__57d9986cca1580d6","hilbert","FP16",,"actual_typed_array_input_fp32_fft_extension","1","x:FP16:[1024]:bytes=2048:sha256=57d9986cca1580d62eecf425491e852723d5c0f8a67c99bf59444162adc9bebc",,,,"57d9986cca1580d62eecf425491e852723d5c0f8a67c99bf59444162adc9bebc","FP32",,"ComplexFP32","ComplexFP32",,,,,,,,"PASS","OK"
"stage08","stage08_b03_hilbert_0b2008e7f76a","formal","dtype_and_input_contract","runs/stage08_b03_hilbert_0b2008e7f76a/formal/20260809T091217Z_0b2008e7f76a_stage08_b03_formal_8313f005/operator_dtype_evidence_hilbert_fft_thrust_20260809T091217Z_0b2008e7f76a_stage08_b03_formal_8313f005.csv","20260809T091217Z_0b2008e7f76a_stage08_b03_formal_8313f005","hilbert__hilbert_fp16_10e4__eac802065c4eb57e","hilbert","FP16",,"actual_typed_array_input_fp32_fft_extension","1","x:FP16:[10000]:bytes=20000:sha256=eac802065c4eb57e31f4d4d502fd1f58c0220901d56f8dbb3d5000e7698837e9",,,,"eac802065c4eb57e31f4d4d502fd1f58c0220901d56f8dbb3d5000e7698837e9","FP32",,"ComplexFP32","ComplexFP32",,,,,,,,"PASS","OK"
"stage08","stage08_b03_hilbert_0b2008e7f76a","formal","dtype_and_input_contract","runs/stage08_b03_hilbert_0b2008e7f76a/formal/20260809T091252Z_0b2008e7f76a_stage08_b03_formal_8313f006/operator_dtype_evidence_hilbert_fft_thrust_20260809T091252Z_0b2008e7f76a_stage08_b03_formal_8313f006.csv","20260809T091252Z_0b2008e7f76a_stage08_b03_formal_8313f006","hilbert__hilbert_int32_10e2__45638d447e78dc1d","hilbert","INT32",,"actual_typed_array_input_fp32_fft_extension","1","x:INT32:[100]:bytes=400:sha256=45638d447e78dc1d8e3fcbf78659c8ba0b903712284f5447ff835fc02b3d25de",,,,"45638d447e78dc1d8e3fcbf78659c8ba0b903712284f5447ff835fc02b3d25de","FP32",,"ComplexFP32","ComplexFP64",,,,,,,,"PASS","OK"
"stage08","stage08_b03_hilbert_0b2008e7f76a","formal","dtype_and_input_contract","runs/stage08_b03_hilbert_0b2008e7f76a/formal/20260809T091254Z_0b2008e7f76a_stage08_b03_formal_8313f007/operator_dtype_evidence_hilbert_fft_thrust_20260809T091254Z_0b2008e7f76a_stage08_b03_formal_8313f007.csv","20260809T091254Z_0b2008e7f76a_stage08_b03_formal_8313f007","hilbert__hilbert_int32_10e3__2113748f449be343","hilbert","INT32",,"actual_typed_array_input_fp32_fft_extension","1","x:INT32:[1024]:bytes=4096:sha256=2113748f449be34390aec139b64399c9fb070984e745e1d3769efdf61a48615d",,,,"2113748f449be34390aec139b64399c9fb070984e745e1d3769efdf61a48615d","FP32",,"ComplexFP32","ComplexFP64",,,,,,,,"PASS","OK"
"stage08","stage08_b03_hilbert_0b2008e7f76a","formal","dtype_and_input_contract","runs/stage08_b03_hilbert_0b2008e7f76a/formal/20260809T091255Z_0b2008e7f76a_stage08_b03_formal_8313f008/operator_dtype_evidence_hilbert_fft_thrust_20260809T091255Z_0b2008e7f76a_stage08_b03_formal_8313f008.csv","20260809T091255Z_0b2008e7f76a_stage08_b03_formal_8313f008","hilbert__hilbert_int32_10e4__7d7a44904b161280","hilbert","INT32",,"actual_typed_array_input_fp32_fft_extension","1","x:INT32:[10000]:bytes=40000:sha256=7d7a44904b161280838ef4ddc4eae3d2e744bc99ab6fc59a381e38ee414815b5",,,,"7d7a44904b161280838ef4ddc4eae3d2e744bc99ab6fc59a381e38ee414815b5","FP32",,"ComplexFP32","ComplexFP64",,,,,,,,"PASS","OK"
"stage08","stage08_b03_hilbert_0b2008e7f76a","formal","dtype_and_input_contract","runs/stage08_b03_hilbert_0b2008e7f76a/formal/20260809T091327Z_0b2008e7f76a_stage08_b03_formal_8313f009/operator_dtype_evidence_hilbert_fft_thrust_20260809T091327Z_0b2008e7f76a_stage08_b03_formal_8313f009.csv","20260809T091327Z_0b2008e7f76a_stage08_b03_formal_8313f009","hilbert__hilbert_int16_10e2__c48517dc9f9ef49d","hilbert","INT16",,"actual_typed_array_input_fp32_fft_extension","1","x:INT16:[100]:bytes=200:sha256=c48517dc9f9ef49de46b728c2c0f04c37a8086d876891bd5dfcac6e7587a5fc5",,,,"c48517dc9f9ef49de46b728c2c0f04c37a8086d876891bd5dfcac6e7587a5fc5","FP32",,"ComplexFP32","ComplexFP64",,,,,,,,"PASS","OK"
"stage08","stage08_b03_hilbert_0b2008e7f76a","formal","dtype_and_input_contract","runs/stage08_b03_hilbert_0b2008e7f76a/formal/20260809T091329Z_0b2008e7f76a_stage08_b03_formal_8313f00a/operator_dtype_evidence_hilbert_fft_thrust_20260809T091329Z_0b2008e7f76a_stage08_b03_formal_8313f00a.csv","20260809T091329Z_0b2008e7f76a_stage08_b03_formal_8313f00a","hilbert__hilbert_int16_10e3__89c4162345453f33","hilbert","INT16",,"actual_typed_array_input_fp32_fft_extension","1","x:INT16:[1024]:bytes=2048:sha256=89c4162345453f333bff24f58cf85e617107e659220efb48164aaf41cf712cec",,,,"89c4162345453f333bff24f58cf85e617107e659220efb48164aaf41cf712cec","FP32",,"ComplexFP32","ComplexFP64",,,,,,,,"PASS","OK"
"stage08","stage08_b03_hilbert_0b2008e7f76a","formal","dtype_and_input_contract","runs/stage08_b03_hilbert_0b2008e7f76a/formal/20260809T091330Z_0b2008e7f76a_stage08_b03_formal_8313f00b/operator_dtype_evidence_hilbert_fft_thrust_20260809T091330Z_0b2008e7f76a_stage08_b03_formal_8313f00b.csv","20260809T091330Z_0b2008e7f76a_stage08_b03_formal_8313f00b","hilbert__hilbert_int16_10e4__b733871be1a76494","hilbert","INT16",,"actual_typed_array_input_fp32_fft_extension","1","x:INT16:[10000]:bytes=20000:sha256=b733871be1a76494b559688c775a04723f6bcc6a92f9ec18ee55559577976090",,,,"b733871be1a76494b559688c775a04723f6bcc6a92f9ec18ee55559577976090","FP32",,"ComplexFP32","ComplexFP64",,,,,,,,"PASS","OK"
"stage08","stage08_b03_hilbert_0b2008e7f76a","formal","dtype_and_input_contract","runs/stage08_b03_hilbert_0b2008e7f76a/formal/20260809T091402Z_0b2008e7f76a_stage08_b03_formal_8313f00c/operator_dtype_evidence_hilbert_fft_thrust_20260809T091402Z_0b2008e7f76a_stage08_b03_formal_8313f00c.csv","20260809T091402Z_0b2008e7f76a_stage08_b03_formal_8313f00c","hilbert__hilbert_int8_10e2__f50011e297b914ba","hilbert","INT8",,"actual_typed_array_input_fp32_fft_extension","1","x:INT8:[100]:bytes=100:sha256=f50011e297b914ba146422ba246dec997220cdbba67107aa1068778d4e8be8b8",,,,"f50011e297b914ba146422ba246dec997220cdbba67107aa1068778d4e8be8b8","FP32",,"ComplexFP32","ComplexFP64",,,,,,,,"PASS","OK"
"stage08","stage08_b03_hilbert_0b2008e7f76a","formal","dtype_and_input_contract","runs/stage08_b03_hilbert_0b2008e7f76a/formal/20260809T091404Z_0b2008e7f76a_stage08_b03_formal_8313f00d/operator_dtype_evidence_hilbert_fft_thrust_20260809T091404Z_0b2008e7f76a_stage08_b03_formal_8313f00d.csv","20260809T091404Z_0b2008e7f76a_stage08_b03_formal_8313f00d","hilbert__hilbert_int8_10e3__0f809128d43f90aa","hilbert","INT8",,"actual_typed_array_input_fp32_fft_extension","1","x:INT8:[1024]:bytes=1024:sha256=0f809128d43f90aa86acc1f409215f1bff251dc1cd577dffb925235bf4b54057",,,,"0f809128d43f90aa86acc1f409215f1bff251dc1cd577dffb925235bf4b54057","FP32",,"ComplexFP32","ComplexFP64",,,,,,,,"PASS","OK"
"stage08","stage08_b03_hilbert_0b2008e7f76a","formal","dtype_and_input_contract","runs/stage08_b03_hilbert_0b2008e7f76a/formal/20260809T091405Z_0b2008e7f76a_stage08_b03_formal_8313f00e/operator_dtype_evidence_hilbert_fft_thrust_20260809T091405Z_0b2008e7f76a_stage08_b03_formal_8313f00e.csv","20260809T091405Z_0b2008e7f76a_stage08_b03_formal_8313f00e","hilbert__hilbert_int8_10e4__4b9f958588d8a446","hilbert","INT8",,"actual_typed_array_input_fp32_fft_extension","1","x:INT8:[10000]:bytes=10000:sha256=4b9f958588d8a44615df4fc8aabf314a67a5a2bc9284fddc796c7af1002e11d6",,,,"4b9f958588d8a44615df4fc8aabf314a67a5a2bc9284fddc796c7af1002e11d6","FP32",,"ComplexFP32","ComplexFP64",,,,,,,,"PASS","OK"
"stage08","stage08_b03_hilbert_dev","smoke","dtype_and_input_contract","runs/stage08_b03_hilbert_dev/smoke/20260809T081500Z_88d1ecaf637e_stage08_b03_smoke_8314a001/operator_dtype_evidence_hilbert_fft_thrust_20260809T081500Z_88d1ecaf637e_stage08_b03_smoke_8314a001.csv","20260809T081500Z_88d1ecaf637e_stage08_b03_smoke_8314a001","hilbert__hilbert_int16_10e2__c48517dc9f9ef49d","hilbert","INT16",,"actual_typed_array_input_fp32_fft_extension","1","x:INT16:[100]:bytes=200:sha256=c48517dc9f9ef49de46b728c2c0f04c37a8086d876891bd5dfcac6e7587a5fc5",,,,"c48517dc9f9ef49de46b728c2c0f04c37a8086d876891bd5dfcac6e7587a5fc5","FP32",,"ComplexFP32","ComplexFP64",,,,,,,,"PASS","OK"
"stage08","stage08_b03_resample_35406beea576","formal","dtype_and_input_contract","runs/stage08_b03_resample_35406beea576/formal/20260809T093910Z_35406beea576_stage08_b03_formal_8333f000/operator_dtype_evidence_resample_fft_thrust_20260809T093910Z_35406beea576_stage08_b03_formal_8333f000.csv","20260809T093910Z_35406beea576_stage08_b03_formal_8333f000","resample__resample_fp32_10e2__7045139dd4540c19","resample","FP32",,"actual_typed_array_input_fp32_fft_resample_extension","1","x:FP32:[100]:bytes=400:sha256=7045139dd4540c19df872dfd05ef8f4a78ba4bd84b9bfd42b83cccf0b47ea486",,,,"7045139dd4540c19df872dfd05ef8f4a78ba4bd84b9bfd42b83cccf0b47ea486","FP32",,"ComplexFP32","FP32",,,,,,,,"PASS","OK"
"stage08","stage08_b03_resample_35406beea576","formal","dtype_and_input_contract","runs/stage08_b03_resample_35406beea576/formal/20260809T093912Z_35406beea576_stage08_b03_formal_8333f001/operator_dtype_evidence_resample_fft_thrust_20260809T093912Z_35406beea576_stage08_b03_formal_8333f001.csv","20260809T093912Z_35406beea576_stage08_b03_formal_8333f001","resample__resample_fp32_10e3__ec3ac263d453ce8f","resample","FP32",,"actual_typed_array_input_fp32_fft_resample_extension","1","x:FP32:[1024]:bytes=4096:sha256=ec3ac263d453ce8fe4e6e158363ed9cb286857cd644590bc6579942f6d10483d",,,,"ec3ac263d453ce8fe4e6e158363ed9cb286857cd644590bc6579942f6d10483d","FP32",,"ComplexFP32","FP32",,,,,,,,"PASS","OK"
"stage08","stage08_b03_resample_35406beea576","formal","dtype_and_input_contract","runs/stage08_b03_resample_35406beea576/formal/20260809T093915Z_35406beea576_stage08_b03_formal_8333f002/operator_dtype_evidence_resample_fft_thrust_20260809T093915Z_35406beea576_stage08_b03_formal_8333f002.csv","20260809T093915Z_35406beea576_stage08_b03_formal_8333f002","resample__resample_fp32_10e4__ce174710619f4e99","resample","FP32",,"actual_typed_array_input_fp32_fft_resample_extension","1","x:FP32:[10000]:bytes=40000:sha256=ce174710619f4e997b8007e562ff0287979739f731efbebdf6cb078ec141d132",,,,"ce174710619f4e997b8007e562ff0287979739f731efbebdf6cb078ec141d132","FP32",,"ComplexFP32","FP32",,,,,,,,"PASS","OK"
"stage08","stage08_b03_resample_35406beea576","formal","dtype_and_input_contract","runs/stage08_b03_resample_35406beea576/formal/20260809T093929Z_35406beea576_stage08_b03_formal_8333f003/operator_dtype_evidence_resample_fft_thrust_20260809T093929Z_35406beea576_stage08_b03_formal_8333f003.csv","20260809T093929Z_35406beea576_stage08_b03_formal_8333f003","resample__resample_fp16_10e2__1ab2d161a63245d6","resample","FP16",,"actual_typed_array_input_fp32_fft_resample_extension","1","x:FP16:[100]:bytes=200:sha256=1ab2d161a63245d62dd9b8124fe25d066207f0fe85b5d73a32a1fa26a2b8cf78",,,,"1ab2d161a63245d62dd9b8124fe25d066207f0fe85b5d73a32a1fa26a2b8cf78","FP32",,"ComplexFP32","FP32",,,,,,,,"PASS","OK"
"stage08","stage08_b03_resample_35406beea576","formal","dtype_and_input_contract","runs/stage08_b03_resample_35406beea576/formal/20260809T093931Z_35406beea576_stage08_b03_formal_8333f004/operator_dtype_evidence_resample_fft_thrust_20260809T093931Z_35406beea576_stage08_b03_formal_8333f004.csv","20260809T093931Z_35406beea576_stage08_b03_formal_8333f004","resample__resample_fp16_10e3__8845f580c769b80a","resample","FP16",,"actual_typed_array_input_fp32_fft_resample_extension","1","x:FP16:[1024]:bytes=2048:sha256=8845f580c769b80a1e01e2198f5b4a25119140e997bf39fa8f2afcde3d965056",,,,"8845f580c769b80a1e01e2198f5b4a25119140e997bf39fa8f2afcde3d965056","FP32",,"ComplexFP32","FP32",,,,,,,,"PASS","OK"
"stage08","stage08_b03_resample_35406beea576","formal","dtype_and_input_contract","runs/stage08_b03_resample_35406beea576/formal/20260809T093934Z_35406beea576_stage08_b03_formal_8333f005/operator_dtype_evidence_resample_fft_thrust_20260809T093934Z_35406beea576_stage08_b03_formal_8333f005.csv","20260809T093934Z_35406beea576_stage08_b03_formal_8333f005","resample__resample_fp16_10e4__106fe9054668bfea","resample","FP16",,"actual_typed_array_input_fp32_fft_resample_extension","1","x:FP16:[10000]:bytes=20000:sha256=106fe9054668bfeaac884ce20c4d3efb73858a4e8f310cb799907406b1f6813f",,,,"106fe9054668bfeaac884ce20c4d3efb73858a4e8f310cb799907406b1f6813f","FP32",,"ComplexFP32","FP32",,,,,,,,"PASS","OK"
"stage08","stage08_b03_resample_35406beea576","formal","dtype_and_input_contract","runs/stage08_b03_resample_35406beea576/formal/20260809T093948Z_35406beea576_stage08_b03_formal_8333f006/operator_dtype_evidence_resample_fft_thrust_20260809T093948Z_35406beea576_stage08_b03_formal_8333f006.csv","20260809T093948Z_35406beea576_stage08_b03_formal_8333f006","resample__resample_int32_10e2__a5ccb7459ef721bb","resample","INT32",,"actual_typed_array_input_fp32_fft_resample_extension","1","x:INT32:[100]:bytes=400:sha256=a5ccb7459ef721bbc26cedd58510d14ec39aec9fa720b6b7c797c8b743a33239",,,,"a5ccb7459ef721bbc26cedd58510d14ec39aec9fa720b6b7c797c8b743a33239","FP32",,"ComplexFP32","FP64",,,,,,,,"PASS","OK"
"stage08","stage08_b03_resample_35406beea576","formal","dtype_and_input_contract","runs/stage08_b03_resample_35406beea576/formal/20260809T093950Z_35406beea576_stage08_b03_formal_8333f007/operator_dtype_evidence_resample_fft_thrust_20260809T093950Z_35406beea576_stage08_b03_formal_8333f007.csv","20260809T093950Z_35406beea576_stage08_b03_formal_8333f007","resample__resample_int32_10e3__146ac43aa56a927f","resample","INT32",,"actual_typed_array_input_fp32_fft_resample_extension","1","x:INT32:[1024]:bytes=4096:sha256=146ac43aa56a927fc15369a1685697fbbd150e07551061aa8c2a002e37610143",,,,"146ac43aa56a927fc15369a1685697fbbd150e07551061aa8c2a002e37610143","FP32",,"ComplexFP32","FP64",,,,,,,,"PASS","OK"
"stage08","stage08_b03_resample_35406beea576","formal","dtype_and_input_contract","runs/stage08_b03_resample_35406beea576/formal/20260809T093953Z_35406beea576_stage08_b03_formal_8333f008/operator_dtype_evidence_resample_fft_thrust_20260809T093953Z_35406beea576_stage08_b03_formal_8333f008.csv","20260809T093953Z_35406beea576_stage08_b03_formal_8333f008","resample__resample_int32_10e4__eeda08451366db28","resample","INT32",,"actual_typed_array_input_fp32_fft_resample_extension","1","x:INT32:[10000]:bytes=40000:sha256=eeda08451366db28b93bad52a32af5545be474f8cb3159c9e55365a010482ce8",,,,"eeda08451366db28b93bad52a32af5545be474f8cb3159c9e55365a010482ce8","FP32",,"ComplexFP32","FP64",,,,,,,,"PASS","OK"
"stage08","stage08_b03_resample_35406beea576","formal","dtype_and_input_contract","runs/stage08_b03_resample_35406beea576/formal/20260809T094007Z_35406beea576_stage08_b03_formal_8333f009/operator_dtype_evidence_resample_fft_thrust_20260809T094007Z_35406beea576_stage08_b03_formal_8333f009.csv","20260809T094007Z_35406beea576_stage08_b03_formal_8333f009","resample__resample_int16_10e2__f8633ac1bdd4a2e9","resample","INT16",,"actual_typed_array_input_fp32_fft_resample_extension","1","x:INT16:[100]:bytes=200:sha256=f8633ac1bdd4a2e94e9c5998cef58f8038a51c8457a2f2132f49994491e3094e",,,,"f8633ac1bdd4a2e94e9c5998cef58f8038a51c8457a2f2132f49994491e3094e","FP32",,"ComplexFP32","FP64",,,,,,,,"PASS","OK"
"stage08","stage08_b03_resample_35406beea576","formal","dtype_and_input_contract","runs/stage08_b03_resample_35406beea576/formal/20260809T094009Z_35406beea576_stage08_b03_formal_8333f00a/operator_dtype_evidence_resample_fft_thrust_20260809T094009Z_35406beea576_stage08_b03_formal_8333f00a.csv","20260809T094009Z_35406beea576_stage08_b03_formal_8333f00a","resample__resample_int16_10e3__69011c40e0cc379c","resample","INT16",,"actual_typed_array_input_fp32_fft_resample_extension","1","x:INT16:[1024]:bytes=2048:sha256=69011c40e0cc379c01951c64389f79f1557e4ba5c4247dc5a4df32c9066ac11c",,,,"69011c40e0cc379c01951c64389f79f1557e4ba5c4247dc5a4df32c9066ac11c","FP32",,"ComplexFP32","FP64",,,,,,,,"PASS","OK"
"stage08","stage08_b03_resample_35406beea576","formal","dtype_and_input_contract","runs/stage08_b03_resample_35406beea576/formal/20260809T094012Z_35406beea576_stage08_b03_formal_8333f00b/operator_dtype_evidence_resample_fft_thrust_20260809T094012Z_35406beea576_stage08_b03_formal_8333f00b.csv","20260809T094012Z_35406beea576_stage08_b03_formal_8333f00b","resample__resample_int16_10e4__9b51e3a1549ddaa4","resample","INT16",,"actual_typed_array_input_fp32_fft_resample_extension","1","x:INT16:[10000]:bytes=20000:sha256=9b51e3a1549ddaa4be6442ea6ca4a4660caa5835fc587b3caf255a3b43d827c0",,,,"9b51e3a1549ddaa4be6442ea6ca4a4660caa5835fc587b3caf255a3b43d827c0","FP32",,"ComplexFP32","FP64",,,,,,,,"PASS","OK"
"stage08","stage08_b03_resample_35406beea576","formal","dtype_and_input_contract","runs/stage08_b03_resample_35406beea576/formal/20260809T094026Z_35406beea576_stage08_b03_formal_8333f00c/operator_dtype_evidence_resample_fft_thrust_20260809T094026Z_35406beea576_stage08_b03_formal_8333f00c.csv","20260809T094026Z_35406beea576_stage08_b03_formal_8333f00c","resample__resample_int8_10e2__67539ccecec46f7c","resample","INT8",,"actual_typed_array_input_fp32_fft_resample_extension","1","x:INT8:[100]:bytes=100:sha256=67539ccecec46f7cc4d848b546660cd66a3f8ad545048d382399370c10ea4b40",,,,"67539ccecec46f7cc4d848b546660cd66a3f8ad545048d382399370c10ea4b40","FP32",,"ComplexFP32","FP64",,,,,,,,"PASS","OK"
"stage08","stage08_b03_resample_35406beea576","formal","dtype_and_input_contract","runs/stage08_b03_resample_35406beea576/formal/20260809T094027Z_35406beea576_stage08_b03_formal_8333f00d/operator_dtype_evidence_resample_fft_thrust_20260809T094027Z_35406beea576_stage08_b03_formal_8333f00d.csv","20260809T094027Z_35406beea576_stage08_b03_formal_8333f00d","resample__resample_int8_10e3__d7f6f34246c6d599","resample","INT8",,"actual_typed_array_input_fp32_fft_resample_extension","1","x:INT8:[1024]:bytes=1024:sha256=d7f6f34246c6d599699efc0e69b861470f30dee8c380d05b56001f825ad372c4",,,,"d7f6f34246c6d599699efc0e69b861470f30dee8c380d05b56001f825ad372c4","FP32",,"ComplexFP32","FP64",,,,,,,,"PASS","OK"
"stage08","stage08_b03_resample_35406beea576","formal","dtype_and_input_contract","runs/stage08_b03_resample_35406beea576/formal/20260809T094030Z_35406beea576_stage08_b03_formal_8333f00e/operator_dtype_evidence_resample_fft_thrust_20260809T094030Z_35406beea576_stage08_b03_formal_8333f00e.csv","20260809T094030Z_35406beea576_stage08_b03_formal_8333f00e","resample__resample_int8_10e4__876d5cd7fa774bec","resample","INT8",,"actual_typed_array_input_fp32_fft_resample_extension","1","x:INT8:[10000]:bytes=10000:sha256=876d5cd7fa774becfc5e928bbf56a191e5651b0626e32e88f8b8303a7fb05bae",,,,"876d5cd7fa774becfc5e928bbf56a191e5651b0626e32e88f8b8303a7fb05bae","FP32",,"ComplexFP32","FP64",,,,,,,,"PASS","OK"
"stage08","stage08_b03_resample_dev","smoke","dtype_and_input_contract","runs/stage08_b03_resample_dev/smoke/20260809T093500Z_84ffd3389dd2_stage08_b03_smoke_8332a001/operator_dtype_evidence_resample_fft_thrust_20260809T093500Z_84ffd3389dd2_stage08_b03_smoke_8332a001.csv","20260809T093500Z_84ffd3389dd2_stage08_b03_smoke_8332a001","resample__resample_fp16_10e2__1ab2d161a63245d6","resample","FP16",,"actual_typed_array_input_fp32_fft_resample_extension","1","x:FP16:[100]:bytes=200:sha256=1ab2d161a63245d62dd9b8124fe25d066207f0fe85b5d73a32a1fa26a2b8cf78",,,,"1ab2d161a63245d62dd9b8124fe25d066207f0fe85b5d73a32a1fa26a2b8cf78","FP32",,"ComplexFP32","FP32",,,,,,,,"PASS","OK"
"stage08","stage08_b04_correlate2d_2c86271438dd","smoke","dtype_and_input_contract","runs/stage08_b04_correlate2d_2c86271438dd/smoke/20260809T110300Z_2c86271438dd_stage08_b04_smoke_84000001/operator_dtype_evidence_correlate2d_not_applicable_20260809T110300Z_2c86271438dd_stage08_b04_smoke_84000001.csv","20260809T110300Z_2c86271438dd_stage08_b04_smoke_84000001","correlate2d__correlate2d_fp32_10e2__11d622e248c4eb6f","correlate2d","FP32",,"actual_same_dtype_arrays_native_direct","2","in1:FP32:[10x10]:bytes=400:sha256=69e4595433fdcbb3baf657e00e7ab3a034d6144f69755160999706982900bb7e|in2:FP32:[3x3]:bytes=36:sha256=b51378bbc01874e4479009726ecf36086a2c08ce03e9277044cf432aac878916",,,,"11d622e248c4eb6feb2d50c956b6ad821146c38d461e2f6ccc615e349c801118","FP32",,"not_applicable","FP32",,,,,,,,"PASS","OK"
"stage08","stage08_b04_correlate2d_e458c69972d3","formal","dtype_and_input_contract","runs/stage08_b04_correlate2d_e458c69972d3/formal/20260809T110640Z_e458c69972d3_stage08_b04_formal_8403f000/operator_dtype_evidence_correlate2d_not_applicable_20260809T110640Z_e458c69972d3_stage08_b04_formal_8403f000.csv","20260809T110640Z_e458c69972d3_stage08_b04_formal_8403f000","correlate2d__correlate2d_fp32_10e2__11d622e248c4eb6f","correlate2d","FP32",,"actual_same_dtype_arrays_native_direct","2","in1:FP32:[10x10]:bytes=400:sha256=69e4595433fdcbb3baf657e00e7ab3a034d6144f69755160999706982900bb7e|in2:FP32:[3x3]:bytes=36:sha256=b51378bbc01874e4479009726ecf36086a2c08ce03e9277044cf432aac878916",,,,"11d622e248c4eb6feb2d50c956b6ad821146c38d461e2f6ccc615e349c801118","FP32",,"not_applicable","FP32",,,,,,,,"PASS","OK"
"stage08","stage08_b04_correlate2d_e458c69972d3","formal","dtype_and_input_contract","runs/stage08_b04_correlate2d_e458c69972d3/formal/20260809T110641Z_e458c69972d3_stage08_b04_formal_8403f001/operator_dtype_evidence_correlate2d_not_applicable_20260809T110641Z_e458c69972d3_stage08_b04_formal_8403f001.csv","20260809T110641Z_e458c69972d3_stage08_b04_formal_8403f001","correlate2d__correlate2d_fp32_10e3__7c9e5187036c8684","correlate2d","FP32",,"actual_same_dtype_arrays_native_direct","2","in1:FP32:[32x32]:bytes=4096:sha256=448ba2cabad6b88a3da54c323d34e269574e3c72158cec305ec406214db26cbc|in2:FP32:[5x4]:bytes=80:sha256=6b76f1dccbc09e6ef5527592b8139ffd78b4650dda4e6eef6576c701288d6ca0",,,,"7c9e5187036c8684055860907fba8b68f0ca94495baea897b21d89ad722e1096","FP32",,"not_applicable","FP32",,,,,,,,"PASS","OK"
"stage08","stage08_b04_correlate2d_e458c69972d3","formal","dtype_and_input_contract","runs/stage08_b04_correlate2d_e458c69972d3/formal/20260809T110641Z_e458c69972d3_stage08_b04_formal_8403f002/operator_dtype_evidence_correlate2d_not_applicable_20260809T110641Z_e458c69972d3_stage08_b04_formal_8403f002.csv","20260809T110641Z_e458c69972d3_stage08_b04_formal_8403f002","correlate2d__correlate2d_fp32_10e4__bba2df37b5e4405b","correlate2d","FP32",,"actual_same_dtype_arrays_native_direct","2","in1:FP32:[100x100]:bytes=40000:sha256=590ab70e51edf7167eaed78a93f28a21c023328db3fc4882a25bbcab40163e8d|in2:FP32:[7x5]:bytes=140:sha256=faeeb6aa6d9890bc8355f00275907f89adffd6fb67860a10a058ce5055958f62",,,,"bba2df37b5e4405b1b23c7929df1b429ce5ae4dc3f214c36f33b4d9c89ecf1eb","FP32",,"not_applicable","FP32",,,,,,,,"PASS","OK"
"stage08","stage08_b04_correlate2d_e458c69972d3","formal","dtype_and_input_contract","runs/stage08_b04_correlate2d_e458c69972d3/formal/20260809T110642Z_e458c69972d3_stage08_b04_formal_8403f003/operator_dtype_evidence_correlate2d_not_applicable_20260809T110642Z_e458c69972d3_stage08_b04_formal_8403f003.csv","20260809T110642Z_e458c69972d3_stage08_b04_formal_8403f003","correlate2d__correlate2d_fp16_10e2__17e14fd13484e1b0","correlate2d","FP16",,"actual_same_dtype_arrays_fp32_legal_extension","2","in1:FP16:[10x10]:bytes=200:sha256=2903805c423805eae4106e61702f5a02206ba56ef44420b73fc289a20b047ba8|in2:FP16:[3x3]:bytes=18:sha256=7eea4e5f5c2bc27c339c99f91b896f3467422fbfcc186bfc594b0008cd3cb41e",,,,"17e14fd13484e1b0d4f0ae7bab5dadc43756ff0fbdf448bfeeaa32422b92de64","FP32",,"not_applicable","FP16",,,,,,,,"PASS","OK"
"stage08","stage08_b04_correlate2d_e458c69972d3","formal","dtype_and_input_contract","runs/stage08_b04_correlate2d_e458c69972d3/formal/20260809T110642Z_e458c69972d3_stage08_b04_formal_8403f004/operator_dtype_evidence_correlate2d_not_applicable_20260809T110642Z_e458c69972d3_stage08_b04_formal_8403f004.csv","20260809T110642Z_e458c69972d3_stage08_b04_formal_8403f004","correlate2d__correlate2d_fp16_10e3__c0b85aaf6850d391","correlate2d","FP16",,"actual_same_dtype_arrays_fp32_legal_extension","2","in1:FP16:[32x32]:bytes=2048:sha256=53fd6a472a87440f818082fdeba79486d2c40be79de7f49c62633d71d9dd21e0|in2:FP16:[5x4]:bytes=40:sha256=52827759149a7067c3dbd4e9f86bd78357efbf9b962d057be039bb5aa0ece69b",,,,"c0b85aaf6850d391a716fc4a0b3722715b88be96bf5e92a076139171dd3fa401","FP32",,"not_applicable","FP16",,,,,,,,"PASS","OK"
"stage08","stage08_b04_correlate2d_e458c69972d3","formal","dtype_and_input_contract","runs/stage08_b04_correlate2d_e458c69972d3/formal/20260809T110642Z_e458c69972d3_stage08_b04_formal_8403f005/operator_dtype_evidence_correlate2d_not_applicable_20260809T110642Z_e458c69972d3_stage08_b04_formal_8403f005.csv","20260809T110642Z_e458c69972d3_stage08_b04_formal_8403f005","correlate2d__correlate2d_fp16_10e4__5a17f829a8b6498f","correlate2d","FP16",,"actual_same_dtype_arrays_fp32_legal_extension","2","in1:FP16:[100x100]:bytes=20000:sha256=37bd77ed3695dfc58e31cea0adaedcbd54bfabe73602316d7e68f5ab9f947f75|in2:FP16:[7x5]:bytes=70:sha256=85c60d22d5732e6b6e0bb1cb0d7bf262e5bf230e671abef28c17cd0d161af12a",,,,"5a17f829a8b6498f7b1b02e6321bf9d44c9dae8f5ad8ab2ef03a7f997459622d","FP32",,"not_applicable","FP16",,,,,,,,"PASS","OK"
"stage08","stage08_b04_correlate2d_e458c69972d3","formal","dtype_and_input_contract","runs/stage08_b04_correlate2d_e458c69972d3/formal/20260809T110645Z_e458c69972d3_stage08_b04_formal_8403f006/operator_dtype_evidence_correlate2d_not_applicable_20260809T110645Z_e458c69972d3_stage08_b04_formal_8403f006.csv","20260809T110645Z_e458c69972d3_stage08_b04_formal_8403f006","correlate2d__correlate2d_int32_10e2__49effc96ccb0892a","correlate2d","INT32",,"actual_same_dtype_arrays_native_modular_direct","2","in1:INT32:[10x10]:bytes=400:sha256=04cae67601be7e9dd44a7ae86e75165f6a4796f85b5760c027c56e06fdbd2175|in2:INT32:[3x3]:bytes=36:sha256=f072b687deed70054253411a13842c9dbc7304e29a5a851c3cfec8e38e714ca9",,,,"49effc96ccb0892adc889b77dc65f457a729295f96e25c02a929bc8f942e8681","INT32_modular",,"not_applicable","INT32",,,,,,,,"PASS","OK"
"stage08","stage08_b04_correlate2d_e458c69972d3","formal","dtype_and_input_contract","runs/stage08_b04_correlate2d_e458c69972d3/formal/20260809T110645Z_e458c69972d3_stage08_b04_formal_8403f007/operator_dtype_evidence_correlate2d_not_applicable_20260809T110645Z_e458c69972d3_stage08_b04_formal_8403f007.csv","20260809T110645Z_e458c69972d3_stage08_b04_formal_8403f007","correlate2d__correlate2d_int32_10e3__d149b62d9f292ba5","correlate2d","INT32",,"actual_same_dtype_arrays_native_modular_direct","2","in1:INT32:[32x32]:bytes=4096:sha256=d58baba2583266ec31900dfa39f435441ac90c97978ab565e9f84b9e208a89d1|in2:INT32:[5x4]:bytes=80:sha256=df39e29e66bd31e1d4e845c4f69dca37c2d5cdde42794937981596bf852b1b73",,,,"d149b62d9f292ba5fde68d91782aae765a69f78bfc4f1a4e134281b4ee07f1da","INT32_modular",,"not_applicable","INT32",,,,,,,,"PASS","OK"
"stage08","stage08_b04_correlate2d_e458c69972d3","formal","dtype_and_input_contract","runs/stage08_b04_correlate2d_e458c69972d3/formal/20260809T110646Z_e458c69972d3_stage08_b04_formal_8403f008/operator_dtype_evidence_correlate2d_not_applicable_20260809T110646Z_e458c69972d3_stage08_b04_formal_8403f008.csv","20260809T110646Z_e458c69972d3_stage08_b04_formal_8403f008","correlate2d__correlate2d_int32_10e4__7df5632b89759395","correlate2d","INT32",,"actual_same_dtype_arrays_native_modular_direct","2","in1:INT32:[100x100]:bytes=40000:sha256=2a78bd11d53a9d36b6801a05f404aba6330e425302d7600a270cd587a3a7c851|in2:INT32:[7x5]:bytes=140:sha256=ee9d62cd70b5b108bad3a18b66ab03ae75db9d028cfc9576c78b1b4473f72d0d",,,,"7df5632b897593958c2080680f4c19ff787ae2acc4c4604d239f636b06040cf4","INT32_modular",,"not_applicable","INT32",,,,,,,,"PASS","OK"
"stage08","stage08_b04_correlate2d_e458c69972d3","formal","dtype_and_input_contract","runs/stage08_b04_correlate2d_e458c69972d3/formal/20260809T110647Z_e458c69972d3_stage08_b04_formal_8403f009/operator_dtype_evidence_correlate2d_not_applicable_20260809T110647Z_e458c69972d3_stage08_b04_formal_8403f009.csv","20260809T110647Z_e458c69972d3_stage08_b04_formal_8403f009","correlate2d__correlate2d_int16_10e2__8fa0cd93f5d11146","correlate2d","INT16",,"actual_same_dtype_arrays_fp32_legal_extension","2","in1:INT16:[10x10]:bytes=200:sha256=fe2141ea0492ea34319a7c6dad5e0caeaf0b10ef38917f9067b603ed45b1d3a4|in2:INT16:[3x3]:bytes=18:sha256=c87379430c26b20c4affe00dbf8a65e9e012938865981ccf744cfaccdfa74e69",,,,"8fa0cd93f5d111460cb0c75c545e5a4faecb08c776a4bf4597ce04f5c65eeb58","FP32",,"not_applicable","INT16",,,,,,,,"PASS","OK"
"stage08","stage08_b04_correlate2d_e458c69972d3","formal","dtype_and_input_contract","runs/stage08_b04_correlate2d_e458c69972d3/formal/20260809T110647Z_e458c69972d3_stage08_b04_formal_8403f00a/operator_dtype_evidence_correlate2d_not_applicable_20260809T110647Z_e458c69972d3_stage08_b04_formal_8403f00a.csv","20260809T110647Z_e458c69972d3_stage08_b04_formal_8403f00a","correlate2d__correlate2d_int16_10e3__fe25e3776919bf53","correlate2d","INT16",,"actual_same_dtype_arrays_fp32_legal_extension","2","in1:INT16:[32x32]:bytes=2048:sha256=03f9cb97ba0d9de61415c3617d34f60511cd56c9ec347b536a65b3e05b99170b|in2:INT16:[5x4]:bytes=40:sha256=ccd1101c660f90fc0ddf7c7b72bbf66c5a425607fc115119ef6b1be0aa942abc",,,,"fe25e3776919bf537847a2282e9045c4e1dd696cad55e35bb24b74ab512de015","FP32",,"not_applicable","INT16",,,,,,,,"PASS","OK"
"stage08","stage08_b04_correlate2d_e458c69972d3","formal","dtype_and_input_contract","runs/stage08_b04_correlate2d_e458c69972d3/formal/20260809T110647Z_e458c69972d3_stage08_b04_formal_8403f00b/operator_dtype_evidence_correlate2d_not_applicable_20260809T110647Z_e458c69972d3_stage08_b04_formal_8403f00b.csv","20260809T110647Z_e458c69972d3_stage08_b04_formal_8403f00b","correlate2d__correlate2d_int16_10e4__307715b3e3094cb0","correlate2d","INT16",,"actual_same_dtype_arrays_fp32_legal_extension","2","in1:INT16:[100x100]:bytes=20000:sha256=70fa16f838da06b557da69834a8210f53c28667a4d088df4b478ecfa3081f157|in2:INT16:[7x5]:bytes=70:sha256=fd9628d3a087acb7e16756d36553a17bd4259602e25cd6a9e565d5f4b3432be9",,,,"307715b3e3094cb0221762d4de1c3a7c78d19b57a6d02fb29e88acb5421e1c93","FP32",,"not_applicable","INT16",,,,,,,,"PASS","OK"
"stage08","stage08_b04_correlate2d_e458c69972d3","formal","dtype_and_input_contract","runs/stage08_b04_correlate2d_e458c69972d3/formal/20260809T110648Z_e458c69972d3_stage08_b04_formal_8403f00c/operator_dtype_evidence_correlate2d_not_applicable_20260809T110648Z_e458c69972d3_stage08_b04_formal_8403f00c.csv","20260809T110648Z_e458c69972d3_stage08_b04_formal_8403f00c","correlate2d__correlate2d_int8_10e2__bcafc56b30192eb9","correlate2d","INT8",,"actual_same_dtype_arrays_fp32_legal_extension","2","in1:INT8:[10x10]:bytes=100:sha256=8a6a171a2fe689c2c86b54aa6cbd4b1e5a6a4ff4c28de68546c945f55bb0bc95|in2:INT8:[3x3]:bytes=9:sha256=475304541de814f6214f76803618412139b97a866adb6f11d799d16f5115d73a",,,,"bcafc56b30192eb99f4c29b0f3719ad7b21a235ffa37d2f0e51c862d6b0d6bfe","FP32",,"not_applicable","INT8",,,,,,,,"PASS","OK"
"stage08","stage08_b04_correlate2d_e458c69972d3","formal","dtype_and_input_contract","runs/stage08_b04_correlate2d_e458c69972d3/formal/20260809T110648Z_e458c69972d3_stage08_b04_formal_8403f00d/operator_dtype_evidence_correlate2d_not_applicable_20260809T110648Z_e458c69972d3_stage08_b04_formal_8403f00d.csv","20260809T110648Z_e458c69972d3_stage08_b04_formal_8403f00d","correlate2d__correlate2d_int8_10e3__48433359d2378def","correlate2d","INT8",,"actual_same_dtype_arrays_fp32_legal_extension","2","in1:INT8:[32x32]:bytes=1024:sha256=e43e2280eb79fc6a87c96c7bd52326ed503d7f0e6c3b0df7edd98d01f8313254|in2:INT8:[5x4]:bytes=20:sha256=a879914f375a4d3b653ec9c804f297c34aa7afcc5146404fe3808e6d85935253",,,,"48433359d2378def98a5a86fd8b3fe96a17f0f224ed412841815ae730b057420","FP32",,"not_applicable","INT8",,,,,,,,"PASS","OK"
"stage08","stage08_b04_correlate2d_e458c69972d3","formal","dtype_and_input_contract","runs/stage08_b04_correlate2d_e458c69972d3/formal/20260809T110648Z_e458c69972d3_stage08_b04_formal_8403f00e/operator_dtype_evidence_correlate2d_not_applicable_20260809T110648Z_e458c69972d3_stage08_b04_formal_8403f00e.csv","20260809T110648Z_e458c69972d3_stage08_b04_formal_8403f00e","correlate2d__correlate2d_int8_10e4__b361b9dc771bae74","correlate2d","INT8",,"actual_same_dtype_arrays_fp32_legal_extension","2","in1:INT8:[100x100]:bytes=10000:sha256=1e4417a6eb2b3ecfc18eff258baae78c69824acbae158108a5d6621bafc5fe0c|in2:INT8:[7x5]:bytes=35:sha256=644efb51edc825cc99e61b8d8d8d7317e3720439e4792fa4e153ba8c28eff43f",,,,"b361b9dc771bae746987633403b968b62f069edaa329d47d3474e60bb294f7de","FP32",,"not_applicable","INT8",,,,,,,,"PASS","OK"
"stage08","stage08_b04_firfilter2_be79ae78aeff","formal","dtype_and_input_contract","runs/stage08_b04_firfilter2_be79ae78aeff/formal/20260809T113846Z_be79ae78aeff_stage08_b04_formal_8423f000/operator_dtype_evidence_firfilter2_not_applicable_20260809T113846Z_be79ae78aeff_stage08_b04_formal_8423f000.csv","20260809T113846Z_be79ae78aeff_stage08_b04_formal_8423f000","firfilter2__firfilter2_fp32_10e2__cab83351a35ae0c7","firfilter2","FP32",,"actual_same_dtype_x_b_arrays_fp32_bidirectional_direct","2","x:FP32:[10x10]:bytes=400:sha256=632bcb0c33f1d535eef8a11d8bed5f7fd6a01cb49e24acea15e0607891ff5116|b:FP32:[3]:bytes=12:sha256=8a31a40ecac0ceb4d87b30bd156ca7a547e8e33dc071454b765fbc777d1c34a1",,,,"cab83351a35ae0c73dec03083714639a3dc02a73760e96d411b9f81d384216f6","FP32",,"not_applicable","FP32",,,,,,,,"PASS","OK"
"stage08","stage08_b04_firfilter2_be79ae78aeff","formal","dtype_and_input_contract","runs/stage08_b04_firfilter2_be79ae78aeff/formal/20260809T113846Z_be79ae78aeff_stage08_b04_formal_8423f001/operator_dtype_evidence_firfilter2_not_applicable_20260809T113846Z_be79ae78aeff_stage08_b04_formal_8423f001.csv","20260809T113846Z_be79ae78aeff_stage08_b04_formal_8423f001","firfilter2__firfilter2_fp32_10e3__6274977d5633712a","firfilter2","FP32",,"actual_same_dtype_x_b_arrays_fp32_bidirectional_direct","2","x:FP32:[32x32]:bytes=4096:sha256=9e578d89abd37f0f705b3ed15602d05f6610261a344831495311019e0f61118c|b:FP32:[3]:bytes=12:sha256=8a31a40ecac0ceb4d87b30bd156ca7a547e8e33dc071454b765fbc777d1c34a1",,,,"6274977d5633712af00bce78ccc05b7f9906c87658bc7996f40efac64488dfbf","FP32",,"not_applicable","FP32",,,,,,,,"PASS","OK"
"stage08","stage08_b04_firfilter2_be79ae78aeff","formal","dtype_and_input_contract","runs/stage08_b04_firfilter2_be79ae78aeff/formal/20260809T113846Z_be79ae78aeff_stage08_b04_formal_8423f002/operator_dtype_evidence_firfilter2_not_applicable_20260809T113846Z_be79ae78aeff_stage08_b04_formal_8423f002.csv","20260809T113846Z_be79ae78aeff_stage08_b04_formal_8423f002","firfilter2__firfilter2_fp32_10e4__78a9ad8437717817","firfilter2","FP32",,"actual_same_dtype_x_b_arrays_fp32_bidirectional_direct","2","x:FP32:[100x100]:bytes=40000:sha256=bfd9232dab447c341c839f57768bb004bea20d7c10c2b5bdd171a82c27c2504d|b:FP32:[3]:bytes=12:sha256=8a31a40ecac0ceb4d87b30bd156ca7a547e8e33dc071454b765fbc777d1c34a1",,,,"78a9ad8437717817a324a366d40f358c23a91de837197d8135bc1b558332267f","FP32",,"not_applicable","FP32",,,,,,,,"PASS","OK"
"stage08","stage08_b04_firfilter2_be79ae78aeff","formal","dtype_and_input_contract","runs/stage08_b04_firfilter2_be79ae78aeff/formal/20260809T113847Z_be79ae78aeff_stage08_b04_formal_8423f003/operator_dtype_evidence_firfilter2_not_applicable_20260809T113847Z_be79ae78aeff_stage08_b04_formal_8423f003.csv","20260809T113847Z_be79ae78aeff_stage08_b04_formal_8423f003","firfilter2__firfilter2_fp16_10e2__4057a757b3f129c1","firfilter2","FP16",,"actual_same_dtype_x_b_arrays_fp32_bidirectional_direct","2","x:FP16:[10x10]:bytes=200:sha256=ed674736eff2eaca8c723c5fdfc6c3ce3765b80fbbf74274c30838e4fee79ad9|b:FP16:[3]:bytes=6:sha256=d07c8d92e51dcfc08f44da20fca2553a7ea0fd3608f23dd2f9450b3976a59fdf",,,,"4057a757b3f129c108868e2cbf0f43881311b2431a504b0a289ad138e7e5d948","FP32",,"not_applicable","FP32",,,,,,,,"PASS","OK"
"stage08","stage08_b04_firfilter2_be79ae78aeff","formal","dtype_and_input_contract","runs/stage08_b04_firfilter2_be79ae78aeff/formal/20260809T113847Z_be79ae78aeff_stage08_b04_formal_8423f004/operator_dtype_evidence_firfilter2_not_applicable_20260809T113847Z_be79ae78aeff_stage08_b04_formal_8423f004.csv","20260809T113847Z_be79ae78aeff_stage08_b04_formal_8423f004","firfilter2__firfilter2_fp16_10e3__d19be3ef02c424ee","firfilter2","FP16",,"actual_same_dtype_x_b_arrays_fp32_bidirectional_direct","2","x:FP16:[32x32]:bytes=2048:sha256=5763d6222174970eb9c6bdd3d2cf6527aeee7902df712f500509831101de60fa|b:FP16:[3]:bytes=6:sha256=d07c8d92e51dcfc08f44da20fca2553a7ea0fd3608f23dd2f9450b3976a59fdf",,,,"d19be3ef02c424ee857b13a455f341479511bca9c16ac2cc8a7e03b6d709c888","FP32",,"not_applicable","FP32",,,,,,,,"PASS","OK"
"stage08","stage08_b04_firfilter2_be79ae78aeff","formal","dtype_and_input_contract","runs/stage08_b04_firfilter2_be79ae78aeff/formal/20260809T113847Z_be79ae78aeff_stage08_b04_formal_8423f005/operator_dtype_evidence_firfilter2_not_applicable_20260809T113847Z_be79ae78aeff_stage08_b04_formal_8423f005.csv","20260809T113847Z_be79ae78aeff_stage08_b04_formal_8423f005","firfilter2__firfilter2_fp16_10e4__a9a90b49faa0adc0","firfilter2","FP16",,"actual_same_dtype_x_b_arrays_fp32_bidirectional_direct","2","x:FP16:[100x100]:bytes=20000:sha256=8d1133f0dc93ff6d7b5fceba2e0fe8108941af3a2d66eaa2b8f66a0ac9f5965c|b:FP16:[3]:bytes=6:sha256=d07c8d92e51dcfc08f44da20fca2553a7ea0fd3608f23dd2f9450b3976a59fdf",,,,"a9a90b49faa0adc04f61444b5b9a46726a9c2faeb835650a58f7ebddc3c02ed5","FP32",,"not_applicable","FP32",,,,,,,,"PASS","OK"
"stage08","stage08_b04_firfilter2_be79ae78aeff","formal","dtype_and_input_contract","runs/stage08_b04_firfilter2_be79ae78aeff/formal/20260809T113847Z_be79ae78aeff_stage08_b04_formal_8423f006/operator_dtype_evidence_firfilter2_not_applicable_20260809T113847Z_be79ae78aeff_stage08_b04_formal_8423f006.csv","20260809T113847Z_be79ae78aeff_stage08_b04_formal_8423f006","firfilter2__firfilter2_int32_10e2__7a0bb29f4aaa9239","firfilter2","INT32",,"actual_same_dtype_x_b_arrays_fp32_bidirectional_direct","2","x:INT32:[10x10]:bytes=400:sha256=36e527cf1b7a45a7a1346b86cdf1537964ca34275a99d98b2c5453b1a2eb7d79|b:INT32:[3]:bytes=12:sha256=11047585fe102fbb5cadb42446612a578d88c6ef5ed076bb7ac360c4f9e4373d",,,,"7a0bb29f4aaa92398472350d38136400e60bc437574c556d00a964888c04c743","FP32",,"not_applicable","FP64",,,,,,,,"PASS","OK"
"stage08","stage08_b04_firfilter2_be79ae78aeff","formal","dtype_and_input_contract","runs/stage08_b04_firfilter2_be79ae78aeff/formal/20260809T113847Z_be79ae78aeff_stage08_b04_formal_8423f007/operator_dtype_evidence_firfilter2_not_applicable_20260809T113847Z_be79ae78aeff_stage08_b04_formal_8423f007.csv","20260809T113847Z_be79ae78aeff_stage08_b04_formal_8423f007","firfilter2__firfilter2_int32_10e3__e6d08b861409664d","firfilter2","INT32",,"actual_same_dtype_x_b_arrays_fp32_bidirectional_direct","2","x:INT32:[32x32]:bytes=4096:sha256=fd3df4ba409d86bf265770da342eadf0e1336619330ec8359a6efb41541b7498|b:INT32:[3]:bytes=12:sha256=11047585fe102fbb5cadb42446612a578d88c6ef5ed076bb7ac360c4f9e4373d",,,,"e6d08b861409664db74865df9b58b336222861ed6609b9efe12e2332856c1d37","FP32",,"not_applicable","FP64",,,,,,,,"PASS","OK"
"stage08","stage08_b04_firfilter2_be79ae78aeff","formal","dtype_and_input_contract","runs/stage08_b04_firfilter2_be79ae78aeff/formal/20260809T113848Z_be79ae78aeff_stage08_b04_formal_8423f008/operator_dtype_evidence_firfilter2_not_applicable_20260809T113848Z_be79ae78aeff_stage08_b04_formal_8423f008.csv","20260809T113848Z_be79ae78aeff_stage08_b04_formal_8423f008","firfilter2__firfilter2_int32_10e4__0909c04e8c751fa6","firfilter2","INT32",,"actual_same_dtype_x_b_arrays_fp32_bidirectional_direct","2","x:INT32:[100x100]:bytes=40000:sha256=38c6fca11ae2d834843d14627ebe44ee4782a5f2b1c3f2fbaccfe674c6d0ec92|b:INT32:[3]:bytes=12:sha256=11047585fe102fbb5cadb42446612a578d88c6ef5ed076bb7ac360c4f9e4373d",,,,"0909c04e8c751fa6abd167c082b16931431e891d07963aa167e14395a592cb02","FP32",,"not_applicable","FP64",,,,,,,,"PASS","OK"
"stage08","stage08_b04_firfilter2_be79ae78aeff","formal","dtype_and_input_contract","runs/stage08_b04_firfilter2_be79ae78aeff/formal/20260809T113848Z_be79ae78aeff_stage08_b04_formal_8423f009/operator_dtype_evidence_firfilter2_not_applicable_20260809T113848Z_be79ae78aeff_stage08_b04_formal_8423f009.csv","20260809T113848Z_be79ae78aeff_stage08_b04_formal_8423f009","firfilter2__firfilter2_int16_10e2__ec40932748c3b2a5","firfilter2","INT16",,"actual_same_dtype_x_b_arrays_fp32_bidirectional_direct","2","x:INT16:[10x10]:bytes=200:sha256=aad5a2354a332409628fc25426df52e56265e177bf9f7f8d92d3c8b1d5072454|b:INT16:[3]:bytes=6:sha256=cd0bae01d09803811b7a14b69461d4b28f8d6e0f0b779ac030adfe1cdc0dee6a",,,,"ec40932748c3b2a5822c97bf96ed7bb3da9655acdf01c6ad09d5f063cd15a490","FP32",,"not_applicable","FP32",,,,,,,,"PASS","OK"
"stage08","stage08_b04_firfilter2_be79ae78aeff","formal","dtype_and_input_contract","runs/stage08_b04_firfilter2_be79ae78aeff/formal/20260809T113848Z_be79ae78aeff_stage08_b04_formal_8423f00a/operator_dtype_evidence_firfilter2_not_applicable_20260809T113848Z_be79ae78aeff_stage08_b04_formal_8423f00a.csv","20260809T113848Z_be79ae78aeff_stage08_b04_formal_8423f00a","firfilter2__firfilter2_int16_10e3__f41e9da1ceea900f","firfilter2","INT16",,"actual_same_dtype_x_b_arrays_fp32_bidirectional_direct","2","x:INT16:[32x32]:bytes=2048:sha256=d62f80f8a724910ef5e954a54e05f54860201fbc8baf4678acd8f7a227ff3a4d|b:INT16:[3]:bytes=6:sha256=cd0bae01d09803811b7a14b69461d4b28f8d6e0f0b779ac030adfe1cdc0dee6a",,,,"f41e9da1ceea900fba4ddb29fd72534a68a45fcd874d63934b7e54e1973a060b","FP32",,"not_applicable","FP32",,,,,,,,"PASS","OK"
"stage08","stage08_b04_firfilter2_be79ae78aeff","formal","dtype_and_input_contract","runs/stage08_b04_firfilter2_be79ae78aeff/formal/20260809T113848Z_be79ae78aeff_stage08_b04_formal_8423f00b/operator_dtype_evidence_firfilter2_not_applicable_20260809T113848Z_be79ae78aeff_stage08_b04_formal_8423f00b.csv","20260809T113848Z_be79ae78aeff_stage08_b04_formal_8423f00b","firfilter2__firfilter2_int16_10e4__bfb5e00909c1c124","firfilter2","INT16",,"actual_same_dtype_x_b_arrays_fp32_bidirectional_direct","2","x:INT16:[100x100]:bytes=20000:sha256=2abcd8912d03e8b55893fb1e2a331203f8fc513172b51e4254f96510da85638a|b:INT16:[3]:bytes=6:sha256=cd0bae01d09803811b7a14b69461d4b28f8d6e0f0b779ac030adfe1cdc0dee6a",,,,"bfb5e00909c1c124c4aac9dbc5a58fc486c21d107ed8f7fd84bd50a4924e19b4","FP32",,"not_applicable","FP32",,,,,,,,"PASS","OK"
"stage08","stage08_b04_firfilter2_be79ae78aeff","formal","dtype_and_input_contract","runs/stage08_b04_firfilter2_be79ae78aeff/formal/20260809T113849Z_be79ae78aeff_stage08_b04_formal_8423f00c/operator_dtype_evidence_firfilter2_not_applicable_20260809T113849Z_be79ae78aeff_stage08_b04_formal_8423f00c.csv","20260809T113849Z_be79ae78aeff_stage08_b04_formal_8423f00c","firfilter2__firfilter2_int8_10e2__b813600a26be64d8","firfilter2","INT8",,"actual_same_dtype_x_b_arrays_fp32_bidirectional_direct","2","x:INT8:[10x10]:bytes=100:sha256=6a9cf3ded8ed69738b6c3aae545730a535b6150f6e262d13725afc90427ea2f3|b:INT8:[3]:bytes=3:sha256=75c8fd04ad916aec3e3d5cb76a452b116b3d4d0912a0a485e9fb8e3d240e210c",,,,"b813600a26be64d887e6ce07113d566f0a330296ff2797900a792df86074adf8","FP32",,"not_applicable","FP32",,,,,,,,"PASS","OK"
"stage08","stage08_b04_firfilter2_be79ae78aeff","formal","dtype_and_input_contract","runs/stage08_b04_firfilter2_be79ae78aeff/formal/20260809T113849Z_be79ae78aeff_stage08_b04_formal_8423f00d/operator_dtype_evidence_firfilter2_not_applicable_20260809T113849Z_be79ae78aeff_stage08_b04_formal_8423f00d.csv","20260809T113849Z_be79ae78aeff_stage08_b04_formal_8423f00d","firfilter2__firfilter2_int8_10e3__202740e38e7f7c05","firfilter2","INT8",,"actual_same_dtype_x_b_arrays_fp32_bidirectional_direct","2","x:INT8:[32x32]:bytes=1024:sha256=5e31d70e99c50f9e4cfa1be7a704cc172678f5defed6dd50944eb513c14abf9c|b:INT8:[3]:bytes=3:sha256=75c8fd04ad916aec3e3d5cb76a452b116b3d4d0912a0a485e9fb8e3d240e210c",,,,"202740e38e7f7c05954474db56b83a72a234c21f330d0dd54900a754cf8e5a22","FP32",,"not_applicable","FP32",,,,,,,,"PASS","OK"
"stage08","stage08_b04_firfilter2_be79ae78aeff","formal","dtype_and_input_contract","runs/stage08_b04_firfilter2_be79ae78aeff/formal/20260809T113849Z_be79ae78aeff_stage08_b04_formal_8423f00e/operator_dtype_evidence_firfilter2_not_applicable_20260809T113849Z_be79ae78aeff_stage08_b04_formal_8423f00e.csv","20260809T113849Z_be79ae78aeff_stage08_b04_formal_8423f00e","firfilter2__firfilter2_int8_10e4__07305073ace077e6","firfilter2","INT8",,"actual_same_dtype_x_b_arrays_fp32_bidirectional_direct","2","x:INT8:[100x100]:bytes=10000:sha256=ced4aec5ae2bde068ef0ec9906fdb2167640ad3f3aabdfbbf04d0b710768378f|b:INT8:[3]:bytes=3:sha256=75c8fd04ad916aec3e3d5cb76a452b116b3d4d0912a0a485e9fb8e3d240e210c",,,,"07305073ace077e6c666e3de5e527a91bd449113bc95e86b7b966430d83a3547","FP32",,"not_applicable","FP32",,,,,,,,"PASS","OK"
"stage08","stage08_b04_firfilter2_cdf69665a35d","smoke","dtype_and_input_contract","runs/stage08_b04_firfilter2_cdf69665a35d/smoke/20260809T113000Z_cdf69665a35d_stage08_b04_smoke_84200001/operator_dtype_evidence_firfilter2_not_applicable_20260809T113000Z_cdf69665a35d_stage08_b04_smoke_84200001.csv","20260809T113000Z_cdf69665a35d_stage08_b04_smoke_84200001","firfilter2__firfilter2_fp16_10e2__4057a757b3f129c1","firfilter2","FP16",,"actual_same_dtype_x_b_arrays_fp32_bidirectional_direct","2","x:FP16:[10x10]:bytes=200:sha256=ed674736eff2eaca8c723c5fdfc6c3ce3765b80fbbf74274c30838e4fee79ad9|b:FP16:[3]:bytes=6:sha256=d07c8d92e51dcfc08f44da20fca2553a7ea0fd3608f23dd2f9450b3976a59fdf",,,,"4057a757b3f129c108868e2cbf0f43881311b2431a504b0a289ad138e7e5d948","FP32",,"not_applicable","FP32",,,,,,,,"PASS","OK"
"stage08","stage08_b04_firwin2_6e5af3b6102d","smoke","dtype_and_input_contract","runs/stage08_b04_firwin2_6e5af3b6102d/smoke/20260809T111800Z_6e5af3b6102d_stage08_b04_smoke_84100001/operator_dtype_evidence_firwin2_fft_thrust_20260809T111800Z_6e5af3b6102d_stage08_b04_smoke_84100001.csv","20260809T111800Z_6e5af3b6102d_stage08_b04_smoke_84100001","firwin2__firwin2_fp16_10e2__09117d6346d84820","firwin2","FP16",,"actual_same_dtype_freq_gain_arrays","2","freq:FP16:[3]:bytes=6:sha256=7a4f57ca7425bdc7f8ec06318f9d2388ff2223c589a45ef7f0d6778798aa1301|gain:FP16:[3]:bytes=6:sha256=4feefe23dbe131297da3474605e674b758f4ab9e224a674010e07d765afc3022",,,,"09117d6346d848201f91fc3a2cec37480ccee8e7d902ea44e2190da2290e7463","FP32",,"ComplexFP32","FP64","fft_thrust",,,,,,,"PASS","OK"
"stage08","stage08_b04_firwin2_ba26c5229701","formal","dtype_and_input_contract","runs/stage08_b04_firwin2_ba26c5229701/formal/20260809T112202Z_ba26c5229701_stage08_b04_formal_8413f000/operator_dtype_evidence_firwin2_fft_thrust_20260809T112202Z_ba26c5229701_stage08_b04_formal_8413f000.csv","20260809T112202Z_ba26c5229701_stage08_b04_formal_8413f000","firwin2__firwin2_fp32_10e2__a26a252576b841ba","firwin2","FP32",,"actual_same_dtype_freq_gain_arrays","2","freq:FP32:[3]:bytes=12:sha256=ec59471fa91d47300ee1ceb1c4d6a5baa520636059cff91e1fd5e30faaee48a2|gain:FP32:[3]:bytes=12:sha256=3695fc5961dab4c804313662c5662248a3536224fb1dd93f8fb23304c437ff0c",,,,"a26a252576b841baf1b94619cf5f52ed4bc780e063cb61ea0a43dba89c157c78","FP32",,"ComplexFP32","FP64","fft_thrust",,,,,,,"PASS","OK"
"stage08","stage08_b04_firwin2_ba26c5229701","formal","dtype_and_input_contract","runs/stage08_b04_firwin2_ba26c5229701/formal/20260809T112202Z_ba26c5229701_stage08_b04_formal_8413f001/operator_dtype_evidence_firwin2_fft_thrust_20260809T112202Z_ba26c5229701_stage08_b04_formal_8413f001.csv","20260809T112202Z_ba26c5229701_stage08_b04_formal_8413f001","firwin2__firwin2_fp32_10e3__a26a252576b841ba","firwin2","FP32",,"actual_same_dtype_freq_gain_arrays","2","freq:FP32:[3]:bytes=12:sha256=ec59471fa91d47300ee1ceb1c4d6a5baa520636059cff91e1fd5e30faaee48a2|gain:FP32:[3]:bytes=12:sha256=3695fc5961dab4c804313662c5662248a3536224fb1dd93f8fb23304c437ff0c",,,,"a26a252576b841baf1b94619cf5f52ed4bc780e063cb61ea0a43dba89c157c78","FP32",,"ComplexFP32","FP64","fft_thrust",,,,,,,"PASS","OK"
"stage08","stage08_b04_firwin2_ba26c5229701","formal","dtype_and_input_contract","runs/stage08_b04_firwin2_ba26c5229701/formal/20260809T112202Z_ba26c5229701_stage08_b04_formal_8413f002/operator_dtype_evidence_firwin2_fft_thrust_20260809T112202Z_ba26c5229701_stage08_b04_formal_8413f002.csv","20260809T112202Z_ba26c5229701_stage08_b04_formal_8413f002","firwin2__firwin2_fp32_10e4__a26a252576b841ba","firwin2","FP32",,"actual_same_dtype_freq_gain_arrays","2","freq:FP32:[3]:bytes=12:sha256=ec59471fa91d47300ee1ceb1c4d6a5baa520636059cff91e1fd5e30faaee48a2|gain:FP32:[3]:bytes=12:sha256=3695fc5961dab4c804313662c5662248a3536224fb1dd93f8fb23304c437ff0c",,,,"a26a252576b841baf1b94619cf5f52ed4bc780e063cb61ea0a43dba89c157c78","FP32",,"ComplexFP32","FP64","fft_thrust",,,,,,,"PASS","OK"
"stage08","stage08_b04_firwin2_ba26c5229701","formal","dtype_and_input_contract","runs/stage08_b04_firwin2_ba26c5229701/formal/20260809T112203Z_ba26c5229701_stage08_b04_formal_8413f003/operator_dtype_evidence_firwin2_fft_thrust_20260809T112203Z_ba26c5229701_stage08_b04_formal_8413f003.csv","20260809T112203Z_ba26c5229701_stage08_b04_formal_8413f003","firwin2__firwin2_fp16_10e2__09117d6346d84820","firwin2","FP16",,"actual_same_dtype_freq_gain_arrays","2","freq:FP16:[3]:bytes=6:sha256=7a4f57ca7425bdc7f8ec06318f9d2388ff2223c589a45ef7f0d6778798aa1301|gain:FP16:[3]:bytes=6:sha256=4feefe23dbe131297da3474605e674b758f4ab9e224a674010e07d765afc3022",,,,"09117d6346d848201f91fc3a2cec37480ccee8e7d902ea44e2190da2290e7463","FP32",,"ComplexFP32","FP64","fft_thrust",,,,,,,"PASS","OK"
"stage08","stage08_b04_firwin2_ba26c5229701","formal","dtype_and_input_contract","runs/stage08_b04_firwin2_ba26c5229701/formal/20260809T112203Z_ba26c5229701_stage08_b04_formal_8413f004/operator_dtype_evidence_firwin2_fft_thrust_20260809T112203Z_ba26c5229701_stage08_b04_formal_8413f004.csv","20260809T112203Z_ba26c5229701_stage08_b04_formal_8413f004","firwin2__firwin2_fp16_10e3__09117d6346d84820","firwin2","FP16",,"actual_same_dtype_freq_gain_arrays","2","freq:FP16:[3]:bytes=6:sha256=7a4f57ca7425bdc7f8ec06318f9d2388ff2223c589a45ef7f0d6778798aa1301|gain:FP16:[3]:bytes=6:sha256=4feefe23dbe131297da3474605e674b758f4ab9e224a674010e07d765afc3022",,,,"09117d6346d848201f91fc3a2cec37480ccee8e7d902ea44e2190da2290e7463","FP32",,"ComplexFP32","FP64","fft_thrust",,,,,,,"PASS","OK"
"stage08","stage08_b04_firwin2_ba26c5229701","formal","dtype_and_input_contract","runs/stage08_b04_firwin2_ba26c5229701/formal/20260809T112204Z_ba26c5229701_stage08_b04_formal_8413f005/operator_dtype_evidence_firwin2_fft_thrust_20260809T112204Z_ba26c5229701_stage08_b04_formal_8413f005.csv","20260809T112204Z_ba26c5229701_stage08_b04_formal_8413f005","firwin2__firwin2_fp16_10e4__09117d6346d84820","firwin2","FP16",,"actual_same_dtype_freq_gain_arrays","2","freq:FP16:[3]:bytes=6:sha256=7a4f57ca7425bdc7f8ec06318f9d2388ff2223c589a45ef7f0d6778798aa1301|gain:FP16:[3]:bytes=6:sha256=4feefe23dbe131297da3474605e674b758f4ab9e224a674010e07d765afc3022",,,,"09117d6346d848201f91fc3a2cec37480ccee8e7d902ea44e2190da2290e7463","FP32",,"ComplexFP32","FP64","fft_thrust",,,,,,,"PASS","OK"
"stage08","stage08_b04_firwin2_ba26c5229701","formal","dtype_and_input_contract","runs/stage08_b04_firwin2_ba26c5229701/formal/20260809T112204Z_ba26c5229701_stage08_b04_formal_8413f006/operator_dtype_evidence_firwin2_fft_thrust_20260809T112204Z_ba26c5229701_stage08_b04_formal_8413f006.csv","20260809T112204Z_ba26c5229701_stage08_b04_formal_8413f006","firwin2__firwin2_int32_10e2__9bb7ee17931d2a9a","firwin2","INT32",,"actual_same_dtype_freq_gain_arrays","2","freq:INT32:[3]:bytes=12:sha256=a793829a02facc184584d96f9b5ab078907a0894a4588be70485afd1741001f1|gain:INT32:[3]:bytes=12:sha256=31190090408f837aa1dc44bf75404af354a0e5d5c965f1d407a97dd627554da5",,,,"9bb7ee17931d2a9a4ebf725bb62923a7d4386220c65c617d97e4564f41e8e011","FP32",,"ComplexFP32","FP64","fft_thrust",,,,,,,"PASS","OK"
"stage08","stage08_b04_firwin2_ba26c5229701","formal","dtype_and_input_contract","runs/stage08_b04_firwin2_ba26c5229701/formal/20260809T112204Z_ba26c5229701_stage08_b04_formal_8413f007/operator_dtype_evidence_firwin2_fft_thrust_20260809T112204Z_ba26c5229701_stage08_b04_formal_8413f007.csv","20260809T112204Z_ba26c5229701_stage08_b04_formal_8413f007","firwin2__firwin2_int32_10e3__9bb7ee17931d2a9a","firwin2","INT32",,"actual_same_dtype_freq_gain_arrays","2","freq:INT32:[3]:bytes=12:sha256=a793829a02facc184584d96f9b5ab078907a0894a4588be70485afd1741001f1|gain:INT32:[3]:bytes=12:sha256=31190090408f837aa1dc44bf75404af354a0e5d5c965f1d407a97dd627554da5",,,,"9bb7ee17931d2a9a4ebf725bb62923a7d4386220c65c617d97e4564f41e8e011","FP32",,"ComplexFP32","FP64","fft_thrust",,,,,,,"PASS","OK"
"stage08","stage08_b04_firwin2_ba26c5229701","formal","dtype_and_input_contract","runs/stage08_b04_firwin2_ba26c5229701/formal/20260809T112205Z_ba26c5229701_stage08_b04_formal_8413f008/operator_dtype_evidence_firwin2_fft_thrust_20260809T112205Z_ba26c5229701_stage08_b04_formal_8413f008.csv","20260809T112205Z_ba26c5229701_stage08_b04_formal_8413f008","firwin2__firwin2_int32_10e4__9bb7ee17931d2a9a","firwin2","INT32",,"actual_same_dtype_freq_gain_arrays","2","freq:INT32:[3]:bytes=12:sha256=a793829a02facc184584d96f9b5ab078907a0894a4588be70485afd1741001f1|gain:INT32:[3]:bytes=12:sha256=31190090408f837aa1dc44bf75404af354a0e5d5c965f1d407a97dd627554da5",,,,"9bb7ee17931d2a9a4ebf725bb62923a7d4386220c65c617d97e4564f41e8e011","FP32",,"ComplexFP32","FP64","fft_thrust",,,,,,,"PASS","OK"
"stage08","stage08_b04_firwin2_ba26c5229701","formal","dtype_and_input_contract","runs/stage08_b04_firwin2_ba26c5229701/formal/20260809T112205Z_ba26c5229701_stage08_b04_formal_8413f009/operator_dtype_evidence_firwin2_fft_thrust_20260809T112205Z_ba26c5229701_stage08_b04_formal_8413f009.csv","20260809T112205Z_ba26c5229701_stage08_b04_formal_8413f009","firwin2__firwin2_int16_10e2__387eca41ac2667e8","firwin2","INT16",,"actual_same_dtype_freq_gain_arrays","2","freq:INT16:[3]:bytes=6:sha256=685657cba263dadc8d537a94e34a185b61d992120f85ddfbd5f5d8b7cee17cfe|gain:INT16:[3]:bytes=6:sha256=025fc246f13759c192cbbae2a68f2b59b6478f21b31a05d77483a87e417906dd",,,,"387eca41ac2667e8aafaa432d3f8d22273bb887ab1d1cd1ea179bf8b7066645a","FP32",,"ComplexFP32","FP64","fft_thrust",,,,,,,"PASS","OK"
"stage08","stage08_b04_firwin2_ba26c5229701","formal","dtype_and_input_contract","runs/stage08_b04_firwin2_ba26c5229701/formal/20260809T112206Z_ba26c5229701_stage08_b04_formal_8413f00a/operator_dtype_evidence_firwin2_fft_thrust_20260809T112206Z_ba26c5229701_stage08_b04_formal_8413f00a.csv","20260809T112206Z_ba26c5229701_stage08_b04_formal_8413f00a","firwin2__firwin2_int16_10e3__387eca41ac2667e8","firwin2","INT16",,"actual_same_dtype_freq_gain_arrays","2","freq:INT16:[3]:bytes=6:sha256=685657cba263dadc8d537a94e34a185b61d992120f85ddfbd5f5d8b7cee17cfe|gain:INT16:[3]:bytes=6:sha256=025fc246f13759c192cbbae2a68f2b59b6478f21b31a05d77483a87e417906dd",,,,"387eca41ac2667e8aafaa432d3f8d22273bb887ab1d1cd1ea179bf8b7066645a","FP32",,"ComplexFP32","FP64","fft_thrust",,,,,,,"PASS","OK"
"stage08","stage08_b04_firwin2_ba26c5229701","formal","dtype_and_input_contract","runs/stage08_b04_firwin2_ba26c5229701/formal/20260809T112206Z_ba26c5229701_stage08_b04_formal_8413f00b/operator_dtype_evidence_firwin2_fft_thrust_20260809T112206Z_ba26c5229701_stage08_b04_formal_8413f00b.csv","20260809T112206Z_ba26c5229701_stage08_b04_formal_8413f00b","firwin2__firwin2_int16_10e4__387eca41ac2667e8","firwin2","INT16",,"actual_same_dtype_freq_gain_arrays","2","freq:INT16:[3]:bytes=6:sha256=685657cba263dadc8d537a94e34a185b61d992120f85ddfbd5f5d8b7cee17cfe|gain:INT16:[3]:bytes=6:sha256=025fc246f13759c192cbbae2a68f2b59b6478f21b31a05d77483a87e417906dd",,,,"387eca41ac2667e8aafaa432d3f8d22273bb887ab1d1cd1ea179bf8b7066645a","FP32",,"ComplexFP32","FP64","fft_thrust",,,,,,,"PASS","OK"
"stage08","stage08_b04_firwin2_ba26c5229701","formal","dtype_and_input_contract","runs/stage08_b04_firwin2_ba26c5229701/formal/20260809T112207Z_ba26c5229701_stage08_b04_formal_8413f00c/operator_dtype_evidence_firwin2_fft_thrust_20260809T112207Z_ba26c5229701_stage08_b04_formal_8413f00c.csv","20260809T112207Z_ba26c5229701_stage08_b04_formal_8413f00c","firwin2__firwin2_int8_10e2__9443968c002c345f","firwin2","INT8",,"actual_same_dtype_freq_gain_arrays","2","freq:INT8:[3]:bytes=3:sha256=5f4818faa48e9d189118238a4fc34bfc268510de76119f52773ad64704f06c81|gain:INT8:[3]:bytes=3:sha256=faee935763044f124d7526755a5058a33f9402a595994d59eddd4be8546ff201",,,,"9443968c002c345fc1317bcf0bafde13f2b044a998b5803511d3df0694dacb5c","FP32",,"ComplexFP32","FP64","fft_thrust",,,,,,,"PASS","OK"
"stage08","stage08_b04_firwin2_ba26c5229701","formal","dtype_and_input_contract","runs/stage08_b04_firwin2_ba26c5229701/formal/20260809T112207Z_ba26c5229701_stage08_b04_formal_8413f00d/operator_dtype_evidence_firwin2_fft_thrust_20260809T112207Z_ba26c5229701_stage08_b04_formal_8413f00d.csv","20260809T112207Z_ba26c5229701_stage08_b04_formal_8413f00d","firwin2__firwin2_int8_10e3__9443968c002c345f","firwin2","INT8",,"actual_same_dtype_freq_gain_arrays","2","freq:INT8:[3]:bytes=3:sha256=5f4818faa48e9d189118238a4fc34bfc268510de76119f52773ad64704f06c81|gain:INT8:[3]:bytes=3:sha256=faee935763044f124d7526755a5058a33f9402a595994d59eddd4be8546ff201",,,,"9443968c002c345fc1317bcf0bafde13f2b044a998b5803511d3df0694dacb5c","FP32",,"ComplexFP32","FP64","fft_thrust",,,,,,,"PASS","OK"
"stage08","stage08_b04_firwin2_ba26c5229701","formal","dtype_and_input_contract","runs/stage08_b04_firwin2_ba26c5229701/formal/20260809T112207Z_ba26c5229701_stage08_b04_formal_8413f00e/operator_dtype_evidence_firwin2_fft_thrust_20260809T112207Z_ba26c5229701_stage08_b04_formal_8413f00e.csv","20260809T112207Z_ba26c5229701_stage08_b04_formal_8413f00e","firwin2__firwin2_int8_10e4__9443968c002c345f","firwin2","INT8",,"actual_same_dtype_freq_gain_arrays","2","freq:INT8:[3]:bytes=3:sha256=5f4818faa48e9d189118238a4fc34bfc268510de76119f52773ad64704f06c81|gain:INT8:[3]:bytes=3:sha256=faee935763044f124d7526755a5058a33f9402a595994d59eddd4be8546ff201",,,,"9443968c002c345fc1317bcf0bafde13f2b044a998b5803511d3df0694dacb5c","FP32",,"ComplexFP32","FP64","fft_thrust",,,,,,,"PASS","OK"
"stage08","stage08_b04_resample_poly_6d43b8e8ac93","smoke","dtype_and_input_contract","runs/stage08_b04_resample_poly_6d43b8e8ac93/smoke/20260809T115300Z_6d43b8e8ac93_stage08_b04_smoke_84300001/operator_dtype_evidence_resample_poly_not_applicable_20260809T115300Z_6d43b8e8ac93_stage08_b04_smoke_84300001.csv","20260809T115300Z_6d43b8e8ac93_stage08_b04_smoke_84300001","resample_poly__resample_poly_fp16_10e2__fb0c398b0fe39e33","resample_poly","FP16",,"actual_typed_array_input","1","x:FP16:[100]:bytes=200:sha256=358d7a6c9648f68b4f8ecf72646586761c09f18f3e68bf72a2d8a0a2a397ec06",,,,"fb0c398b0fe39e33c1d8be16b286b2db94cd8c263f2c0e7b3a2a0c1fd7b861c9","FP32",,"not_applicable","FP64",,,,,,,,"PASS","OK"
"stage08","stage08_b04_resample_poly_a6a399dddc61","formal","dtype_and_input_contract","runs/stage08_b04_resample_poly_a6a399dddc61/formal/20260809T115734Z_a6a399dddc61_stage08_b04_formal_8433f000/operator_dtype_evidence_resample_poly_not_applicable_20260809T115734Z_a6a399dddc61_stage08_b04_formal_8433f000.csv","20260809T115734Z_a6a399dddc61_stage08_b04_formal_8433f000","resample_poly__resample_poly_fp32_10e2__e6c6e1083285c379","resample_poly","FP32",,"actual_typed_array_input","1","x:FP32:[100]:bytes=400:sha256=87a92f6623683d58e95f736db85054c5ee8fbbb721ee2885133ceac40871d174",,,,"e6c6e1083285c379373097316ac2817306b9c284a1dda498bdb6dd98c47bfbef","FP32",,"not_applicable","FP64",,,,,,,,"PASS","OK"
"stage08","stage08_b04_resample_poly_a6a399dddc61","formal","dtype_and_input_contract","runs/stage08_b04_resample_poly_a6a399dddc61/formal/20260809T115734Z_a6a399dddc61_stage08_b04_formal_8433f001/operator_dtype_evidence_resample_poly_not_applicable_20260809T115734Z_a6a399dddc61_stage08_b04_formal_8433f001.csv","20260809T115734Z_a6a399dddc61_stage08_b04_formal_8433f001","resample_poly__resample_poly_fp32_10e3__56ed140826dd5bc5","resample_poly","FP32",,"actual_typed_array_input","1","x:FP32:[1024]:bytes=4096:sha256=f1fb8f1bb97332707242d26a9a48d383c7c1bbfffca034692deb26544291b56f",,,,"56ed140826dd5bc59bc6a5764e0296700f6568b9b5eab788a26c4b4c832976b6","identity_copy",,"not_applicable","FP32",,,,,,,,"PASS","OK"
"stage08","stage08_b04_resample_poly_a6a399dddc61","formal","dtype_and_input_contract","runs/stage08_b04_resample_poly_a6a399dddc61/formal/20260809T115735Z_a6a399dddc61_stage08_b04_formal_8433f002/operator_dtype_evidence_resample_poly_not_applicable_20260809T115735Z_a6a399dddc61_stage08_b04_formal_8433f002.csv","20260809T115735Z_a6a399dddc61_stage08_b04_formal_8433f002","resample_poly__resample_poly_fp32_10e4__79405b9e52405627","resample_poly","FP32",,"actual_typed_array_inputs","2","x:FP32:[10000]:bytes=40000:sha256=b6e140d51a93de254374e6403b931e412f1ee118fe0b4dbeae4b4c24646c6d6a|h:FP32:[5]:bytes=20:sha256=bcae093168a5bade3436dad2ed12ed8143e766955564bfa91b4c7d31d6a3bd9c",,,,"79405b9e5240562746cb38bc5d53375940be9e9e15f3fad7ce2213addbdd0654","FP32",,"not_applicable","FP32",,,,,,,,"PASS","OK"
"stage08","stage08_b04_resample_poly_a6a399dddc61","formal","dtype_and_input_contract","runs/stage08_b04_resample_poly_a6a399dddc61/formal/20260809T115735Z_a6a399dddc61_stage08_b04_formal_8433f003/operator_dtype_evidence_resample_poly_not_applicable_20260809T115735Z_a6a399dddc61_stage08_b04_formal_8433f003.csv","20260809T115735Z_a6a399dddc61_stage08_b04_formal_8433f003","resample_poly__resample_poly_fp16_10e2__fb0c398b0fe39e33","resample_poly","FP16",,"actual_typed_array_input","1","x:FP16:[100]:bytes=200:sha256=358d7a6c9648f68b4f8ecf72646586761c09f18f3e68bf72a2d8a0a2a397ec06",,,,"fb0c398b0fe39e33c1d8be16b286b2db94cd8c263f2c0e7b3a2a0c1fd7b861c9","FP32",,"not_applicable","FP64",,,,,,,,"PASS","OK"
"stage08","stage08_b04_resample_poly_a6a399dddc61","formal","dtype_and_input_contract","runs/stage08_b04_resample_poly_a6a399dddc61/formal/20260809T115735Z_a6a399dddc61_stage08_b04_formal_8433f004/operator_dtype_evidence_resample_poly_not_applicable_20260809T115735Z_a6a399dddc61_stage08_b04_formal_8433f004.csv","20260809T115735Z_a6a399dddc61_stage08_b04_formal_8433f004","resample_poly__resample_poly_fp16_10e3__90ec8c8b78ddcd61","resample_poly","FP16",,"actual_typed_array_input","1","x:FP16:[1024]:bytes=2048:sha256=c327ff2d431eaa15ed77dde1e8059811ac53c7629bc038610b514f4bbdb81caa",,,,"90ec8c8b78ddcd6122dfded1eb20ada0c22d5a5686da5acb9ebebcf02921e563","identity_copy",,"not_applicable","FP16",,,,,,,,"PASS","OK"
"stage08","stage08_b04_resample_poly_a6a399dddc61","formal","dtype_and_input_contract","runs/stage08_b04_resample_poly_a6a399dddc61/formal/20260809T115735Z_a6a399dddc61_stage08_b04_formal_8433f005/operator_dtype_evidence_resample_poly_not_applicable_20260809T115735Z_a6a399dddc61_stage08_b04_formal_8433f005.csv","20260809T115735Z_a6a399dddc61_stage08_b04_formal_8433f005","resample_poly__resample_poly_fp16_10e4__ed7dbe728c770f04","resample_poly","FP16",,"actual_typed_array_inputs","2","x:FP16:[10000]:bytes=20000:sha256=555f45b08fb6b436c7a3fa57999c3c23babaac44c96935602f3153b10d8d6635|h:FP16:[5]:bytes=10:sha256=c130d71a05fb77014d08ea9a0d835cef58cb655c67fca66ddb826447f8f8d995",,,,"ed7dbe728c770f042c8f47d733fb569f5b0fa64f6ac53adf8bb22ba04abed935","FP32",,"not_applicable","FP32",,,,,,,,"PASS","OK"
"stage08","stage08_b04_resample_poly_a6a399dddc61","formal","dtype_and_input_contract","runs/stage08_b04_resample_poly_a6a399dddc61/formal/20260809T115735Z_a6a399dddc61_stage08_b04_formal_8433f006/operator_dtype_evidence_resample_poly_not_applicable_20260809T115735Z_a6a399dddc61_stage08_b04_formal_8433f006.csv","20260809T115735Z_a6a399dddc61_stage08_b04_formal_8433f006","resample_poly__resample_poly_int32_10e2__e1190557ec63b579","resample_poly","INT32",,"actual_typed_array_input","1","x:INT32:[100]:bytes=400:sha256=152459430e6a8d4bc62bdbe3b11ffddea0cd7559c08035f5fa8496284cac2d8a",,,,"e1190557ec63b5798614318fcafda3ab4393a5471ebdaaf2db87c543f8061805","FP32",,"not_applicable","FP64",,,,,,,,"PASS","OK"
"stage08","stage08_b04_resample_poly_a6a399dddc61","formal","dtype_and_input_contract","runs/stage08_b04_resample_poly_a6a399dddc61/formal/20260809T115736Z_a6a399dddc61_stage08_b04_formal_8433f007/operator_dtype_evidence_resample_poly_not_applicable_20260809T115736Z_a6a399dddc61_stage08_b04_formal_8433f007.csv","20260809T115736Z_a6a399dddc61_stage08_b04_formal_8433f007","resample_poly__resample_poly_int32_10e3__6b52b531745f0137","resample_poly","INT32",,"actual_typed_array_input","1","x:INT32:[1024]:bytes=4096:sha256=7d2795e6ac7821adfb813e8ca27eb132cf2f963f65590fdaf8dd81638d1a0bbb",,,,"6b52b531745f013799d09929c78c8ed5bbfa1b4886a1dd0061338104351d5804","identity_copy",,"not_applicable","INT32",,,,,,,,"PASS","OK"
"stage08","stage08_b04_resample_poly_a6a399dddc61","formal","dtype_and_input_contract","runs/stage08_b04_resample_poly_a6a399dddc61/formal/20260809T115736Z_a6a399dddc61_stage08_b04_formal_8433f008/operator_dtype_evidence_resample_poly_not_applicable_20260809T115736Z_a6a399dddc61_stage08_b04_formal_8433f008.csv","20260809T115736Z_a6a399dddc61_stage08_b04_formal_8433f008","resample_poly__resample_poly_int32_10e4__fd6a3d7b77d6b6b7","resample_poly","INT32",,"actual_typed_array_inputs","2","x:INT32:[10000]:bytes=40000:sha256=b2685ccea98160e8639d876a011f8be14536c682a440007fda63fa6da3d06978|h:INT32:[5]:bytes=20:sha256=ccf8153dade2825a280c91854a17463593ec2e1787a883ad7c7d5329a34b921b",,,,"fd6a3d7b77d6b6b7cabc2925998ba8cd209b4f05e0f4b363fa6ed4c6f0b78c45","FP32",,"not_applicable","FP64",,,,,,,,"PASS","OK"
"stage08","stage08_b04_resample_poly_a6a399dddc61","formal","dtype_and_input_contract","runs/stage08_b04_resample_poly_a6a399dddc61/formal/20260809T115736Z_a6a399dddc61_stage08_b04_formal_8433f009/operator_dtype_evidence_resample_poly_not_applicable_20260809T115736Z_a6a399dddc61_stage08_b04_formal_8433f009.csv","20260809T115736Z_a6a399dddc61_stage08_b04_formal_8433f009","resample_poly__resample_poly_int16_10e2__fc56ad3976a94a30","resample_poly","INT16",,"actual_typed_array_input","1","x:INT16:[100]:bytes=200:sha256=738b57fa3c2736f8a0906f28f4f97c004e37c2bb950d4e4aee12f0c0b653381c",,,,"fc56ad3976a94a30576b1239ba0e2a67c3e1f0bb92ad203cc9ffbe635a172a19","FP32",,"not_applicable","FP64",,,,,,,,"PASS","OK"
"stage08","stage08_b04_resample_poly_a6a399dddc61","formal","dtype_and_input_contract","runs/stage08_b04_resample_poly_a6a399dddc61/formal/20260809T115736Z_a6a399dddc61_stage08_b04_formal_8433f00a/operator_dtype_evidence_resample_poly_not_applicable_20260809T115736Z_a6a399dddc61_stage08_b04_formal_8433f00a.csv","20260809T115736Z_a6a399dddc61_stage08_b04_formal_8433f00a","resample_poly__resample_poly_int16_10e3__aa415031a6c06b23","resample_poly","INT16",,"actual_typed_array_input","1","x:INT16:[1024]:bytes=2048:sha256=61eb28b2b4a317ce57bc2289ba3045ba217d867b65115c6e3d16075cc44984a8",,,,"aa415031a6c06b23eedf3512e3e71eb5c7b18669d5db13d7bea4cc3aa95d6e16","identity_copy",,"not_applicable","INT16",,,,,,,,"PASS","OK"
"stage08","stage08_b04_resample_poly_a6a399dddc61","formal","dtype_and_input_contract","runs/stage08_b04_resample_poly_a6a399dddc61/formal/20260809T115736Z_a6a399dddc61_stage08_b04_formal_8433f00b/operator_dtype_evidence_resample_poly_not_applicable_20260809T115736Z_a6a399dddc61_stage08_b04_formal_8433f00b.csv","20260809T115736Z_a6a399dddc61_stage08_b04_formal_8433f00b","resample_poly__resample_poly_int16_10e4__ec43a9d1dfcb886a","resample_poly","INT16",,"actual_typed_array_inputs","2","x:INT16:[10000]:bytes=20000:sha256=cf66da8e64f51f2fb2eb5ba6a82b0a3b25879c96be0958aadddeeedf0525aba0|h:INT16:[5]:bytes=10:sha256=1c77bebb327c4772d3631ffdb040a91b3401afd81c1bbf682fe1f535b599ed29",,,,"ec43a9d1dfcb886a012ed18ac14d56de59fac057aceb423919d319dfc7d99ce4","FP32",,"not_applicable","FP32",,,,,,,,"PASS","OK"
"stage08","stage08_b04_resample_poly_a6a399dddc61","formal","dtype_and_input_contract","runs/stage08_b04_resample_poly_a6a399dddc61/formal/20260809T115736Z_a6a399dddc61_stage08_b04_formal_8433f00c/operator_dtype_evidence_resample_poly_not_applicable_20260809T115736Z_a6a399dddc61_stage08_b04_formal_8433f00c.csv","20260809T115736Z_a6a399dddc61_stage08_b04_formal_8433f00c","resample_poly__resample_poly_int8_10e2__a8e29df28a6da0c2","resample_poly","INT8",,"actual_typed_array_input","1","x:INT8:[100]:bytes=100:sha256=2479a0887b7cae71b20cbc59938e2d0e20c9d27d78d7eabc647649b7d527bc40",,,,"a8e29df28a6da0c2d3cbb9c7f300a63272318b882339b282072d86042b780913","FP32",,"not_applicable","FP64",,,,,,,,"PASS","OK"
"stage08","stage08_b04_resample_poly_a6a399dddc61","formal","dtype_and_input_contract","runs/stage08_b04_resample_poly_a6a399dddc61/formal/20260809T115737Z_a6a399dddc61_stage08_b04_formal_8433f00d/operator_dtype_evidence_resample_poly_not_applicable_20260809T115737Z_a6a399dddc61_stage08_b04_formal_8433f00d.csv","20260809T115737Z_a6a399dddc61_stage08_b04_formal_8433f00d","resample_poly__resample_poly_int8_10e3__bd73f30d35a3eb3a","resample_poly","INT8",,"actual_typed_array_input","1","x:INT8:[1024]:bytes=1024:sha256=2af0216fd4ba1f4270c28a5df8a711985cdee7407867bd8ad16f681f40cc0c86",,,,"bd73f30d35a3eb3a95e4e0106e182d77165d2eef8db25704f97d27127879eb2c","identity_copy",,"not_applicable","INT8",,,,,,,,"PASS","OK"
"stage08","stage08_b04_resample_poly_a6a399dddc61","formal","dtype_and_input_contract","runs/stage08_b04_resample_poly_a6a399dddc61/formal/20260809T115737Z_a6a399dddc61_stage08_b04_formal_8433f00e/operator_dtype_evidence_resample_poly_not_applicable_20260809T115737Z_a6a399dddc61_stage08_b04_formal_8433f00e.csv","20260809T115737Z_a6a399dddc61_stage08_b04_formal_8433f00e","resample_poly__resample_poly_int8_10e4__8a808a0597bd8561","resample_poly","INT8",,"actual_typed_array_inputs","2","x:INT8:[10000]:bytes=10000:sha256=e4d96a3e93591dd63f8c054ca9e716bc68ea616ac173a0fcbad542a612852f22|h:INT8:[5]:bytes=5:sha256=5b720eecbb7fe310fd5d2b67f4c2235615002ac6c137d8bf1a0da01156a137e3",,,,"8a808a0597bd85617c1600d608a928d35b066ffb77856abf85be9e4c6b9f1883","FP32",,"not_applicable","FP32",,,,,,,,"PASS","OK"
"stage08","stage08_b04_upfirdn_1a48b0bcf8cd","smoke","dtype_and_input_contract","runs/stage08_b04_upfirdn_1a48b0bcf8cd/smoke/20260809T121600Z_1a48b0bcf8cd_stage08_b04_smoke_84400001/operator_dtype_evidence_upfirdn_not_applicable_20260809T121600Z_1a48b0bcf8cd_stage08_b04_smoke_84400001.csv","20260809T121600Z_1a48b0bcf8cd_stage08_b04_smoke_84400001","upfirdn__upfirdn_int32_10e2__edd3a6812ba120db","upfirdn","INT32",,"actual_same_dtype_h_x_arrays","2","h:INT32:[5]:bytes=20:sha256=5e52de0f27e70dd8b4f36cb5ca62836a333200775c231749a047def5cc76fcbd|x:INT32:[100]:bytes=400:sha256=dd755fc91485704e843d8dc3a79b92f61ce1286784e7ca5c193daf0f07af9a88",,,,"edd3a6812ba120dba9944b50b6f06f80dfd05cb1a884642bee2bb41b663c15a5","FP32",,"not_applicable","FP64",,,,,,,,"PASS","OK"
"stage08","stage08_b04_upfirdn_8c1bc3832603","formal","dtype_and_input_contract","runs/stage08_b04_upfirdn_8c1bc3832603/formal/20260809T122130Z_8c1bc3832603_stage08_b04_formal_8443f000/operator_dtype_evidence_upfirdn_not_applicable_20260809T122130Z_8c1bc3832603_stage08_b04_formal_8443f000.csv","20260809T122130Z_8c1bc3832603_stage08_b04_formal_8443f000","upfirdn__upfirdn_fp32_10e2__8b948299b636b032","upfirdn","FP32",,"actual_same_dtype_h_x_arrays","2","h:FP32:[5]:bytes=20:sha256=31d00e2257e6a589e51f2ca257d537759a5f5740baeea0815a6cc124da126ca0|x:FP32:[100]:bytes=400:sha256=3864111cb73308e9dbd3ced356cfb2511b120bcb11c694b96b566d8f70e66663",,,,"8b948299b636b0326c550c5932f83514770bc17be92e5353f399ea1b573bcad9","FP32",,"not_applicable","FP32",,,,,,,,"PASS","OK"
"stage08","stage08_b04_upfirdn_8c1bc3832603","formal","dtype_and_input_contract","runs/stage08_b04_upfirdn_8c1bc3832603/formal/20260809T122130Z_8c1bc3832603_stage08_b04_formal_8443f001/operator_dtype_evidence_upfirdn_not_applicable_20260809T122130Z_8c1bc3832603_stage08_b04_formal_8443f001.csv","20260809T122130Z_8c1bc3832603_stage08_b04_formal_8443f001","upfirdn__upfirdn_fp32_10e3__dce29283d772c6a3","upfirdn","FP32",,"actual_same_dtype_h_x_arrays","2","h:FP32:[7]:bytes=28:sha256=ac140c48b1fc47b62ff281e1f56d4c3ed4225324a786531cf5f7104e6c2fd3ea|x:FP32:[1024]:bytes=4096:sha256=1206ccc6a93343bcd44c05ede362d753307bd2791d1de48ffdc7d90e5186948f",,,,"dce29283d772c6a3999dbd23868530f983f9b29ae9c27c6ebf1b07cfde4b7983","FP32",,"not_applicable","FP32",,,,,,,,"PASS","OK"
"stage08","stage08_b04_upfirdn_8c1bc3832603","formal","dtype_and_input_contract","runs/stage08_b04_upfirdn_8c1bc3832603/formal/20260809T122131Z_8c1bc3832603_stage08_b04_formal_8443f002/operator_dtype_evidence_upfirdn_not_applicable_20260809T122131Z_8c1bc3832603_stage08_b04_formal_8443f002.csv","20260809T122131Z_8c1bc3832603_stage08_b04_formal_8443f002","upfirdn__upfirdn_fp32_10e4__f7d94cc94213f899","upfirdn","FP32",,"actual_same_dtype_h_x_arrays","2","h:FP32:[9]:bytes=36:sha256=b7b39c48c69b2f5e23d7cceae3c434030a209bd2bdcb83c432d87d3106362997|x:FP32:[10000]:bytes=40000:sha256=1a7916569cdd50ea0eb9bf5a002bb39a6102755c40c7733fb5c3d00e0e98534c",,,,"f7d94cc94213f899a90bd2eb612b5d12f98eee81b146ce132dd9f0f6cfa2739b","FP32",,"not_applicable","FP32",,,,,,,,"PASS","OK"
"stage08","stage08_b04_upfirdn_8c1bc3832603","formal","dtype_and_input_contract","runs/stage08_b04_upfirdn_8c1bc3832603/formal/20260809T122131Z_8c1bc3832603_stage08_b04_formal_8443f003/operator_dtype_evidence_upfirdn_not_applicable_20260809T122131Z_8c1bc3832603_stage08_b04_formal_8443f003.csv","20260809T122131Z_8c1bc3832603_stage08_b04_formal_8443f003","upfirdn__upfirdn_fp16_10e2__a16768a80064383c","upfirdn","FP16",,"actual_same_dtype_h_x_arrays","2","h:FP16:[5]:bytes=10:sha256=63668be43038345e931d667fd61b5537dc7e42d6424654d7e15fe8fe1b4a08a3|x:FP16:[100]:bytes=200:sha256=b27abeb4265211d38551d62d75cf199d099515592c3826f02e174e9b525225d7",,,,"a16768a80064383c9e11af26edfc47d683429de06c166d48e7ad747c53a9d9f0","FP32",,"not_applicable","FP32",,,,,,,,"PASS","OK"
"stage08","stage08_b04_upfirdn_8c1bc3832603","formal","dtype_and_input_contract","runs/stage08_b04_upfirdn_8c1bc3832603/formal/20260809T122131Z_8c1bc3832603_stage08_b04_formal_8443f004/operator_dtype_evidence_upfirdn_not_applicable_20260809T122131Z_8c1bc3832603_stage08_b04_formal_8443f004.csv","20260809T122131Z_8c1bc3832603_stage08_b04_formal_8443f004","upfirdn__upfirdn_fp16_10e3__b7a2b3b9819ab2e3","upfirdn","FP16",,"actual_same_dtype_h_x_arrays","2","h:FP16:[7]:bytes=14:sha256=a8fe96f27a9bd70023990c806d1aef4ad40c23e4f3e9f0b0d965828bc531d9fc|x:FP16:[1024]:bytes=2048:sha256=ba3dcb39c13dc0676c753cd2d6f34b8b4aef059f022d42c2049a150f3c09bce3",,,,"b7a2b3b9819ab2e3c056da3ea6dcf7e52de2d969fdae1ffaf2bb0b70ae18b25f","FP32",,"not_applicable","FP32",,,,,,,,"PASS","OK"
"stage08","stage08_b04_upfirdn_8c1bc3832603","formal","dtype_and_input_contract","runs/stage08_b04_upfirdn_8c1bc3832603/formal/20260809T122131Z_8c1bc3832603_stage08_b04_formal_8443f005/operator_dtype_evidence_upfirdn_not_applicable_20260809T122131Z_8c1bc3832603_stage08_b04_formal_8443f005.csv","20260809T122131Z_8c1bc3832603_stage08_b04_formal_8443f005","upfirdn__upfirdn_fp16_10e4__58899f1fbb440524","upfirdn","FP16",,"actual_same_dtype_h_x_arrays","2","h:FP16:[9]:bytes=18:sha256=313e982d3f432f114a08ad962364ba1d4c3ff681bd8f3507c9476760d1736e5f|x:FP16:[10000]:bytes=20000:sha256=d442c5edccd2f16415af598dfa58f13c10e6a67fe26106d4e7e938e7fed742fd",,,,"58899f1fbb4405246e67f5379ee435344198d87dcaca0c1d120cb325e2dc1a5a","FP32",,"not_applicable","FP32",,,,,,,,"PASS","OK"
"stage08","stage08_b04_upfirdn_8c1bc3832603","formal","dtype_and_input_contract","runs/stage08_b04_upfirdn_8c1bc3832603/formal/20260809T122132Z_8c1bc3832603_stage08_b04_formal_8443f006/operator_dtype_evidence_upfirdn_not_applicable_20260809T122132Z_8c1bc3832603_stage08_b04_formal_8443f006.csv","20260809T122132Z_8c1bc3832603_stage08_b04_formal_8443f006","upfirdn__upfirdn_int32_10e2__edd3a6812ba120db","upfirdn","INT32",,"actual_same_dtype_h_x_arrays","2","h:INT32:[5]:bytes=20:sha256=5e52de0f27e70dd8b4f36cb5ca62836a333200775c231749a047def5cc76fcbd|x:INT32:[100]:bytes=400:sha256=dd755fc91485704e843d8dc3a79b92f61ce1286784e7ca5c193daf0f07af9a88",,,,"edd3a6812ba120dba9944b50b6f06f80dfd05cb1a884642bee2bb41b663c15a5","FP32",,"not_applicable","FP64",,,,,,,,"PASS","OK"
"stage08","stage08_b04_upfirdn_8c1bc3832603","formal","dtype_and_input_contract","runs/stage08_b04_upfirdn_8c1bc3832603/formal/20260809T122132Z_8c1bc3832603_stage08_b04_formal_8443f007/operator_dtype_evidence_upfirdn_not_applicable_20260809T122132Z_8c1bc3832603_stage08_b04_formal_8443f007.csv","20260809T122132Z_8c1bc3832603_stage08_b04_formal_8443f007","upfirdn__upfirdn_int32_10e3__a6ceec354f33ce84","upfirdn","INT32",,"actual_same_dtype_h_x_arrays","2","h:INT32:[7]:bytes=28:sha256=3a7670396fe72b6ef794f039753ea41fbe646ce5078d1169ab78a4ea6c76cd74|x:INT32:[1024]:bytes=4096:sha256=a355a854ecd3d323d61e26a508bd33b37285ed19cbe558a372530256c4970780",,,,"a6ceec354f33ce847bbc93d3c60d037e8aa8e4063db2914b42d9883c76445de6","FP32",,"not_applicable","FP64",,,,,,,,"PASS","OK"
"stage08","stage08_b04_upfirdn_8c1bc3832603","formal","dtype_and_input_contract","runs/stage08_b04_upfirdn_8c1bc3832603/formal/20260809T122132Z_8c1bc3832603_stage08_b04_formal_8443f008/operator_dtype_evidence_upfirdn_not_applicable_20260809T122132Z_8c1bc3832603_stage08_b04_formal_8443f008.csv","20260809T122132Z_8c1bc3832603_stage08_b04_formal_8443f008","upfirdn__upfirdn_int32_10e4__637ba0db78c59c84","upfirdn","INT32",,"actual_same_dtype_h_x_arrays","2","h:INT32:[9]:bytes=36:sha256=06089d1fc829537b3b421494c1dbdf42edfc6e286e58c73dead1df9b2545abc5|x:INT32:[10000]:bytes=40000:sha256=fb400f9a6483ec35cb4923c35b474af5f47b2e20bf86415c83fc98e1155110de",,,,"637ba0db78c59c8413d2f650ee84dc21ecad58f45943978a899ddba10b480c5a","FP32",,"not_applicable","FP64",,,,,,,,"PASS","OK"
"stage08","stage08_b04_upfirdn_8c1bc3832603","formal","dtype_and_input_contract","runs/stage08_b04_upfirdn_8c1bc3832603/formal/20260809T122132Z_8c1bc3832603_stage08_b04_formal_8443f009/operator_dtype_evidence_upfirdn_not_applicable_20260809T122132Z_8c1bc3832603_stage08_b04_formal_8443f009.csv","20260809T122132Z_8c1bc3832603_stage08_b04_formal_8443f009","upfirdn__upfirdn_int16_10e2__1ad28f72ca09ac50","upfirdn","INT16",,"actual_same_dtype_h_x_arrays","2","h:INT16:[5]:bytes=10:sha256=f3eb4415251daa55de4d9ca9fbc54b1df8f953d7b68adf2b365c4417f52cd624|x:INT16:[100]:bytes=200:sha256=5a49cab620ee4d45460eeff7e2412db0dbd0b3517c598c32d819c109b1c78a86",,,,"1ad28f72ca09ac50055f71ac18488777e3c5cad7bed89b201d30753eaa2377cb","FP32",,"not_applicable","FP32",,,,,,,,"PASS","OK"
"stage08","stage08_b04_upfirdn_8c1bc3832603","formal","dtype_and_input_contract","runs/stage08_b04_upfirdn_8c1bc3832603/formal/20260809T122132Z_8c1bc3832603_stage08_b04_formal_8443f00a/operator_dtype_evidence_upfirdn_not_applicable_20260809T122132Z_8c1bc3832603_stage08_b04_formal_8443f00a.csv","20260809T122132Z_8c1bc3832603_stage08_b04_formal_8443f00a","upfirdn__upfirdn_int16_10e3__8b1ba7fa72357d03","upfirdn","INT16",,"actual_same_dtype_h_x_arrays","2","h:INT16:[7]:bytes=14:sha256=665bafa2a703fc076b07d6652cfbd19cac8c50cd081122a6e1f05633f31734df|x:INT16:[1024]:bytes=2048:sha256=bdf1b40bf7929284acba37ca19336a044e2ea3a7b0fa09d5680e626f808b0633",,,,"8b1ba7fa72357d03304af88cc6ee97b870d9531c9d45af6a91969ee3066134c6","FP32",,"not_applicable","FP32",,,,,,,,"PASS","OK"
"stage08","stage08_b04_upfirdn_8c1bc3832603","formal","dtype_and_input_contract","runs/stage08_b04_upfirdn_8c1bc3832603/formal/20260809T122132Z_8c1bc3832603_stage08_b04_formal_8443f00b/operator_dtype_evidence_upfirdn_not_applicable_20260809T122132Z_8c1bc3832603_stage08_b04_formal_8443f00b.csv","20260809T122132Z_8c1bc3832603_stage08_b04_formal_8443f00b","upfirdn__upfirdn_int16_10e4__93b02b5b158c4af9","upfirdn","INT16",,"actual_same_dtype_h_x_arrays","2","h:INT16:[9]:bytes=18:sha256=84b5ab9d933baaf617eb43c574530fdad37932c75fd20a30f84ae10c551effe4|x:INT16:[10000]:bytes=20000:sha256=e7ff3277ce0643e2a7109828c477a187011c008ef389b039386969d14e0ef1eb",,,,"93b02b5b158c4af980861d334670a47fdf3e9fd9a4776e6aed78168b60a2356e","FP32",,"not_applicable","FP32",,,,,,,,"PASS","OK"
"stage08","stage08_b04_upfirdn_8c1bc3832603","formal","dtype_and_input_contract","runs/stage08_b04_upfirdn_8c1bc3832603/formal/20260809T122133Z_8c1bc3832603_stage08_b04_formal_8443f00c/operator_dtype_evidence_upfirdn_not_applicable_20260809T122133Z_8c1bc3832603_stage08_b04_formal_8443f00c.csv","20260809T122133Z_8c1bc3832603_stage08_b04_formal_8443f00c","upfirdn__upfirdn_int8_10e2__01b3055b1dbdc3a2","upfirdn","INT8",,"actual_same_dtype_h_x_arrays","2","h:INT8:[5]:bytes=5:sha256=4f780803e5125f59e127c197f3307dee5794c7d133a8437216cd73cebc63eb2d|x:INT8:[100]:bytes=100:sha256=d24f25b1b6afcb33a4baaf58b983fd5c7495f8e4f1bf5aa39693f3786c5b7c53",,,,"01b3055b1dbdc3a2be0426823ad0a08be5e7ffc115b6787f6604ae3fe0b416bc","FP32",,"not_applicable","FP32",,,,,,,,"PASS","OK"
"stage08","stage08_b04_upfirdn_8c1bc3832603","formal","dtype_and_input_contract","runs/stage08_b04_upfirdn_8c1bc3832603/formal/20260809T122133Z_8c1bc3832603_stage08_b04_formal_8443f00d/operator_dtype_evidence_upfirdn_not_applicable_20260809T122133Z_8c1bc3832603_stage08_b04_formal_8443f00d.csv","20260809T122133Z_8c1bc3832603_stage08_b04_formal_8443f00d","upfirdn__upfirdn_int8_10e3__64fa9de5296c8dc1","upfirdn","INT8",,"actual_same_dtype_h_x_arrays","2","h:INT8:[7]:bytes=7:sha256=5d66219b54e14a2c37d0039cb0f066c3e28d521b752d9e963401a2148f6d3ec6|x:INT8:[1024]:bytes=1024:sha256=abaf8198c250ad1ed2ca136a455375c8ab97094515ba2ff7eaf6668e091cd985",,,,"64fa9de5296c8dc14bb0b1bd8095cef607cb15ed2ef56e15c9e24abdd6a71c0a","FP32",,"not_applicable","FP32",,,,,,,,"PASS","OK"
"stage08","stage08_b04_upfirdn_8c1bc3832603","formal","dtype_and_input_contract","runs/stage08_b04_upfirdn_8c1bc3832603/formal/20260809T122133Z_8c1bc3832603_stage08_b04_formal_8443f00e/operator_dtype_evidence_upfirdn_not_applicable_20260809T122133Z_8c1bc3832603_stage08_b04_formal_8443f00e.csv","20260809T122133Z_8c1bc3832603_stage08_b04_formal_8443f00e","upfirdn__upfirdn_int8_10e4__5725102ba224e523","upfirdn","INT8",,"actual_same_dtype_h_x_arrays","2","h:INT8:[9]:bytes=9:sha256=175059f91a7c330750a16dee39e0a07f8e5b015831f4acf708c96fe5544115b1|x:INT8:[10000]:bytes=10000:sha256=8d12f17972b9bd901d0afc070fe14bfe914fa10f9fd325a7c079731ed70c0482",,,,"5725102ba224e523f32903abc76b65918dbf544b6639db260ac49f507312c17d","FP32",,"not_applicable","FP32",,,,,,,,"PASS","OK"
"stage08","stage08_b05_detrend_2140b2b84ec4","formal","dtype_and_input_contract","runs/stage08_b05_detrend_2140b2b84ec4/formal/20260809T131912Z_2140b2b84ec4_stage08_b05_formal_8513f000/operator_dtype_evidence_detrend_not_applicable_20260809T131912Z_2140b2b84ec4_stage08_b05_formal_8513f000.csv","20260809T131912Z_2140b2b84ec4_stage08_b05_formal_8513f000","detrend__detrend_fp32_10e2__91e1a45e3715cb26","detrend","FP32",,"actual_typed_array_input","1","x:FP32:[100]:bytes=400:sha256=2de0ed8491683f0de3eb356752489c7ec01f4e00a19e84c7818dcadb54f46baf",,,,"91e1a45e3715cb26deee7f54e41c8f4349a74a12f6443d14263011d374d94e3c","FP32",,"not_applicable","FP32",,,,,,,,"PASS","OK"
"stage08","stage08_b05_detrend_2140b2b84ec4","formal","dtype_and_input_contract","runs/stage08_b05_detrend_2140b2b84ec4/formal/20260809T131912Z_2140b2b84ec4_stage08_b05_formal_8513f001/operator_dtype_evidence_detrend_not_applicable_20260809T131912Z_2140b2b84ec4_stage08_b05_formal_8513f001.csv","20260809T131912Z_2140b2b84ec4_stage08_b05_formal_8513f001","detrend__detrend_fp32_10e3__fd039c9790b1b6c3","detrend","FP32",,"actual_typed_array_input","1","x:FP32:[1024]:bytes=4096:sha256=1d14e52b3e34a8750c60235cfb827da25643ec85e9cd2632fafedb9dc4da5f42",,,,"fd039c9790b1b6c3ebaf01c42ab229154013e627e59f71939c862332a6c57c79","FP32",,"not_applicable","FP32",,,,,,,,"PASS","OK"
"stage08","stage08_b05_detrend_2140b2b84ec4","formal","dtype_and_input_contract","runs/stage08_b05_detrend_2140b2b84ec4/formal/20260809T131912Z_2140b2b84ec4_stage08_b05_formal_8513f002/operator_dtype_evidence_detrend_not_applicable_20260809T131912Z_2140b2b84ec4_stage08_b05_formal_8513f002.csv","20260809T131912Z_2140b2b84ec4_stage08_b05_formal_8513f002","detrend__detrend_fp32_10e4__e5744f6e8317eb46","detrend","FP32",,"actual_typed_array_input","1","x:FP32:[10000]:bytes=40000:sha256=5e2a9101a21570bf333ee06fa24bafb4b55754b62deb5fdfd86ccb6908c04733",,,,"e5744f6e8317eb46dcb2457e016c1b75ac1898b2f370a403c08547aa33543e5f","FP32",,"not_applicable","FP32",,,,,,,,"PASS","OK"
"stage08","stage08_b05_detrend_2140b2b84ec4","formal","dtype_and_input_contract","runs/stage08_b05_detrend_2140b2b84ec4/formal/20260809T131912Z_2140b2b84ec4_stage08_b05_formal_8513f003/operator_dtype_evidence_detrend_not_applicable_20260809T131912Z_2140b2b84ec4_stage08_b05_formal_8513f003.csv","20260809T131912Z_2140b2b84ec4_stage08_b05_formal_8513f003","detrend__detrend_fp16_10e2__6cf715bcb8d30b40","detrend","FP16",,"actual_typed_array_input","1","x:FP16:[100]:bytes=200:sha256=0a838935adeda7860a9a91c66d0f5f384fdf308894eea88b5d38d14892759102",,,,"6cf715bcb8d30b405a38e4d3223f27ac7cea9b5e81dbda65fd488e25e59ab103","FP32",,"not_applicable","FP16",,,,,,,,"PASS","OK"
"stage08","stage08_b05_detrend_2140b2b84ec4","formal","dtype_and_input_contract","runs/stage08_b05_detrend_2140b2b84ec4/formal/20260809T131913Z_2140b2b84ec4_stage08_b05_formal_8513f004/operator_dtype_evidence_detrend_not_applicable_20260809T131913Z_2140b2b84ec4_stage08_b05_formal_8513f004.csv","20260809T131913Z_2140b2b84ec4_stage08_b05_formal_8513f004","detrend__detrend_fp16_10e3__c35031ed89056de2","detrend","FP16",,"actual_typed_array_input","1","x:FP16:[1024]:bytes=2048:sha256=6121ad0917ef1a90015a48b85b4b4162b902b30ed52f9ca4361d7202784254fa",,,,"c35031ed89056de261d37a09db667bb439a5ad078ba3d2fd699c4da3af0e0b27","FP32",,"not_applicable","FP64",,,,,,,,"PASS","OK"
"stage08","stage08_b05_detrend_2140b2b84ec4","formal","dtype_and_input_contract","runs/stage08_b05_detrend_2140b2b84ec4/formal/20260809T131913Z_2140b2b84ec4_stage08_b05_formal_8513f005/operator_dtype_evidence_detrend_not_applicable_20260809T131913Z_2140b2b84ec4_stage08_b05_formal_8513f005.csv","20260809T131913Z_2140b2b84ec4_stage08_b05_formal_8513f005","detrend__detrend_fp16_10e4__4482b588d1df34c8","detrend","FP16",,"actual_typed_array_input","1","x:FP16:[10000]:bytes=20000:sha256=d3338aca4ca740c4c47ad4627ada76c5ac1613b9bff6799da6e67ab38a0b18ce",,,,"4482b588d1df34c896fba1e5e49d420b199e7047529d3ba7a9b38c25f447a802","FP32",,"not_applicable","FP64",,,,,,,,"PASS","OK"
"stage08","stage08_b05_detrend_2140b2b84ec4","formal","dtype_and_input_contract","runs/stage08_b05_detrend_2140b2b84ec4/formal/20260809T131913Z_2140b2b84ec4_stage08_b05_formal_8513f006/operator_dtype_evidence_detrend_not_applicable_20260809T131913Z_2140b2b84ec4_stage08_b05_formal_8513f006.csv","20260809T131913Z_2140b2b84ec4_stage08_b05_formal_8513f006","detrend__detrend_int32_10e2__463abaac4ef6945f","detrend","INT32",,"actual_typed_array_input","1","x:INT32:[100]:bytes=400:sha256=f4cbc8aaaea89b016233fba6f2a019d89ed61d0d77aaf0276c00f158ba874398",,,,"463abaac4ef6945f7aa70dbd597e643439e62d8634e3d9b684f0600a805abd17","FP32",,"not_applicable","FP64",,,,,,,,"PASS","OK"
"stage08","stage08_b05_detrend_2140b2b84ec4","formal","dtype_and_input_contract","runs/stage08_b05_detrend_2140b2b84ec4/formal/20260809T131913Z_2140b2b84ec4_stage08_b05_formal_8513f007/operator_dtype_evidence_detrend_not_applicable_20260809T131913Z_2140b2b84ec4_stage08_b05_formal_8513f007.csv","20260809T131913Z_2140b2b84ec4_stage08_b05_formal_8513f007","detrend__detrend_int32_10e3__de16226929c8e00c","detrend","INT32",,"actual_typed_array_input","1","x:INT32:[1024]:bytes=4096:sha256=3e9275cb6c58db506ebb14425633eaa1f6a3f78963ebca19afe02e4faa3e731f",,,,"de16226929c8e00caee435903e8e5142c046eb30fe04f3911130484fe161ac15","FP32",,"not_applicable","FP64",,,,,,,,"PASS","OK"
"stage08","stage08_b05_detrend_2140b2b84ec4","formal","dtype_and_input_contract","runs/stage08_b05_detrend_2140b2b84ec4/formal/20260809T131913Z_2140b2b84ec4_stage08_b05_formal_8513f008/operator_dtype_evidence_detrend_not_applicable_20260809T131913Z_2140b2b84ec4_stage08_b05_formal_8513f008.csv","20260809T131913Z_2140b2b84ec4_stage08_b05_formal_8513f008","detrend__detrend_int32_10e4__a0b19acb6a494591","detrend","INT32",,"actual_typed_array_input","1","x:INT32:[10000]:bytes=40000:sha256=2737ff6fdf938f5edccc6a8808bdbe52a1dc866041bf16b5d4598276785242fe",,,,"a0b19acb6a494591d95fc32f78540eb9ba8e4bd7127c61012e382fe37f5684c3","FP32",,"not_applicable","FP64",,,,,,,,"PASS","OK"
"stage08","stage08_b05_detrend_2140b2b84ec4","formal","dtype_and_input_contract","runs/stage08_b05_detrend_2140b2b84ec4/formal/20260809T131913Z_2140b2b84ec4_stage08_b05_formal_8513f009/operator_dtype_evidence_detrend_not_applicable_20260809T131913Z_2140b2b84ec4_stage08_b05_formal_8513f009.csv","20260809T131913Z_2140b2b84ec4_stage08_b05_formal_8513f009","detrend__detrend_int16_10e2__6974e377075c7a8e","detrend","INT16",,"actual_typed_array_input","1","x:INT16:[100]:bytes=200:sha256=96495ea355320c612de5f785729bbf5db806817d7a5a59180840c6eb8dcd159f",,,,"6974e377075c7a8e8bb068c76b9567f3dcfb1680b910b3248b70ffd216cce6e0","FP32",,"not_applicable","FP64",,,,,,,,"PASS","OK"
"stage08","stage08_b05_detrend_2140b2b84ec4","formal","dtype_and_input_contract","runs/stage08_b05_detrend_2140b2b84ec4/formal/20260809T131914Z_2140b2b84ec4_stage08_b05_formal_8513f00a/operator_dtype_evidence_detrend_not_applicable_20260809T131914Z_2140b2b84ec4_stage08_b05_formal_8513f00a.csv","20260809T131914Z_2140b2b84ec4_stage08_b05_formal_8513f00a","detrend__detrend_int16_10e3__9e69454c5651e037","detrend","INT16",,"actual_typed_array_input","1","x:INT16:[1024]:bytes=2048:sha256=e0c481f404b80525b9ab9980aeaa3bf9caf99bfc8986ad3ff0e7c3040a064f9c",,,,"9e69454c5651e03786aab193c43df450a631ee641662278c4d2708da6c4fccc7","FP32",,"not_applicable","FP64",,,,,,,,"PASS","OK"
"stage08","stage08_b05_detrend_2140b2b84ec4","formal","dtype_and_input_contract","runs/stage08_b05_detrend_2140b2b84ec4/formal/20260809T131914Z_2140b2b84ec4_stage08_b05_formal_8513f00b/operator_dtype_evidence_detrend_not_applicable_20260809T131914Z_2140b2b84ec4_stage08_b05_formal_8513f00b.csv","20260809T131914Z_2140b2b84ec4_stage08_b05_formal_8513f00b","detrend__detrend_int16_10e4__3165df9088207b1b","detrend","INT16",,"actual_typed_array_input","1","x:INT16:[10000]:bytes=20000:sha256=b7aed309808228f5700f4f1907d98233974cd58e54597a797e458f3ee7fca3ce",,,,"3165df9088207b1b1b195cecc6ce26f119b99b726c87e31a5f4ce894780a23cc","FP32",,"not_applicable","FP64",,,,,,,,"PASS","OK"
"stage08","stage08_b05_detrend_2140b2b84ec4","formal","dtype_and_input_contract","runs/stage08_b05_detrend_2140b2b84ec4/formal/20260809T131914Z_2140b2b84ec4_stage08_b05_formal_8513f00c/operator_dtype_evidence_detrend_not_applicable_20260809T131914Z_2140b2b84ec4_stage08_b05_formal_8513f00c.csv","20260809T131914Z_2140b2b84ec4_stage08_b05_formal_8513f00c","detrend__detrend_int8_10e2__ee929b54be101fed","detrend","INT8",,"actual_typed_array_input","1","x:INT8:[100]:bytes=100:sha256=ea233d83daf4848628f1ddd91b052493b4211c4a1a668abda3036154f31cb1f4",,,,"ee929b54be101fed87bde512f74e736af4e2164200c27d7e2ccb4b1b5733789a","FP32",,"not_applicable","FP64",,,,,,,,"PASS","OK"
"stage08","stage08_b05_detrend_2140b2b84ec4","formal","dtype_and_input_contract","runs/stage08_b05_detrend_2140b2b84ec4/formal/20260809T131914Z_2140b2b84ec4_stage08_b05_formal_8513f00d/operator_dtype_evidence_detrend_not_applicable_20260809T131914Z_2140b2b84ec4_stage08_b05_formal_8513f00d.csv","20260809T131914Z_2140b2b84ec4_stage08_b05_formal_8513f00d","detrend__detrend_int8_10e3__ce7c3f05e870ef8c","detrend","INT8",,"actual_typed_array_input","1","x:INT8:[1024]:bytes=1024:sha256=45c2b4589424067ded869bb8fab2c2518a664cb07869bc024519312927f9bb37",,,,"ce7c3f05e870ef8cfe3afc1249f9de48c15d3a68c2c21937e60a1c0db1f686ce","FP32",,"not_applicable","FP64",,,,,,,,"PASS","OK"
"stage08","stage08_b05_detrend_2140b2b84ec4","formal","dtype_and_input_contract","runs/stage08_b05_detrend_2140b2b84ec4/formal/20260809T131914Z_2140b2b84ec4_stage08_b05_formal_8513f00e/operator_dtype_evidence_detrend_not_applicable_20260809T131914Z_2140b2b84ec4_stage08_b05_formal_8513f00e.csv","20260809T131914Z_2140b2b84ec4_stage08_b05_formal_8513f00e","detrend__detrend_int8_10e4__9df5e004357ad864","detrend","INT8",,"actual_typed_array_input","1","x:INT8:[10000]:bytes=10000:sha256=82ae469514989e755c240df48c3a81b3724fb1dc18d9632845a6a036521937b9",,,,"9df5e004357ad8641814dd3b66420eb89994a28ce2f5b4edfc239b9a78a1d5cd","FP32",,"not_applicable","FP64",,,,,,,,"PASS","OK"
"stage08","stage08_b05_detrend_9f9c471697c5","smoke","dtype_and_input_contract","runs/stage08_b05_detrend_9f9c471697c5/smoke/20260809T130500Z_9f9c471697c5_stage08_b05_smoke_85100002/operator_dtype_evidence_detrend_not_applicable_20260809T130500Z_9f9c471697c5_stage08_b05_smoke_85100002.csv","20260809T130500Z_9f9c471697c5_stage08_b05_smoke_85100002","detrend__detrend_fp16_10e2__6cf715bcb8d30b40","detrend","FP16",,"actual_typed_array_input","1","x:FP16:[100]:bytes=200:sha256=0a838935adeda7860a9a91c66d0f5f384fdf308894eea88b5d38d14892759102",,,,"6cf715bcb8d30b405a38e4d3223f27ac7cea9b5e81dbda65fd488e25e59ab103","FP32",,"not_applicable","FP16",,,,,,,,"PASS","OK"
"stage08","stage08_b05_freq_shift_5aa8f9beb422","smoke","dtype_and_input_contract","runs/stage08_b05_freq_shift_5aa8f9beb422/smoke/20260809T133200Z_5aa8f9beb422_stage08_b05_smoke_85200001/operator_dtype_evidence_freq_shift_not_applicable_20260809T133200Z_5aa8f9beb422_stage08_b05_smoke_85200001.csv","20260809T133200Z_5aa8f9beb422_stage08_b05_smoke_85200001","freq_shift__freq_shift_fp16_10e2__fb0c021ca3cc09da","freq_shift","FP16",,"actual_typed_array_input_complex_fp32_compute_host_complex_fp64_extension","1","x:FP16:[100]:bytes=200:sha256=e0ffe3de7d241db7ac6115029c3632d5d9b477fe259b3f4a444579efa956cadf",,,,"fb0c021ca3cc09dacd6050dc2374ac10d11840eee2be3eff731a7aa9162d27fd","ComplexFP32",,"not_applicable","ComplexFP64",,,,,,,,"PASS","OK"
"stage08","stage08_b05_freq_shift_99442e69c882","formal","dtype_and_input_contract","runs/stage08_b05_freq_shift_99442e69c882/formal/20260809T134104Z_99442e69c882_stage08_b05_formal_8523f000/operator_dtype_evidence_freq_shift_not_applicable_20260809T134104Z_99442e69c882_stage08_b05_formal_8523f000.csv","20260809T134104Z_99442e69c882_stage08_b05_formal_8523f000","freq_shift__freq_shift_fp32_10e2__724bdec4d7fa56d1","freq_shift","FP32",,"actual_typed_array_input_complex_fp32_compute_host_complex_fp64_extension","1","x:FP32:[100]:bytes=400:sha256=db9505c5f40149a0dc8a4b0e918400e60ad9b42fbf4856aae7a32f3022b912b6",,,,"724bdec4d7fa56d1254cf31c98ba76fc898e558c0aee6f681474fe3a103fce67","ComplexFP32",,"not_applicable","ComplexFP64",,,,,,,,"PASS","OK"
"stage08","stage08_b05_freq_shift_99442e69c882","formal","dtype_and_input_contract","runs/stage08_b05_freq_shift_99442e69c882/formal/20260809T134104Z_99442e69c882_stage08_b05_formal_8523f001/operator_dtype_evidence_freq_shift_not_applicable_20260809T134104Z_99442e69c882_stage08_b05_formal_8523f001.csv","20260809T134104Z_99442e69c882_stage08_b05_formal_8523f001","freq_shift__freq_shift_fp32_10e3__f93a92e882896031","freq_shift","FP32",,"actual_typed_array_input_complex_fp32_compute_host_complex_fp64_extension","1","x:FP32:[1024]:bytes=4096:sha256=3194560b28f131d786d949fbc99ece66eb6c51b3683058d5ddde9631205102f7",,,,"f93a92e8828960312e8de4e31f75420e4e4f9c0d4d9f608c57684fcfd0d80d7d","ComplexFP32",,"not_applicable","ComplexFP64",,,,,,,,"PASS","OK"
"stage08","stage08_b05_freq_shift_99442e69c882","formal","dtype_and_input_contract","runs/stage08_b05_freq_shift_99442e69c882/formal/20260809T134104Z_99442e69c882_stage08_b05_formal_8523f002/operator_dtype_evidence_freq_shift_not_applicable_20260809T134104Z_99442e69c882_stage08_b05_formal_8523f002.csv","20260809T134104Z_99442e69c882_stage08_b05_formal_8523f002","freq_shift__freq_shift_fp32_10e4__c73391044583edb2","freq_shift","FP32",,"actual_typed_array_input_complex_fp32_compute_host_complex_fp64_extension","1","x:FP32:[10000]:bytes=40000:sha256=cf10b76054c0af4614813b2e00f2c8af3510bcd1b3cb42fac77ad6470316647b",,,,"c73391044583edb20a26e6918836239be8de3198ce0a44567f5e89fd58fe1364","ComplexFP32",,"not_applicable","ComplexFP64",,,,,,,,"PASS","OK"
"stage08","stage08_b05_freq_shift_99442e69c882","formal","dtype_and_input_contract","runs/stage08_b05_freq_shift_99442e69c882/formal/20260809T134104Z_99442e69c882_stage08_b05_formal_8523f003/operator_dtype_evidence_freq_shift_not_applicable_20260809T134104Z_99442e69c882_stage08_b05_formal_8523f003.csv","20260809T134104Z_99442e69c882_stage08_b05_formal_8523f003","freq_shift__freq_shift_fp16_10e2__fb0c021ca3cc09da","freq_shift","FP16",,"actual_typed_array_input_complex_fp32_compute_host_complex_fp64_extension","1","x:FP16:[100]:bytes=200:sha256=e0ffe3de7d241db7ac6115029c3632d5d9b477fe259b3f4a444579efa956cadf",,,,"fb0c021ca3cc09dacd6050dc2374ac10d11840eee2be3eff731a7aa9162d27fd","ComplexFP32",,"not_applicable","ComplexFP64",,,,,,,,"PASS","OK"
"stage08","stage08_b05_freq_shift_99442e69c882","formal","dtype_and_input_contract","runs/stage08_b05_freq_shift_99442e69c882/formal/20260809T134105Z_99442e69c882_stage08_b05_formal_8523f004/operator_dtype_evidence_freq_shift_not_applicable_20260809T134105Z_99442e69c882_stage08_b05_formal_8523f004.csv","20260809T134105Z_99442e69c882_stage08_b05_formal_8523f004","freq_shift__freq_shift_fp16_10e3__4cb5ba0ed583bda7","freq_shift","FP16",,"actual_typed_array_input_complex_fp32_compute_host_complex_fp64_extension","1","x:FP16:[1024]:bytes=2048:sha256=151de3caeace8e5794b2be902d20f702af21373b763ead5eaee0c5416fb7fe8a",,,,"4cb5ba0ed583bda7112bbf5a0c3bda809be1d9ef8b97994565052ab35cfdadf9","ComplexFP32",,"not_applicable","ComplexFP64",,,,,,,,"PASS","OK"
"stage08","stage08_b05_freq_shift_99442e69c882","formal","dtype_and_input_contract","runs/stage08_b05_freq_shift_99442e69c882/formal/20260809T134105Z_99442e69c882_stage08_b05_formal_8523f005/operator_dtype_evidence_freq_shift_not_applicable_20260809T134105Z_99442e69c882_stage08_b05_formal_8523f005.csv","20260809T134105Z_99442e69c882_stage08_b05_formal_8523f005","freq_shift__freq_shift_fp16_10e4__794a94232d3bc6a2","freq_shift","FP16",,"actual_typed_array_input_complex_fp32_compute_host_complex_fp64_extension","1","x:FP16:[10000]:bytes=20000:sha256=51cba71287831f2e8233c98e3dff5ff7c8ac5a5e760d3b079153e6f5ef646720",,,,"794a94232d3bc6a2d3ce19f86a5c5acd89de7115c14e4d23d977298f464336ae","ComplexFP32",,"not_applicable","ComplexFP64",,,,,,,,"PASS","OK"
"stage08","stage08_b05_freq_shift_99442e69c882","formal","dtype_and_input_contract","runs/stage08_b05_freq_shift_99442e69c882/formal/20260809T134105Z_99442e69c882_stage08_b05_formal_8523f006/operator_dtype_evidence_freq_shift_not_applicable_20260809T134105Z_99442e69c882_stage08_b05_formal_8523f006.csv","20260809T134105Z_99442e69c882_stage08_b05_formal_8523f006","freq_shift__freq_shift_int32_10e2__15a05067ffb18596","freq_shift","INT32",,"actual_typed_array_input_complex_fp32_compute_host_complex_fp64_extension","1","x:INT32:[100]:bytes=400:sha256=b01d74478b68b258be28ea544c5ae599ce3f387a8e538cd25cfd44e188d6b4f5",,,,"15a05067ffb18596e371284e7c2955d1a5ec9bcbc4b87655cbbabb37c9f5456b","ComplexFP32",,"not_applicable","ComplexFP64",,,,,,,,"PASS","OK"
"stage08","stage08_b05_freq_shift_99442e69c882","formal","dtype_and_input_contract","runs/stage08_b05_freq_shift_99442e69c882/formal/20260809T134105Z_99442e69c882_stage08_b05_formal_8523f007/operator_dtype_evidence_freq_shift_not_applicable_20260809T134105Z_99442e69c882_stage08_b05_formal_8523f007.csv","20260809T134105Z_99442e69c882_stage08_b05_formal_8523f007","freq_shift__freq_shift_int32_10e3__8159d8ee55aba661","freq_shift","INT32",,"actual_typed_array_input_complex_fp32_compute_host_complex_fp64_extension","1","x:INT32:[1024]:bytes=4096:sha256=62dba82eb2db9e671d9215796ea77812be3359cb6f335f6fd0021b8f4fe9695e",,,,"8159d8ee55aba6610ef2cb50b694fd14b5668fbe51b4005e5638c4b8534736c4","ComplexFP32",,"not_applicable","ComplexFP64",,,,,,,,"PASS","OK"
"stage08","stage08_b05_freq_shift_99442e69c882","formal","dtype_and_input_contract","runs/stage08_b05_freq_shift_99442e69c882/formal/20260809T134105Z_99442e69c882_stage08_b05_formal_8523f008/operator_dtype_evidence_freq_shift_not_applicable_20260809T134105Z_99442e69c882_stage08_b05_formal_8523f008.csv","20260809T134105Z_99442e69c882_stage08_b05_formal_8523f008","freq_shift__freq_shift_int32_10e4__d09de3d23a4166e6","freq_shift","INT32",,"actual_typed_array_input_complex_fp32_compute_host_complex_fp64_extension","1","x:INT32:[10000]:bytes=40000:sha256=37315dabec0d1fd85086aec792d5b73590f08b68bac2260c78ca194f07f28ef4",,,,"d09de3d23a4166e67ad4426bd9ce284c59e0c572a5b690ca0b603fc466bb5ad1","ComplexFP32",,"not_applicable","ComplexFP64",,,,,,,,"PASS","OK"
"stage08","stage08_b05_freq_shift_99442e69c882","formal","dtype_and_input_contract","runs/stage08_b05_freq_shift_99442e69c882/formal/20260809T134106Z_99442e69c882_stage08_b05_formal_8523f009/operator_dtype_evidence_freq_shift_not_applicable_20260809T134106Z_99442e69c882_stage08_b05_formal_8523f009.csv","20260809T134106Z_99442e69c882_stage08_b05_formal_8523f009","freq_shift__freq_shift_int16_10e2__99d0c5d0f78b1127","freq_shift","INT16",,"actual_typed_array_input_complex_fp32_compute_host_complex_fp64_extension","1","x:INT16:[100]:bytes=200:sha256=9806cda8d65951d8906db7ad854ef3cbd39e8003fca400db270e44590fc60985",,,,"99d0c5d0f78b1127d46c31402976634bc7da7163f13189c18e2600ce18626d6d","ComplexFP32",,"not_applicable","ComplexFP64",,,,,,,,"PASS","OK"
"stage08","stage08_b05_freq_shift_99442e69c882","formal","dtype_and_input_contract","runs/stage08_b05_freq_shift_99442e69c882/formal/20260809T134106Z_99442e69c882_stage08_b05_formal_8523f00a/operator_dtype_evidence_freq_shift_not_applicable_20260809T134106Z_99442e69c882_stage08_b05_formal_8523f00a.csv","20260809T134106Z_99442e69c882_stage08_b05_formal_8523f00a","freq_shift__freq_shift_int16_10e3__6064c6fb09de038a","freq_shift","INT16",,"actual_typed_array_input_complex_fp32_compute_host_complex_fp64_extension","1","x:INT16:[1024]:bytes=2048:sha256=1fab290071854211f268ef350bbb825ac99f9c34f114c27088e345aea22a3598",,,,"6064c6fb09de038a80621b03c73302e41ca5f287e17265d44ea110af902cf64f","ComplexFP32",,"not_applicable","ComplexFP64",,,,,,,,"PASS","OK"
"stage08","stage08_b05_freq_shift_99442e69c882","formal","dtype_and_input_contract","runs/stage08_b05_freq_shift_99442e69c882/formal/20260809T134106Z_99442e69c882_stage08_b05_formal_8523f00b/operator_dtype_evidence_freq_shift_not_applicable_20260809T134106Z_99442e69c882_stage08_b05_formal_8523f00b.csv","20260809T134106Z_99442e69c882_stage08_b05_formal_8523f00b","freq_shift__freq_shift_int16_10e4__a49683f5b797a615","freq_shift","INT16",,"actual_typed_array_input_complex_fp32_compute_host_complex_fp64_extension","1","x:INT16:[10000]:bytes=20000:sha256=653501c3a52e5299034bd90710916f389b6acb235b4837cdcc570e91b0a2e589",,,,"a49683f5b797a6154bf185521a3542fa739c8293742c0d77bc0606e41c5acc77","ComplexFP32",,"not_applicable","ComplexFP64",,,,,,,,"PASS","OK"
"stage08","stage08_b05_freq_shift_99442e69c882","formal","dtype_and_input_contract","runs/stage08_b05_freq_shift_99442e69c882/formal/20260809T134106Z_99442e69c882_stage08_b05_formal_8523f00c/operator_dtype_evidence_freq_shift_not_applicable_20260809T134106Z_99442e69c882_stage08_b05_formal_8523f00c.csv","20260809T134106Z_99442e69c882_stage08_b05_formal_8523f00c","freq_shift__freq_shift_int8_10e2__63cdbea1183b7e19","freq_shift","INT8",,"actual_typed_array_input_complex_fp32_compute_host_complex_fp64_extension","1","x:INT8:[100]:bytes=100:sha256=2b4464d1eeef5b1de27c7d879471b6709c51b445ca7a7e6203ed76d8f0a6c313",,,,"63cdbea1183b7e19327f63860d8ea76119e533dd1e73d735b84bd4526e63f125","ComplexFP32",,"not_applicable","ComplexFP64",,,,,,,,"PASS","OK"
"stage08","stage08_b05_freq_shift_99442e69c882","formal","dtype_and_input_contract","runs/stage08_b05_freq_shift_99442e69c882/formal/20260809T134106Z_99442e69c882_stage08_b05_formal_8523f00d/operator_dtype_evidence_freq_shift_not_applicable_20260809T134106Z_99442e69c882_stage08_b05_formal_8523f00d.csv","20260809T134106Z_99442e69c882_stage08_b05_formal_8523f00d","freq_shift__freq_shift_int8_10e3__6e27acf78326a0ea","freq_shift","INT8",,"actual_typed_array_input_complex_fp32_compute_host_complex_fp64_extension","1","x:INT8:[1024]:bytes=1024:sha256=fb9602b013a8ebdf7a048583c2b8590cc1f795d32aed7bb8f4c50542d506b6da",,,,"6e27acf78326a0ea2ab16c6a19a61baa857cf29c606c04e93d46446b023a8cef","ComplexFP32",,"not_applicable","ComplexFP64",,,,,,,,"PASS","OK"
"stage08","stage08_b05_freq_shift_99442e69c882","formal","dtype_and_input_contract","runs/stage08_b05_freq_shift_99442e69c882/formal/20260809T134106Z_99442e69c882_stage08_b05_formal_8523f00e/operator_dtype_evidence_freq_shift_not_applicable_20260809T134106Z_99442e69c882_stage08_b05_formal_8523f00e.csv","20260809T134106Z_99442e69c882_stage08_b05_formal_8523f00e","freq_shift__freq_shift_int8_10e4__8841f5dc27ee6065","freq_shift","INT8",,"actual_typed_array_input_complex_fp32_compute_host_complex_fp64_extension","1","x:INT8:[10000]:bytes=10000:sha256=d7b7f2cbf45337f303df599d47afe9990e5c8435ed19abd124fe5c72446a0636",,,,"8841f5dc27ee6065636d421231fcbf31e9528033b3de14518028d7096f1f6404","ComplexFP32",,"not_applicable","ComplexFP64",,,,,,,,"PASS","OK"
"stage08","stage08_b05_lfilter_zi_01967914167d","smoke","dtype_and_input_contract","runs/stage08_b05_lfilter_zi_01967914167d/smoke/20260809T140000Z_01967914167d_stage08_b05_smoke_85300001/operator_dtype_evidence_lfilter_zi_not_applicable_20260809T140000Z_01967914167d_stage08_b05_smoke_85300001.csv","20260809T140000Z_01967914167d_stage08_b05_smoke_85300001","lfilter_zi__lfilter_zi_fp16_10e2__50f104557a6a84aa","lfilter_zi","FP16",,"actual_typed_b_a_arrays_fp32_solve_host_fp64_extension","2","b:FP16:[6]:bytes=12:sha256=3e831c6d1584fa65a94a1dfa9cecd0ccb38636c0f3d7b947f572f0b4e9e0ecca|a:FP16:[6]:bytes=12:sha256=4f1fca0ae609300a0951e915495d7ff0f76b264b85977786be52f8997a34427f",,,,"50f104557a6a84aacec2c9587ecba5144dc105319d0439842caf9032a17927ae","FP32",,"not_applicable","FP64",,,,,,,,"PASS","OK"
"stage08","stage08_b05_lfilter_zi_bb1a0e0e2788","formal","dtype_and_input_contract","runs/stage08_b05_lfilter_zi_bb1a0e0e2788/formal/20260809T135600Z_bb1a0e0e2788_stage08_b05_formal_8533f000/operator_dtype_evidence_lfilter_zi_not_applicable_20260809T135600Z_bb1a0e0e2788_stage08_b05_formal_8533f000.csv","20260809T135600Z_bb1a0e0e2788_stage08_b05_formal_8533f000","lfilter_zi__lfilter_zi_fp32_10e2__26367d0b60e4ba0c","lfilter_zi","FP32",,"actual_typed_b_a_arrays_fp32_solve_host_fp64_extension","2","b:FP32:[6]:bytes=24:sha256=76d8f3f98a45e3ee1027516634ec6b89daf1f03943a55f0e2e4f205518614fa2|a:FP32:[6]:bytes=24:sha256=3aa8f1264f5bf2a434a0293f8e7435dd3cf76c2d0d58311f76f7c07cb05a925b",,,,"26367d0b60e4ba0cd757d62f1d4e0dd26ab67beb0b7cf191bffb2022c5fb77b2","FP32",,"not_applicable","FP64",,,,,,,,"PASS","OK"
"stage08","stage08_b05_lfilter_zi_bb1a0e0e2788","formal","dtype_and_input_contract","runs/stage08_b05_lfilter_zi_bb1a0e0e2788/formal/20260809T135600Z_bb1a0e0e2788_stage08_b05_formal_8533f001/operator_dtype_evidence_lfilter_zi_not_applicable_20260809T135600Z_bb1a0e0e2788_stage08_b05_formal_8533f001.csv","20260809T135600Z_bb1a0e0e2788_stage08_b05_formal_8533f001","lfilter_zi__lfilter_zi_fp32_10e3__0b4e39c6ffe71ccb","lfilter_zi","FP32",,"actual_typed_b_a_arrays_fp32_solve_host_fp64_extension","2","b:FP32:[11]:bytes=44:sha256=916f03cebed5d6d5dcb53cc9dbfe1d16c9b0309f17bd667b3baf2d254e3c0b7a|a:FP32:[11]:bytes=44:sha256=156b410713fc9b1350bf573cf07b27ca380fc4309a4897c61ad51fb3940ce8ae",,,,"0b4e39c6ffe71ccbe10d3a1b65cdf7ac56fa2b54a828dff18e5ad8b8e2c8aacd","FP32",,"not_applicable","FP64",,,,,,,,"PASS","OK"
"stage08","stage08_b05_lfilter_zi_bb1a0e0e2788","formal","dtype_and_input_contract","runs/stage08_b05_lfilter_zi_bb1a0e0e2788/formal/20260809T135600Z_bb1a0e0e2788_stage08_b05_formal_8533f002/operator_dtype_evidence_lfilter_zi_not_applicable_20260809T135600Z_bb1a0e0e2788_stage08_b05_formal_8533f002.csv","20260809T135600Z_bb1a0e0e2788_stage08_b05_formal_8533f002","lfilter_zi__lfilter_zi_fp32_10e4__b955d7833fdbb4be","lfilter_zi","FP32",,"actual_typed_b_a_arrays_fp32_solve_host_fp64_extension","2","b:FP32:[23]:bytes=92:sha256=438faf9911b9dcf855973949d6554d8b194f2efb58a432ea6408d20ecc39e02a|a:FP32:[24]:bytes=96:sha256=465f81858a7813883075f8474b306fc84ceedec75ee55406b492ddef86f2f66e",,,,"b955d7833fdbb4bede1a6d343d34b5e8ad38243696e6bcd63c858a327003d97e","FP32",,"not_applicable","FP64",,,,,,,,"PASS","OK"
"stage08","stage08_b05_lfilter_zi_bb1a0e0e2788","formal","dtype_and_input_contract","runs/stage08_b05_lfilter_zi_bb1a0e0e2788/formal/20260809T135600Z_bb1a0e0e2788_stage08_b05_formal_8533f003/operator_dtype_evidence_lfilter_zi_not_applicable_20260809T135600Z_bb1a0e0e2788_stage08_b05_formal_8533f003.csv","20260809T135600Z_bb1a0e0e2788_stage08_b05_formal_8533f003","lfilter_zi__lfilter_zi_fp16_10e2__50f104557a6a84aa","lfilter_zi","FP16",,"actual_typed_b_a_arrays_fp32_solve_host_fp64_extension","2","b:FP16:[6]:bytes=12:sha256=3e831c6d1584fa65a94a1dfa9cecd0ccb38636c0f3d7b947f572f0b4e9e0ecca|a:FP16:[6]:bytes=12:sha256=4f1fca0ae609300a0951e915495d7ff0f76b264b85977786be52f8997a34427f",,,,"50f104557a6a84aacec2c9587ecba5144dc105319d0439842caf9032a17927ae","FP32",,"not_applicable","FP64",,,,,,,,"PASS","OK"
"stage08","stage08_b05_lfilter_zi_bb1a0e0e2788","formal","dtype_and_input_contract","runs/stage08_b05_lfilter_zi_bb1a0e0e2788/formal/20260809T135601Z_bb1a0e0e2788_stage08_b05_formal_8533f004/operator_dtype_evidence_lfilter_zi_not_applicable_20260809T135601Z_bb1a0e0e2788_stage08_b05_formal_8533f004.csv","20260809T135601Z_bb1a0e0e2788_stage08_b05_formal_8533f004","lfilter_zi__lfilter_zi_fp16_10e3__c8ab2796c6752d3c","lfilter_zi","FP16",,"actual_typed_b_a_arrays_fp32_solve_host_fp64_extension","2","b:FP16:[11]:bytes=22:sha256=276c25312aa6db9621c77ad3919a842eadf069623ba0dc9722004d5df6560acc|a:FP16:[11]:bytes=22:sha256=97f9a13609466a8e79ccc84ac73fc31020f20adb2f113252674ca02023354e39",,,,"c8ab2796c6752d3c55859c08a3955fa8a3bc478f6a76f8fc4f2661d2a97e1eb6","FP32",,"not_applicable","FP64",,,,,,,,"PASS","OK"
"stage08","stage08_b05_lfilter_zi_bb1a0e0e2788","formal","dtype_and_input_contract","runs/stage08_b05_lfilter_zi_bb1a0e0e2788/formal/20260809T135601Z_bb1a0e0e2788_stage08_b05_formal_8533f005/operator_dtype_evidence_lfilter_zi_not_applicable_20260809T135601Z_bb1a0e0e2788_stage08_b05_formal_8533f005.csv","20260809T135601Z_bb1a0e0e2788_stage08_b05_formal_8533f005","lfilter_zi__lfilter_zi_fp16_10e4__84344632744b9aee","lfilter_zi","FP16",,"actual_typed_b_a_arrays_fp32_solve_host_fp64_extension","2","b:FP16:[23]:bytes=46:sha256=d637ee1106e7b1fc6aacc7f3fcd3002731568ecae4bfad5e752188fd605d4ec7|a:FP16:[24]:bytes=48:sha256=da833b1aaca93acea351292492496ffc505fed96800adf2c3126a31f06e68aae",,,,"84344632744b9aeeb51c1518f02206a7b163ff69fa96dd49ab4314ef1bedf5b3","FP32",,"not_applicable","FP64",,,,,,,,"PASS","OK"
"stage08","stage08_b05_lfilter_zi_bb1a0e0e2788","formal","dtype_and_input_contract","runs/stage08_b05_lfilter_zi_bb1a0e0e2788/formal/20260809T135601Z_bb1a0e0e2788_stage08_b05_formal_8533f006/operator_dtype_evidence_lfilter_zi_not_applicable_20260809T135601Z_bb1a0e0e2788_stage08_b05_formal_8533f006.csv","20260809T135601Z_bb1a0e0e2788_stage08_b05_formal_8533f006","lfilter_zi__lfilter_zi_int32_10e2__3e305d69ad3dbdd6","lfilter_zi","INT32",,"actual_typed_b_a_arrays_fp32_solve_host_fp64_extension","2","b:INT32:[6]:bytes=24:sha256=32edb6022c0921d99aa347e9cda5dc2db413f5574eebaaa8592234308ffebd2b|a:INT32:[6]:bytes=24:sha256=e3cdf83c597b9755dd566f227dbd1a2cbc0d85970fd291969e651673c303905b",,,,"3e305d69ad3dbdd66b34ac10fd08ee1073c652936a2c7b3719ebea54809c800c","FP32",,"not_applicable","FP64",,,,,,,,"PASS","OK"
"stage08","stage08_b05_lfilter_zi_bb1a0e0e2788","formal","dtype_and_input_contract","runs/stage08_b05_lfilter_zi_bb1a0e0e2788/formal/20260809T135601Z_bb1a0e0e2788_stage08_b05_formal_8533f007/operator_dtype_evidence_lfilter_zi_not_applicable_20260809T135601Z_bb1a0e0e2788_stage08_b05_formal_8533f007.csv","20260809T135601Z_bb1a0e0e2788_stage08_b05_formal_8533f007","lfilter_zi__lfilter_zi_int32_10e3__aefd6b1843967688","lfilter_zi","INT32",,"actual_typed_b_a_arrays_fp32_solve_host_fp64_extension","2","b:INT32:[11]:bytes=44:sha256=8c63f77e4a89707a17ed42972517700bc8913315f36c72fcfe833910a506cd8f|a:INT32:[11]:bytes=44:sha256=65907a3603d216b2d941f838050b13502b1ff796e0dc884c32c20c721861a76e",,,,"aefd6b18439676884f7ab72fe5abb9d8d32af3e695088982227e6fa422db7678","FP32",,"not_applicable","FP64",,,,,,,,"PASS","OK"
"stage08","stage08_b05_lfilter_zi_bb1a0e0e2788","formal","dtype_and_input_contract","runs/stage08_b05_lfilter_zi_bb1a0e0e2788/formal/20260809T135602Z_bb1a0e0e2788_stage08_b05_formal_8533f008/operator_dtype_evidence_lfilter_zi_not_applicable_20260809T135602Z_bb1a0e0e2788_stage08_b05_formal_8533f008.csv","20260809T135602Z_bb1a0e0e2788_stage08_b05_formal_8533f008","lfilter_zi__lfilter_zi_int32_10e4__6d8c4d74a701979d","lfilter_zi","INT32",,"actual_typed_b_a_arrays_fp32_solve_host_fp64_extension","2","b:INT32:[23]:bytes=92:sha256=dae0ff413bee1d6aba0b2ff8d794546e96866db5eef71bb49ba237dcac122bc8|a:INT32:[24]:bytes=96:sha256=8b69aec364e5096ea40258ad5df0b9e6383169b88bccc3220732a4e5a91fe2fe",,,,"6d8c4d74a701979df1f275afd095b9e5c89f11a6b30b10f161c4cce901f5294d","FP32",,"not_applicable","FP64",,,,,,,,"PASS","OK"
"stage08","stage08_b05_lfilter_zi_bb1a0e0e2788","formal","dtype_and_input_contract","runs/stage08_b05_lfilter_zi_bb1a0e0e2788/formal/20260809T135602Z_bb1a0e0e2788_stage08_b05_formal_8533f009/operator_dtype_evidence_lfilter_zi_not_applicable_20260809T135602Z_bb1a0e0e2788_stage08_b05_formal_8533f009.csv","20260809T135602Z_bb1a0e0e2788_stage08_b05_formal_8533f009","lfilter_zi__lfilter_zi_int16_10e2__ec4b4b4d82f1c214","lfilter_zi","INT16",,"actual_typed_b_a_arrays_fp32_solve_host_fp64_extension","2","b:INT16:[6]:bytes=12:sha256=ca888f40c3caca805b37a5434c75de5550616e0795e7602fb91156f22dd90851|a:INT16:[6]:bytes=12:sha256=980dffe73e7c09df4639d6ad1e3abc1a32d1cf8c46924afbe48aea25cc19a94a",,,,"ec4b4b4d82f1c214bc7c42ddb3b5bfd7f9944c3a77dc4481d8578ac0b1d56cca","FP32",,"not_applicable","FP64",,,,,,,,"PASS","OK"
"stage08","stage08_b05_lfilter_zi_bb1a0e0e2788","formal","dtype_and_input_contract","runs/stage08_b05_lfilter_zi_bb1a0e0e2788/formal/20260809T135602Z_bb1a0e0e2788_stage08_b05_formal_8533f00a/operator_dtype_evidence_lfilter_zi_not_applicable_20260809T135602Z_bb1a0e0e2788_stage08_b05_formal_8533f00a.csv","20260809T135602Z_bb1a0e0e2788_stage08_b05_formal_8533f00a","lfilter_zi__lfilter_zi_int16_10e3__50be503b393c8bde","lfilter_zi","INT16",,"actual_typed_b_a_arrays_fp32_solve_host_fp64_extension","2","b:INT16:[11]:bytes=22:sha256=884998df6a91f27eb4284624ff8c5c35bc6888dde0b3bbaa01d2b631240b8cf4|a:INT16:[11]:bytes=22:sha256=1fe003d8ede0ab75a15dda3d669b0d25a4e359580b4a0a77187fd4b6030b6ccc",,,,"50be503b393c8bde39dcd6cca368374d14f02322f0e85ad6b466604d1a401e1b","FP32",,"not_applicable","FP64",,,,,,,,"PASS","OK"
"stage08","stage08_b05_lfilter_zi_bb1a0e0e2788","formal","dtype_and_input_contract","runs/stage08_b05_lfilter_zi_bb1a0e0e2788/formal/20260809T135602Z_bb1a0e0e2788_stage08_b05_formal_8533f00b/operator_dtype_evidence_lfilter_zi_not_applicable_20260809T135602Z_bb1a0e0e2788_stage08_b05_formal_8533f00b.csv","20260809T135602Z_bb1a0e0e2788_stage08_b05_formal_8533f00b","lfilter_zi__lfilter_zi_int16_10e4__2b346baace1a7dd1","lfilter_zi","INT16",,"actual_typed_b_a_arrays_fp32_solve_host_fp64_extension","2","b:INT16:[23]:bytes=46:sha256=4e473c352a8538ea0be1c00c80fecd940d125a8eb900e2d8c8746ac99f32497d|a:INT16:[24]:bytes=48:sha256=80d6dfb93f0976fa60fe087ff6ae090d09248321c11cb1ef29ab724fe2f49677",,,,"2b346baace1a7dd114fa32fe8582b85121d5eacf38ea1b99220c77d8f8089719","FP32",,"not_applicable","FP64",,,,,,,,"PASS","OK"
"stage08","stage08_b05_lfilter_zi_bb1a0e0e2788","formal","dtype_and_input_contract","runs/stage08_b05_lfilter_zi_bb1a0e0e2788/formal/20260809T135602Z_bb1a0e0e2788_stage08_b05_formal_8533f00c/operator_dtype_evidence_lfilter_zi_not_applicable_20260809T135602Z_bb1a0e0e2788_stage08_b05_formal_8533f00c.csv","20260809T135602Z_bb1a0e0e2788_stage08_b05_formal_8533f00c","lfilter_zi__lfilter_zi_int8_10e2__60c8929f594fa981","lfilter_zi","INT8",,"actual_typed_b_a_arrays_fp32_solve_host_fp64_extension","2","b:INT8:[6]:bytes=6:sha256=36c159d76b52e03e496363607c5940227f62f4e048df344b050159bc97bba3d7|a:INT8:[6]:bytes=6:sha256=bd0475784673f17410053a2b7ffb58c940beb6f32ed92b66cec2b4498573f1dd",,,,"60c8929f594fa981634d421064b4fd87d62c5f017b5440d1716c3aa3547186f0","FP32",,"not_applicable","FP64",,,,,,,,"PASS","OK"
"stage08","stage08_b05_lfilter_zi_bb1a0e0e2788","formal","dtype_and_input_contract","runs/stage08_b05_lfilter_zi_bb1a0e0e2788/formal/20260809T135603Z_bb1a0e0e2788_stage08_b05_formal_8533f00d/operator_dtype_evidence_lfilter_zi_not_applicable_20260809T135603Z_bb1a0e0e2788_stage08_b05_formal_8533f00d.csv","20260809T135603Z_bb1a0e0e2788_stage08_b05_formal_8533f00d","lfilter_zi__lfilter_zi_int8_10e3__16720800b882113f","lfilter_zi","INT8",,"actual_typed_b_a_arrays_fp32_solve_host_fp64_extension","2","b:INT8:[11]:bytes=11:sha256=fd1b99579c88a4f533613a38dd643f7bd7e6cf97feeac1c95a0d90e68d7ae3db|a:INT8:[11]:bytes=11:sha256=861531a7449ab474ae195074387c9ee36a5935d1e45788e4d01401a774c7e856",,,,"16720800b882113f8447096e0ea4872d60ad7617a616789e044047dc8b0bb1d4","FP32",,"not_applicable","FP64",,,,,,,,"PASS","OK"
"stage08","stage08_b05_lfilter_zi_bb1a0e0e2788","formal","dtype_and_input_contract","runs/stage08_b05_lfilter_zi_bb1a0e0e2788/formal/20260809T135603Z_bb1a0e0e2788_stage08_b05_formal_8533f00e/operator_dtype_evidence_lfilter_zi_not_applicable_20260809T135603Z_bb1a0e0e2788_stage08_b05_formal_8533f00e.csv","20260809T135603Z_bb1a0e0e2788_stage08_b05_formal_8533f00e","lfilter_zi__lfilter_zi_int8_10e4__729326c03b6ee6de","lfilter_zi","INT8",,"actual_typed_b_a_arrays_fp32_solve_host_fp64_extension","2","b:INT8:[23]:bytes=23:sha256=779c47f7785ef00107abf0d815c9c1d1cf359dc0f7cf1d0e0c2072fcc38d9fd2|a:INT8:[24]:bytes=24:sha256=272d6a3d4f8885e101775737cec0b699c789affccc20fe82607779538844aa0f",,,,"729326c03b6ee6de93d1e05b5e294ebcd56921e4bde4f77faaf0ed194f2bd5af","FP32",,"not_applicable","FP64",,,,,,,,"PASS","OK"
"stage08","stage08_b05_sosfilt_019b253f23f3","smoke","dtype_and_input_contract","runs/stage08_b05_sosfilt_019b253f23f3/smoke/20260809T143000Z_019b253f23f3_stage08_b05_smoke_85400002/operator_dtype_evidence_sosfilt_not_applicable_20260809T143000Z_019b253f23f3_stage08_b05_smoke_85400002.csv","20260809T143000Z_019b253f23f3_stage08_b05_smoke_85400002","sosfilt__sosfilt_fp16_10e2__68f94d88f9836102","sosfilt","FP16",,"actual_typed_sos_x_optional_zi_fp32_extension","2","sos:FP16:[6]:bytes=12:sha256=acd36c61413fc498ed19a1022923a13185b022ded454eb03704804c1347e9a0f|x:FP16:[100]:bytes=200:sha256=eae5a2365d2027b637fc571ce3433a017e8ef196c6a7845500260dccd0ae7afe",,,,"68f94d88f98361021cd76fb74eef66b114ff58843c73dcf38a9a3df5f9d150a9","FP32",,"not_applicable","FP32",,,,,,,,"PASS","OK"
"stage08","stage08_b05_sosfilt_1681b603eadb","formal","dtype_and_input_contract","runs/stage08_b05_sosfilt_1681b603eadb/formal/20260809T141458Z_1681b603eadb_stage08_b05_formal_8543f000/operator_dtype_evidence_sosfilt_not_applicable_20260809T141458Z_1681b603eadb_stage08_b05_formal_8543f000.csv","20260809T141458Z_1681b603eadb_stage08_b05_formal_8543f000","sosfilt__sosfilt_fp32_10e2__66c6014a16c9491d","sosfilt","FP32",,"actual_typed_sos_x_optional_zi_fp32_extension","2","sos:FP32:[6]:bytes=24:sha256=f502fa3ecd9c696c41b1955f12086e7c0b0ff764e2b4487cda5ada2688f6ee4e|x:FP32:[100]:bytes=400:sha256=885d52f6c8372547d7d25c033586d0899196b86b917752491a096f1e2373a6fb",,,,"66c6014a16c9491d5623727cda93d1bf309f3d04453597c5ad638104de9ba798","FP32",,"not_applicable","FP32",,,,,,,,"PASS","OK"
"stage08","stage08_b05_sosfilt_1681b603eadb","formal","dtype_and_input_contract","runs/stage08_b05_sosfilt_1681b603eadb/formal/20260809T141458Z_1681b603eadb_stage08_b05_formal_8543f001/operator_dtype_evidence_sosfilt_not_applicable_20260809T141458Z_1681b603eadb_stage08_b05_formal_8543f001.csv","20260809T141458Z_1681b603eadb_stage08_b05_formal_8543f001","sosfilt__sosfilt_fp32_10e3__eaedddc1d42c0b3e","sosfilt","FP32",,"actual_typed_sos_x_optional_zi_fp32_extension","3","sos:FP32:[12]:bytes=48:sha256=5163bd05800b8f4201fe6259a67c1090967193accc9d66887a6fb60370248d59|x:FP32:[1024]:bytes=4096:sha256=341df59fcc9b53b447b764bab8e1456f2a9fbf0caf99910d58c2681aa95ba2d5|zi:FP32:[128]:bytes=512:sha256=02722f124d0f1736a9dd7c4ddcd05630dcf16ee1ce3454e9a876005ce005d4ac",,,,"eaedddc1d42c0b3e2ea2556c7639365fe87541a25db95e9087a738cc439b9639","FP32",,"not_applicable","FP32",,,,,,,,"PASS","OK"
"stage08","stage08_b05_sosfilt_1681b603eadb","formal","dtype_and_input_contract","runs/stage08_b05_sosfilt_1681b603eadb/formal/20260809T141459Z_1681b603eadb_stage08_b05_formal_8543f002/operator_dtype_evidence_sosfilt_not_applicable_20260809T141459Z_1681b603eadb_stage08_b05_formal_8543f002.csv","20260809T141459Z_1681b603eadb_stage08_b05_formal_8543f002","sosfilt__sosfilt_fp32_10e4__7ca744895a8dac23","sosfilt","FP32",,"actual_typed_sos_x_optional_zi_fp32_extension","3","sos:FP32:[24]:bytes=96:sha256=def3a32a65d88d45112017619bebacab993f7bd1914f751b780566dbdecb8578|x:FP32:[10000]:bytes=40000:sha256=5187cc51dfd3ab6b961705ab34aace4d6a9527150425c074e3544851c5842bf8|zi:FP32:[800]:bytes=3200:sha256=59e707682300eb4d920bf2d445486f21f3689ef90a863aed249b240ab19b52e4",,,,"7ca744895a8dac231cd0cd347926460992c4ed527ca5562b63601b90bbb55fa5","FP32",,"not_applicable","FP32",,,,,,,,"PASS","OK"
"stage08","stage08_b05_sosfilt_1681b603eadb","formal","dtype_and_input_contract","runs/stage08_b05_sosfilt_1681b603eadb/formal/20260809T141459Z_1681b603eadb_stage08_b05_formal_8543f003/operator_dtype_evidence_sosfilt_not_applicable_20260809T141459Z_1681b603eadb_stage08_b05_formal_8543f003.csv","20260809T141459Z_1681b603eadb_stage08_b05_formal_8543f003","sosfilt__sosfilt_fp16_10e2__68f94d88f9836102","sosfilt","FP16",,"actual_typed_sos_x_optional_zi_fp32_extension","2","sos:FP16:[6]:bytes=12:sha256=acd36c61413fc498ed19a1022923a13185b022ded454eb03704804c1347e9a0f|x:FP16:[100]:bytes=200:sha256=eae5a2365d2027b637fc571ce3433a017e8ef196c6a7845500260dccd0ae7afe",,,,"68f94d88f98361021cd76fb74eef66b114ff58843c73dcf38a9a3df5f9d150a9","FP32",,"not_applicable","FP32",,,,,,,,"PASS","OK"
"stage08","stage08_b05_sosfilt_1681b603eadb","formal","dtype_and_input_contract","runs/stage08_b05_sosfilt_1681b603eadb/formal/20260809T141459Z_1681b603eadb_stage08_b05_formal_8543f004/operator_dtype_evidence_sosfilt_not_applicable_20260809T141459Z_1681b603eadb_stage08_b05_formal_8543f004.csv","20260809T141459Z_1681b603eadb_stage08_b05_formal_8543f004","sosfilt__sosfilt_fp16_10e3__99d14a67f435e4fb","sosfilt","FP16",,"actual_typed_sos_x_optional_zi_fp32_extension","3","sos:FP16:[12]:bytes=24:sha256=a372dd6ef89820145e9cae078f5d9d0d6b38333c9834d922a1eefd7ee77a9bd7|x:FP16:[1024]:bytes=2048:sha256=77b8ca4b0d0884d7ace668a4f9c6e077c3e158bb62d4b51a3fc17ad84479eb28|zi:FP16:[128]:bytes=256:sha256=94db0fae1410ff7a113dcd9c611d72ba28198e11f635941653c42ad3521be145",,,,"99d14a67f435e4fb18776a9ec149f31b32bbc9ca36eb04f293574c92783407ec","FP32",,"not_applicable","FP32",,,,,,,,"PASS","OK"
"stage08","stage08_b05_sosfilt_1681b603eadb","formal","dtype_and_input_contract","runs/stage08_b05_sosfilt_1681b603eadb/formal/20260809T141459Z_1681b603eadb_stage08_b05_formal_8543f005/operator_dtype_evidence_sosfilt_not_applicable_20260809T141459Z_1681b603eadb_stage08_b05_formal_8543f005.csv","20260809T141459Z_1681b603eadb_stage08_b05_formal_8543f005","sosfilt__sosfilt_fp16_10e4__5d58d550b24d09bc","sosfilt","FP16",,"actual_typed_sos_x_optional_zi_fp32_extension","3","sos:FP16:[24]:bytes=48:sha256=99ba623b8dd4b27f4a034a6ce9e14b6de88536e7b91a10d564b401c2401e9a34|x:FP16:[10000]:bytes=20000:sha256=4c35744c6ae9520924548557e500cf80dc3314bf903a8103b3955c6dd26dc6ec|zi:FP16:[800]:bytes=1600:sha256=c02fa14abdd3643fd7efa283f0614b484e7cbae96d6703d0d9b47587708efbc1",,,,"5d58d550b24d09bc9cf4c3d30ceec64ea2b0ad121d5566e427262ffe6ec9f006","FP32",,"not_applicable","FP32",,,,,,,,"PASS","OK"
"stage08","stage08_b05_sosfilt_1681b603eadb","formal","dtype_and_input_contract","runs/stage08_b05_sosfilt_1681b603eadb/formal/20260809T141500Z_1681b603eadb_stage08_b05_formal_8543f006/operator_dtype_evidence_sosfilt_not_applicable_20260809T141500Z_1681b603eadb_stage08_b05_formal_8543f006.csv","20260809T141500Z_1681b603eadb_stage08_b05_formal_8543f006","sosfilt__sosfilt_int32_10e2__1329fa36dd830f18","sosfilt","INT32",,"actual_typed_sos_x_optional_zi_fp32_extension","2","sos:INT32:[6]:bytes=24:sha256=cfa5d2443cc64713d1064977716d6a7dd89dd07c906f2d048e8a705cfbe21a86|x:INT32:[100]:bytes=400:sha256=2fdb9de0d3fd2351272943892f6ae823df12547ef89b242f5bc2ecfc9b9b788c",,,,"1329fa36dd830f18f30f90cd69044119bb89b2e678591411ed66d064698c0033","FP32",,"not_applicable","FP32",,,,,,,,"PASS","OK"
"stage08","stage08_b05_sosfilt_1681b603eadb","formal","dtype_and_input_contract","runs/stage08_b05_sosfilt_1681b603eadb/formal/20260809T141500Z_1681b603eadb_stage08_b05_formal_8543f007/operator_dtype_evidence_sosfilt_not_applicable_20260809T141500Z_1681b603eadb_stage08_b05_formal_8543f007.csv","20260809T141500Z_1681b603eadb_stage08_b05_formal_8543f007","sosfilt__sosfilt_int32_10e3__cece5969dbe1de3d","sosfilt","INT32",,"actual_typed_sos_x_optional_zi_fp32_extension","3","sos:INT32:[12]:bytes=48:sha256=dd884bc53858a300e7c96bffc484524687815e18f97ae4694a428ed185211719|x:INT32:[1024]:bytes=4096:sha256=3885322cf845fae2927ed0f6f52e72710944c4cdbac08a5bf79f6cc52e2c01b5|zi:INT32:[128]:bytes=512:sha256=d585e10d1e2240e9af79fc1cf8d11e11420b5306480b469b587e85630fcb0c9f",,,,"cece5969dbe1de3d83444dc23bbcc7d9524fafbeab10d79f14563613a887ba41","FP32",,"not_applicable","FP32",,,,,,,,"PASS","OK"
"stage08","stage08_b05_sosfilt_1681b603eadb","formal","dtype_and_input_contract","runs/stage08_b05_sosfilt_1681b603eadb/formal/20260809T141500Z_1681b603eadb_stage08_b05_formal_8543f008/operator_dtype_evidence_sosfilt_not_applicable_20260809T141500Z_1681b603eadb_stage08_b05_formal_8543f008.csv","20260809T141500Z_1681b603eadb_stage08_b05_formal_8543f008","sosfilt__sosfilt_int32_10e4__140fd51006a03425","sosfilt","INT32",,"actual_typed_sos_x_optional_zi_fp32_extension","3","sos:INT32:[24]:bytes=96:sha256=2ec3ba412704ad81f846b662df73a5a5dd54c6b38cbf1442a883511901d6b778|x:INT32:[10000]:bytes=40000:sha256=370ccba3beaa100a9c7fa2a17e58260bb6141047c89857ade77d37d216bbc82d|zi:INT32:[800]:bytes=3200:sha256=2bdba08cf918a884a5f6e4c81c764ce00f53e63be2d65ce7f62cff1963e8800e",,,,"140fd51006a03425934897fb0e82b938c477b7ae161f060e9f56fb48455df5b5","FP32",,"not_applicable","FP32",,,,,,,,"PASS","OK"
"stage08","stage08_b05_sosfilt_1681b603eadb","formal","dtype_and_input_contract","runs/stage08_b05_sosfilt_1681b603eadb/formal/20260809T141501Z_1681b603eadb_stage08_b05_formal_8543f009/operator_dtype_evidence_sosfilt_not_applicable_20260809T141501Z_1681b603eadb_stage08_b05_formal_8543f009.csv","20260809T141501Z_1681b603eadb_stage08_b05_formal_8543f009","sosfilt__sosfilt_int16_10e2__2704a5f416f05463","sosfilt","INT16",,"actual_typed_sos_x_optional_zi_fp32_extension","2","sos:INT16:[6]:bytes=12:sha256=03aaad323697a097cadf5c1748392cb15eac566f2a517d3c443fa8eb86f4c250|x:INT16:[100]:bytes=200:sha256=85cd69853ea4d2ceeaaad659d75c1112399a412c870151fe8a54eafbb8a5766d",,,,"2704a5f416f054638b2a5d119eb960c7db0e30a1423424446e01bd69c6278818","FP32",,"not_applicable","FP32",,,,,,,,"PASS","OK"
"stage08","stage08_b05_sosfilt_1681b603eadb","formal","dtype_and_input_contract","runs/stage08_b05_sosfilt_1681b603eadb/formal/20260809T141501Z_1681b603eadb_stage08_b05_formal_8543f00a/operator_dtype_evidence_sosfilt_not_applicable_20260809T141501Z_1681b603eadb_stage08_b05_formal_8543f00a.csv","20260809T141501Z_1681b603eadb_stage08_b05_formal_8543f00a","sosfilt__sosfilt_int16_10e3__32d4bf2684b53749","sosfilt","INT16",,"actual_typed_sos_x_optional_zi_fp32_extension","3","sos:INT16:[12]:bytes=24:sha256=1b307d74085fb55f176e2247827898664aadc07ec531bc3236ccd06ecc075dba|x:INT16:[1024]:bytes=2048:sha256=d8acb341c4daa74039f6e2e425e99548ebf61ee214ad10420552fe0ce9c93177|zi:INT16:[128]:bytes=256:sha256=8ca36e6856e98e919eeb6e5747c915091ca0f872c86fefbebfc76aa0867a52ea",,,,"32d4bf2684b53749fbf16ee3701ca8a4d29bb2a66a4688732d258e21d1910310","FP32",,"not_applicable","FP32",,,,,,,,"PASS","OK"
"stage08","stage08_b05_sosfilt_1681b603eadb","formal","dtype_and_input_contract","runs/stage08_b05_sosfilt_1681b603eadb/formal/20260809T141501Z_1681b603eadb_stage08_b05_formal_8543f00b/operator_dtype_evidence_sosfilt_not_applicable_20260809T141501Z_1681b603eadb_stage08_b05_formal_8543f00b.csv","20260809T141501Z_1681b603eadb_stage08_b05_formal_8543f00b","sosfilt__sosfilt_int16_10e4__ef87ce4b1346e630","sosfilt","INT16",,"actual_typed_sos_x_optional_zi_fp32_extension","3","sos:INT16:[24]:bytes=48:sha256=059c7a2894607147c03d281331e74e26a8698d2ad348fde3f9c9a019c182b514|x:INT16:[10000]:bytes=20000:sha256=1c11871339b8ae905124133291ee098206b2e6078a761c3c6124b684c0c29e08|zi:INT16:[800]:bytes=1600:sha256=c4f441afd675c673783450853625490e5da374a0312d859ee92bb7afeb70c1e1",,,,"ef87ce4b1346e63025e76f20c73b975e76de5f87aac0d6a5d26de8439096ef6a","FP32",,"not_applicable","FP32",,,,,,,,"PASS","OK"
"stage08","stage08_b05_sosfilt_1681b603eadb","formal","dtype_and_input_contract","runs/stage08_b05_sosfilt_1681b603eadb/formal/20260809T141501Z_1681b603eadb_stage08_b05_formal_8543f00c/operator_dtype_evidence_sosfilt_not_applicable_20260809T141501Z_1681b603eadb_stage08_b05_formal_8543f00c.csv","20260809T141501Z_1681b603eadb_stage08_b05_formal_8543f00c","sosfilt__sosfilt_int8_10e2__1fe0cc46538ed99f","sosfilt","INT8",,"actual_typed_sos_x_optional_zi_fp32_extension","2","sos:INT8:[6]:bytes=6:sha256=fdaf5010dc7f0804d36879b1a2d11ab106657d50f239bb89bd0872430fe41df8|x:INT8:[100]:bytes=100:sha256=ada9179b417a1f5f9f0b6fa2f36fbe5ff4bb2d08db27550648b4d461c95dd1ae",,,,"1fe0cc46538ed99f60f5435407b2b7410e0cf8cabaa8ced06769946958463f98","FP32",,"not_applicable","FP32",,,,,,,,"PASS","OK"
"stage08","stage08_b05_sosfilt_1681b603eadb","formal","dtype_and_input_contract","runs/stage08_b05_sosfilt_1681b603eadb/formal/20260809T141501Z_1681b603eadb_stage08_b05_formal_8543f00d/operator_dtype_evidence_sosfilt_not_applicable_20260809T141501Z_1681b603eadb_stage08_b05_formal_8543f00d.csv","20260809T141501Z_1681b603eadb_stage08_b05_formal_8543f00d","sosfilt__sosfilt_int8_10e3__67e7100acfdf7181","sosfilt","INT8",,"actual_typed_sos_x_optional_zi_fp32_extension","3","sos:INT8:[12]:bytes=12:sha256=73ab03f969b081f791245d4439275a64e7389463d7d1d2d68c03c590fc4a1ba7|x:INT8:[1024]:bytes=1024:sha256=f27a7b1d1a452fa93ce2347e01e842a505c67f24d184e5d6392c6a215a958d87|zi:INT8:[128]:bytes=128:sha256=7eb24a18990ee4c958c89773da6cc9fbc5c278357762d02ec6ab947eb28726ff",,,,"67e7100acfdf7181ba2b4efe09fd9c06f43792f31c9e09afb9b5b3174944919b","FP32",,"not_applicable","FP32",,,,,,,,"PASS","OK"
"stage08","stage08_b05_sosfilt_1681b603eadb","formal","dtype_and_input_contract","runs/stage08_b05_sosfilt_1681b603eadb/formal/20260809T141502Z_1681b603eadb_stage08_b05_formal_8543f00e/operator_dtype_evidence_sosfilt_not_applicable_20260809T141502Z_1681b603eadb_stage08_b05_formal_8543f00e.csv","20260809T141502Z_1681b603eadb_stage08_b05_formal_8543f00e","sosfilt__sosfilt_int8_10e4__eec7914f7081608a","sosfilt","INT8",,"actual_typed_sos_x_optional_zi_fp32_extension","3","sos:INT8:[24]:bytes=24:sha256=5c4055186c04bdfd91ba0fd8d81fd911dee9015e41fa0501aeba212d87f34cce|x:INT8:[10000]:bytes=10000:sha256=347e082582c2662b488c667ca333a2e5d04d2a83269b44115fe2513309a4ee0e|zi:INT8:[800]:bytes=800:sha256=776f41a5335f221d6e406c678069b49c6c603742cadf34f3af78d9dbaa917942",,,,"eec7914f7081608aa39607386d78d46ea9139a690d077943fe0b7f9cfc9c1092","FP32",,"not_applicable","FP32",,,,,,,,"PASS","OK"
"stage08","stage08_b05_sosfilt_b12500640dda","smoke","dtype_and_input_contract","runs/stage08_b05_sosfilt_b12500640dda/smoke/20260809T141500Z_b12500640dda_stage08_b05_smoke_85400001/operator_dtype_evidence_sosfilt_not_applicable_20260809T141500Z_b12500640dda_stage08_b05_smoke_85400001.csv","20260809T141500Z_b12500640dda_stage08_b05_smoke_85400001","sosfilt__sosfilt_fp16_10e2__68f94d88f9836102","sosfilt","FP16",,"actual_typed_sos_x_optional_zi_fp32_extension","2","sos:FP16:[6]:bytes=12:sha256=acd36c61413fc498ed19a1022923a13185b022ded454eb03704804c1347e9a0f|x:FP16:[100]:bytes=200:sha256=eae5a2365d2027b637fc571ce3433a017e8ef196c6a7845500260dccd0ae7afe",,,,"68f94d88f98361021cd76fb74eef66b114ff58843c73dcf38a9a3df5f9d150a9","FP32",,"not_applicable","FP32",,,,,,,,"PASS","OK"
"stage08","stage08_b05_wiener_c7605a98cd9f","smoke","dtype_and_input_contract","runs/stage08_b05_wiener_c7605a98cd9f/smoke/20260809T150000Z_c7605a98cd9f_stage08_b05_smoke_85500001/operator_dtype_evidence_wiener_not_applicable_20260809T150000Z_c7605a98cd9f_stage08_b05_smoke_85500001.csv","20260809T150000Z_c7605a98cd9f_stage08_b05_smoke_85500001","wiener__wiener_fp16_10e2__20e7fcbcdb2e56df","wiener","FP16",,"actual_typed_x_fp32_nd_stats_host_fp64_extension","1","x:FP16:[100]:bytes=200:sha256=c4008a151a915c52a6bcac444967dd9c0c608d6cd57fc81a3140acf133bd0451",,,,"20e7fcbcdb2e56dfef42904368de0f8692a68d7fca06a4b86dc7d65b9c6cae1f","FP32",,"not_applicable","FP64",,,,,,,,"PASS","OK"
"stage08","stage08_b05_wiener_fd04f1143cb8","formal","dtype_and_input_contract","runs/stage08_b05_wiener_fd04f1143cb8/formal/20260809T143013Z_fd04f1143cb8_stage08_b05_formal_8553f000/operator_dtype_evidence_wiener_not_applicable_20260809T143013Z_fd04f1143cb8_stage08_b05_formal_8553f000.csv","20260809T143013Z_fd04f1143cb8_stage08_b05_formal_8553f000","wiener__wiener_fp32_10e2__ecdd20ca1f0ece1f","wiener","FP32",,"actual_typed_x_fp32_nd_stats_host_fp64_extension","1","x:FP32:[100]:bytes=400:sha256=8d7b826b3715bbc86d367997ef25ef1555d5e5aeb8915b5ae7615dcc7de60440",,,,"ecdd20ca1f0ece1f802079a01940823b80fcc8696984c099dc6a769d7a89c666","FP32",,"not_applicable","FP64",,,,,,,,"PASS","OK"
"stage08","stage08_b05_wiener_fd04f1143cb8","formal","dtype_and_input_contract","runs/stage08_b05_wiener_fd04f1143cb8/formal/20260809T143013Z_fd04f1143cb8_stage08_b05_formal_8553f001/operator_dtype_evidence_wiener_not_applicable_20260809T143013Z_fd04f1143cb8_stage08_b05_formal_8553f001.csv","20260809T143013Z_fd04f1143cb8_stage08_b05_formal_8553f001","wiener__wiener_fp32_10e3__7decc8604a724956","wiener","FP32",,"actual_typed_x_fp32_nd_stats_host_fp64_extension","1","x:FP32:[1024]:bytes=4096:sha256=b4256a1a4473bab66339f94d908b52bbdf83a6dc852a770440b3c58b6cdfa818",,,,"7decc8604a72495664b71252a7e8678abf07ce1727e65871cd5804154c67cc5e","FP32",,"not_applicable","FP64",,,,,,,,"PASS","OK"
"stage08","stage08_b05_wiener_fd04f1143cb8","formal","dtype_and_input_contract","runs/stage08_b05_wiener_fd04f1143cb8/formal/20260809T143013Z_fd04f1143cb8_stage08_b05_formal_8553f002/operator_dtype_evidence_wiener_not_applicable_20260809T143013Z_fd04f1143cb8_stage08_b05_formal_8553f002.csv","20260809T143013Z_fd04f1143cb8_stage08_b05_formal_8553f002","wiener__wiener_fp32_10e4__8ef832568ac2a9fa","wiener","FP32",,"actual_typed_x_fp32_nd_stats_host_fp64_extension","1","x:FP32:[10000]:bytes=40000:sha256=83f36cf3f9047caf38354df4faf35fce2ee472c18d6dc63a3161cab7dd73fd44",,,,"8ef832568ac2a9fad65c6ccf4bf0a1feafd92ca9be1be845aa308608750e1684","FP32",,"not_applicable","FP64",,,,,,,,"PASS","OK"
"stage08","stage08_b05_wiener_fd04f1143cb8","formal","dtype_and_input_contract","runs/stage08_b05_wiener_fd04f1143cb8/formal/20260809T143015Z_fd04f1143cb8_stage08_b05_formal_8553f003/operator_dtype_evidence_wiener_not_applicable_20260809T143015Z_fd04f1143cb8_stage08_b05_formal_8553f003.csv","20260809T143015Z_fd04f1143cb8_stage08_b05_formal_8553f003","wiener__wiener_fp16_10e2__20e7fcbcdb2e56df","wiener","FP16",,"actual_typed_x_fp32_nd_stats_host_fp64_extension","1","x:FP16:[100]:bytes=200:sha256=c4008a151a915c52a6bcac444967dd9c0c608d6cd57fc81a3140acf133bd0451",,,,"20e7fcbcdb2e56dfef42904368de0f8692a68d7fca06a4b86dc7d65b9c6cae1f","FP32",,"not_applicable","FP64",,,,,,,,"PASS","OK"
"stage08","stage08_b05_wiener_fd04f1143cb8","formal","dtype_and_input_contract","runs/stage08_b05_wiener_fd04f1143cb8/formal/20260809T143015Z_fd04f1143cb8_stage08_b05_formal_8553f004/operator_dtype_evidence_wiener_not_applicable_20260809T143015Z_fd04f1143cb8_stage08_b05_formal_8553f004.csv","20260809T143015Z_fd04f1143cb8_stage08_b05_formal_8553f004","wiener__wiener_fp16_10e3__a45c4da5c06b491a","wiener","FP16",,"actual_typed_x_fp32_nd_stats_host_fp64_extension","1","x:FP16:[1024]:bytes=2048:sha256=5d80e3a543e6324670e0d4136c216dddc4fffa171d00ef9ebfd373b27d1bba64",,,,"a45c4da5c06b491aa277abd8fc4e182d6c84d7b4d1976bca9206ecbd7f5d4efb","FP32",,"not_applicable","FP64",,,,,,,,"PASS","OK"
"stage08","stage08_b05_wiener_fd04f1143cb8","formal","dtype_and_input_contract","runs/stage08_b05_wiener_fd04f1143cb8/formal/20260809T143016Z_fd04f1143cb8_stage08_b05_formal_8553f005/operator_dtype_evidence_wiener_not_applicable_20260809T143016Z_fd04f1143cb8_stage08_b05_formal_8553f005.csv","20260809T143016Z_fd04f1143cb8_stage08_b05_formal_8553f005","wiener__wiener_fp16_10e4__1aa6e6c4ed8a7dfc","wiener","FP16",,"actual_typed_x_fp32_nd_stats_host_fp64_extension","1","x:FP16:[10000]:bytes=20000:sha256=3239de5e0340d97b3b144561b987a4ec03fc5d31ad839445ce5dc3defd1cc585",,,,"1aa6e6c4ed8a7dfcb41360220d823a8425c0e55a4993345d8bc0ae1dd3a82106","FP32",,"not_applicable","FP64",,,,,,,,"PASS","OK"
"stage08","stage08_b05_wiener_fd04f1143cb8","formal","dtype_and_input_contract","runs/stage08_b05_wiener_fd04f1143cb8/formal/20260809T143019Z_fd04f1143cb8_stage08_b05_formal_8553f006/operator_dtype_evidence_wiener_not_applicable_20260809T143019Z_fd04f1143cb8_stage08_b05_formal_8553f006.csv","20260809T143019Z_fd04f1143cb8_stage08_b05_formal_8553f006","wiener__wiener_int32_10e2__8c0eebc38fdfa87a","wiener","INT32",,"actual_typed_x_fp32_nd_stats_host_fp64_extension","1","x:INT32:[100]:bytes=400:sha256=929208ab754a8c81c1d083b6a915c96197cd138f0a33c4037f0436066f242716",,,,"8c0eebc38fdfa87acfb91be202056674e18a44bfa1880541d0e8910ab1ad7722","FP32",,"not_applicable","FP64",,,,,,,,"PASS","OK"
"stage08","stage08_b05_wiener_fd04f1143cb8","formal","dtype_and_input_contract","runs/stage08_b05_wiener_fd04f1143cb8/formal/20260809T143019Z_fd04f1143cb8_stage08_b05_formal_8553f007/operator_dtype_evidence_wiener_not_applicable_20260809T143019Z_fd04f1143cb8_stage08_b05_formal_8553f007.csv","20260809T143019Z_fd04f1143cb8_stage08_b05_formal_8553f007","wiener__wiener_int32_10e3__5a0b6a360080101b","wiener","INT32",,"actual_typed_x_fp32_nd_stats_host_fp64_extension","1","x:INT32:[1024]:bytes=4096:sha256=9f678f6e3b0fcc1ec43f7800d4c07fe76b1ec7246b6c8083cc86e006b64bbea9",,,,"5a0b6a360080101babee0e4d7b15ac334ec8a07e64f47fc86cc02fdec2f309eb","FP32",,"not_applicable","FP64",,,,,,,,"PASS","OK"
"stage08","stage08_b05_wiener_fd04f1143cb8","formal","dtype_and_input_contract","runs/stage08_b05_wiener_fd04f1143cb8/formal/20260809T143020Z_fd04f1143cb8_stage08_b05_formal_8553f008/operator_dtype_evidence_wiener_not_applicable_20260809T143020Z_fd04f1143cb8_stage08_b05_formal_8553f008.csv","20260809T143020Z_fd04f1143cb8_stage08_b05_formal_8553f008","wiener__wiener_int32_10e4__29351843fa09576b","wiener","INT32",,"actual_typed_x_fp32_nd_stats_host_fp64_extension","1","x:INT32:[10000]:bytes=40000:sha256=be181ef2d8b7c628a131a93ea6325c2aa396c77e470c6425a8a652b638169297",,,,"29351843fa09576b795221bf9b1cd787a52ca68b6adc750771c5c67ca5704616","FP32",,"not_applicable","FP64",,,,,,,,"PASS","OK"
"stage08","stage08_b05_wiener_fd04f1143cb8","formal","dtype_and_input_contract","runs/stage08_b05_wiener_fd04f1143cb8/formal/20260809T143021Z_fd04f1143cb8_stage08_b05_formal_8553f009/operator_dtype_evidence_wiener_not_applicable_20260809T143021Z_fd04f1143cb8_stage08_b05_formal_8553f009.csv","20260809T143021Z_fd04f1143cb8_stage08_b05_formal_8553f009","wiener__wiener_int16_10e2__259232e05c4c8d1b","wiener","INT16",,"actual_typed_x_fp32_nd_stats_host_fp64_extension","1","x:INT16:[100]:bytes=200:sha256=52cb10f471b67af540c51aba1098b23bad2aab9bd363e22b14a441e5fe6cdecc",,,,"259232e05c4c8d1b9d3a89de7bc60eaa4698e90e50eed047247a791b98744da3","FP32",,"not_applicable","FP64",,,,,,,,"PASS","OK"
"stage08","stage08_b05_wiener_fd04f1143cb8","formal","dtype_and_input_contract","runs/stage08_b05_wiener_fd04f1143cb8/formal/20260809T143022Z_fd04f1143cb8_stage08_b05_formal_8553f00a/operator_dtype_evidence_wiener_not_applicable_20260809T143022Z_fd04f1143cb8_stage08_b05_formal_8553f00a.csv","20260809T143022Z_fd04f1143cb8_stage08_b05_formal_8553f00a","wiener__wiener_int16_10e3__5a0f88444d8cba70","wiener","INT16",,"actual_typed_x_fp32_nd_stats_host_fp64_extension","1","x:INT16:[1024]:bytes=2048:sha256=87e6a8b9741a38d9c8945c3916360f3df24687245e1ff794074a226f7c3ab24a",,,,"5a0f88444d8cba700855ceaa9d6fd07cdeeeb32de0290d0fb8bd5f2c1ed9be08","FP32",,"not_applicable","FP64",,,,,,,,"PASS","OK"
"stage08","stage08_b05_wiener_fd04f1143cb8","formal","dtype_and_input_contract","runs/stage08_b05_wiener_fd04f1143cb8/formal/20260809T143022Z_fd04f1143cb8_stage08_b05_formal_8553f00b/operator_dtype_evidence_wiener_not_applicable_20260809T143022Z_fd04f1143cb8_stage08_b05_formal_8553f00b.csv","20260809T143022Z_fd04f1143cb8_stage08_b05_formal_8553f00b","wiener__wiener_int16_10e4__b4f37130b0dec3f8","wiener","INT16",,"actual_typed_x_fp32_nd_stats_host_fp64_extension","1","x:INT16:[10000]:bytes=20000:sha256=801d9876c44d031d9608b1578d0031e1e8577a12fd818b412d466a780489acf8",,,,"b4f37130b0dec3f8630883f9bec422cc00d16629a6cc6c9547d8bd08c0c13f74","FP32",,"not_applicable","FP64",,,,,,,,"PASS","OK"
"stage08","stage08_b05_wiener_fd04f1143cb8","formal","dtype_and_input_contract","runs/stage08_b05_wiener_fd04f1143cb8/formal/20260809T143024Z_fd04f1143cb8_stage08_b05_formal_8553f00c/operator_dtype_evidence_wiener_not_applicable_20260809T143024Z_fd04f1143cb8_stage08_b05_formal_8553f00c.csv","20260809T143024Z_fd04f1143cb8_stage08_b05_formal_8553f00c","wiener__wiener_int8_10e2__f11b8c4dd6b1c567","wiener","INT8",,"actual_typed_x_fp32_nd_stats_host_fp64_extension","1","x:INT8:[100]:bytes=100:sha256=6c9a30884571d8548a6d3aa0af2b60dc3d209096ffa4db8a351126e67e094ad7",,,,"f11b8c4dd6b1c567cd1fe61747bd2fa82147797c6c71de39989c153fd6a146d0","FP32",,"not_applicable","FP64",,,,,,,,"PASS","OK"
"stage08","stage08_b05_wiener_fd04f1143cb8","formal","dtype_and_input_contract","runs/stage08_b05_wiener_fd04f1143cb8/formal/20260809T143024Z_fd04f1143cb8_stage08_b05_formal_8553f00d/operator_dtype_evidence_wiener_not_applicable_20260809T143024Z_fd04f1143cb8_stage08_b05_formal_8553f00d.csv","20260809T143024Z_fd04f1143cb8_stage08_b05_formal_8553f00d","wiener__wiener_int8_10e3__dbfab9bfdf648d15","wiener","INT8",,"actual_typed_x_fp32_nd_stats_host_fp64_extension","1","x:INT8:[1024]:bytes=1024:sha256=62806e26aaaf940cd63037be4bd5fda4a5950cd2d117dc4720d7b6da3ff80ffa",,,,"dbfab9bfdf648d15532c4197b389b42830a8d553892ce3534a22b9d6c638348b","FP32",,"not_applicable","FP64",,,,,,,,"PASS","OK"
"stage08","stage08_b05_wiener_fd04f1143cb8","formal","dtype_and_input_contract","runs/stage08_b05_wiener_fd04f1143cb8/formal/20260809T143024Z_fd04f1143cb8_stage08_b05_formal_8553f00e/operator_dtype_evidence_wiener_not_applicable_20260809T143024Z_fd04f1143cb8_stage08_b05_formal_8553f00e.csv","20260809T143024Z_fd04f1143cb8_stage08_b05_formal_8553f00e","wiener__wiener_int8_10e4__6c8afb5b7ed48a35","wiener","INT8",,"actual_typed_x_fp32_nd_stats_host_fp64_extension","1","x:INT8:[10000]:bytes=10000:sha256=95344f4a4206fc4c03fd94d2f7e2245bf558e140f8c6c185af4914fa42b5034a",,,,"6c8afb5b7ed48a352fd15704d74345c5b0096d95dfac03bb9b88be62c45c41c4","FP32",,"not_applicable","FP64",,,,,,,,"PASS","OK"
"stage08","stage08_b06_csd_336d860e7e54","formal","dtype_and_input_contract","runs/stage08_b06_csd_336d860e7e54/formal/20260809T145706Z_336d860e7e54_stage08_b06_formal_8613f000/operator_dtype_evidence_csd_fft_thrust_20260809T145706Z_336d860e7e54_stage08_b06_formal_8613f000.csv","20260809T145706Z_336d860e7e54_stage08_b06_formal_8613f000","csd__csd_fp32_10e2__8c8047476c5edcef","csd","FP32",,"actual_typed_x_y_complex_fp32_fft_extension","2","x:FP32:[100]:bytes=400:sha256=adbd8c7b65d24918493e266f38f5dbc38cf21986dad56a8ca7fa61c70f8a4a47|y:FP32:[80]:bytes=320:sha256=9853d3e62caf275ca91e1c4e66b9c55c5e247406d1eb5d25963e97bea15f94e9",,,,"8c8047476c5edcef6fe9b519a0781d031a81d7f6b739432ddfdfbd845c1c4e81","ComplexFP32",,"ComplexFP32","ComplexFP32",,,,,,,,"PASS","OK"
"stage08","stage08_b06_csd_336d860e7e54","formal","dtype_and_input_contract","runs/stage08_b06_csd_336d860e7e54/formal/20260809T145706Z_336d860e7e54_stage08_b06_formal_8613f001/operator_dtype_evidence_csd_fft_thrust_20260809T145706Z_336d860e7e54_stage08_b06_formal_8613f001.csv","20260809T145706Z_336d860e7e54_stage08_b06_formal_8613f001","csd__csd_fp32_10e3__81526be876602b6e","csd","FP32",,"actual_typed_x_y_complex_fp32_fft_extension","2","x:FP32:[1024]:bytes=4096:sha256=18c0f2041dd06df5263368f6830de210f0472222741b3cbe23568279e3be6806|y:FP32:[900]:bytes=3600:sha256=38a324a1c2e14145da067f909efad2a816faeb7ce2985f2834748154c89063a0",,,,"81526be876602b6ee4e0b8117e3c374cdb824ba6f1aa28127aa51e64c47de97b","ComplexFP32",,"ComplexFP32","ComplexFP32",,,,,,,,"PASS","OK"
"stage08","stage08_b06_csd_336d860e7e54","formal","dtype_and_input_contract","runs/stage08_b06_csd_336d860e7e54/formal/20260809T145707Z_336d860e7e54_stage08_b06_formal_8613f002/operator_dtype_evidence_csd_fft_thrust_20260809T145707Z_336d860e7e54_stage08_b06_formal_8613f002.csv","20260809T145707Z_336d860e7e54_stage08_b06_formal_8613f002","csd__csd_fp32_10e4__52eb514824cdaac3","csd","FP32",,"actual_typed_x_y_complex_fp32_fft_extension","2","x:FP32:[10000]:bytes=40000:sha256=4537ff7046aaa9b58da630ef0f9e19bcfa5bc0a9e67c8fb905091b4f631f1f0e|y:FP32:[9000]:bytes=36000:sha256=b26735c1fc585a8795da23771f0456d40043ed6c917f469394301fa78b17d619",,,,"52eb514824cdaac33e241a39c9dc8df059e9e58de3e0815bb2575e4cd72d23f9","ComplexFP32",,"ComplexFP32","ComplexFP32",,,,,,,,"PASS","OK"
"stage08","stage08_b06_csd_336d860e7e54","formal","dtype_and_input_contract","runs/stage08_b06_csd_336d860e7e54/formal/20260809T145720Z_336d860e7e54_stage08_b06_formal_8613f003/operator_dtype_evidence_csd_fft_thrust_20260809T145720Z_336d860e7e54_stage08_b06_formal_8613f003.csv","20260809T145720Z_336d860e7e54_stage08_b06_formal_8613f003","csd__csd_fp16_10e2__b6c27e040f696c46","csd","FP16",,"actual_typed_x_y_complex_fp32_fft_extension","2","x:FP16:[100]:bytes=200:sha256=7a700fde9eac27a93867f272c05f65a34bca9007834f922b6ffdb49185bcf4ae|y:FP16:[80]:bytes=160:sha256=a431755fc0867171f37738033192a92783708771c7835be39471626fae5825c6",,,,"b6c27e040f696c469f9cdb46a5c7bb842110fc9887bddc90119bf731e080cde4","ComplexFP32",,"ComplexFP32","ComplexFP32",,,,,,,,"PASS","OK"
"stage08","stage08_b06_csd_336d860e7e54","formal","dtype_and_input_contract","runs/stage08_b06_csd_336d860e7e54/formal/20260809T145720Z_336d860e7e54_stage08_b06_formal_8613f004/operator_dtype_evidence_csd_fft_thrust_20260809T145720Z_336d860e7e54_stage08_b06_formal_8613f004.csv","20260809T145720Z_336d860e7e54_stage08_b06_formal_8613f004","csd__csd_fp16_10e3__83938359ef4b779a","csd","FP16",,"actual_typed_x_y_complex_fp32_fft_extension","2","x:FP16:[1024]:bytes=2048:sha256=a6e2d53748e7d7618a72af5fc1226c986edf2ff9d83e4cf41176ee3a6999fa3e|y:FP16:[900]:bytes=1800:sha256=8fedf15b4aae16270aff2d17ea5f7aa07c079eeeaa1e004d57e52866521da906",,,,"83938359ef4b779a7163cc35f10c88ec5d5a256d26976bbb9b6ce9fed25bd4f3","ComplexFP32",,"ComplexFP32","ComplexFP32",,,,,,,,"PASS","OK"
"stage08","stage08_b06_csd_336d860e7e54","formal","dtype_and_input_contract","runs/stage08_b06_csd_336d860e7e54/formal/20260809T145721Z_336d860e7e54_stage08_b06_formal_8613f005/operator_dtype_evidence_csd_fft_thrust_20260809T145721Z_336d860e7e54_stage08_b06_formal_8613f005.csv","20260809T145721Z_336d860e7e54_stage08_b06_formal_8613f005","csd__csd_fp16_10e4__57efefbc2eaa3501","csd","FP16",,"actual_typed_x_y_complex_fp32_fft_extension","2","x:FP16:[10000]:bytes=20000:sha256=9caab980e19547252cbe7f3f7c895e48588a36eb48c8d8b419fe7d803b459497|y:FP16:[9000]:bytes=18000:sha256=5ef4655453d91176b5eda93740169c2bd052a3e345431f72acfdc3a25eaf7c49",,,,"57efefbc2eaa350146575fe9f90d8de9a28d28e6a5892e9e5c44f701c72792e1","ComplexFP32",,"ComplexFP32","ComplexFP32",,,,,,,,"PASS","OK"
"stage08","stage08_b06_csd_336d860e7e54","formal","dtype_and_input_contract","runs/stage08_b06_csd_336d860e7e54/formal/20260809T145746Z_336d860e7e54_stage08_b06_formal_8613f006/operator_dtype_evidence_csd_fft_thrust_20260809T145746Z_336d860e7e54_stage08_b06_formal_8613f006.csv","20260809T145746Z_336d860e7e54_stage08_b06_formal_8613f006","csd__csd_int32_10e2__537c6a319e4cec32","csd","INT32",,"actual_typed_x_y_complex_fp32_fft_extension","2","x:INT32:[100]:bytes=400:sha256=b1b73aa3db3b6e0e66782e5ab667cafbaea6f80a11b81949e1ea151df98c2bf4|y:INT32:[80]:bytes=320:sha256=5347b1b3d0f560ca2d5284f03384b785f438870f474640952e991c62d3e6755b",,,,"537c6a319e4cec3262fa640630867d1c1d1c1acd292da9c1a5fc791590f79185","ComplexFP32",,"ComplexFP32","ComplexFP64",,,,,,,,"PASS","OK"
"stage08","stage08_b06_csd_336d860e7e54","formal","dtype_and_input_contract","runs/stage08_b06_csd_336d860e7e54/formal/20260809T145746Z_336d860e7e54_stage08_b06_formal_8613f007/operator_dtype_evidence_csd_fft_thrust_20260809T145746Z_336d860e7e54_stage08_b06_formal_8613f007.csv","20260809T145746Z_336d860e7e54_stage08_b06_formal_8613f007","csd__csd_int32_10e3__949c53a791fcb2b7","csd","INT32",,"actual_typed_x_y_complex_fp32_fft_extension","2","x:INT32:[1024]:bytes=4096:sha256=3d0f08c82f112d7bfc73445cdb7ea823fc173d3c5f2b01aa58467bbbbb976f0c|y:INT32:[900]:bytes=3600:sha256=56729a853479fdb5a61a2610bcae658875b5d1ad30c0acfb5d836d68f118f7fb",,,,"949c53a791fcb2b7f666bd4e6cfb012497f45be38d95a40af59602e8cb55e1ea","ComplexFP32",,"ComplexFP32","ComplexFP64",,,,,,,,"PASS","OK"
"stage08","stage08_b06_csd_336d860e7e54","formal","dtype_and_input_contract","runs/stage08_b06_csd_336d860e7e54/formal/20260809T145747Z_336d860e7e54_stage08_b06_formal_8613f008/operator_dtype_evidence_csd_fft_thrust_20260809T145747Z_336d860e7e54_stage08_b06_formal_8613f008.csv","20260809T145747Z_336d860e7e54_stage08_b06_formal_8613f008","csd__csd_int32_10e4__b4b58089823a159a","csd","INT32",,"actual_typed_x_y_complex_fp32_fft_extension","2","x:INT32:[10000]:bytes=40000:sha256=737227b7116fefc8a31be1788deb70b26af284017e7c4194d0d8ad76088071d4|y:INT32:[9000]:bytes=36000:sha256=e46523c8e2e7d519a1dce541f12e2272a00aff35845a0952835f9e93a126db1f",,,,"b4b58089823a159a3f836e3dcfc11689d0ade710cd44a0546f9fa8173463f4ff","ComplexFP32",,"ComplexFP32","ComplexFP64",,,,,,,,"PASS","OK"
"stage08","stage08_b06_csd_336d860e7e54","formal","dtype_and_input_contract","runs/stage08_b06_csd_336d860e7e54/formal/20260809T145800Z_336d860e7e54_stage08_b06_formal_8613f009/operator_dtype_evidence_csd_fft_thrust_20260809T145800Z_336d860e7e54_stage08_b06_formal_8613f009.csv","20260809T145800Z_336d860e7e54_stage08_b06_formal_8613f009","csd__csd_int16_10e2__0fa03d440992390f","csd","INT16",,"actual_typed_x_y_complex_fp32_fft_extension","2","x:INT16:[100]:bytes=200:sha256=37deb868f91fc9344131464b9a22bc6985b0c89ade5cbdf41e99784628da587e|y:INT16:[80]:bytes=160:sha256=b606a97c9161a47997f9bd60c1d968bd97b88a79ce0964dcbd5f2790b5ca528b",,,,"0fa03d440992390f8002c07d0ca021d6fba9521758f032af47fb1f5928c3d7aa","ComplexFP32",,"ComplexFP32","ComplexFP32",,,,,,,,"PASS","OK"
"stage08","stage08_b06_csd_336d860e7e54","formal","dtype_and_input_contract","runs/stage08_b06_csd_336d860e7e54/formal/20260809T145800Z_336d860e7e54_stage08_b06_formal_8613f00a/operator_dtype_evidence_csd_fft_thrust_20260809T145800Z_336d860e7e54_stage08_b06_formal_8613f00a.csv","20260809T145800Z_336d860e7e54_stage08_b06_formal_8613f00a","csd__csd_int16_10e3__9f465f616190af66","csd","INT16",,"actual_typed_x_y_complex_fp32_fft_extension","2","x:INT16:[1024]:bytes=2048:sha256=3633839bc7ca1fca11e7991a33fb480c7a187761b58ef49f0596401f85e2c34a|y:INT16:[900]:bytes=1800:sha256=d413cb95860d087c41fd9f873770d7296f49c3e6a38f29419037cbcb1dc93c02",,,,"9f465f616190af66ae87ee0a734c3f87a9e1977df33d08bdc08215550cb85030","ComplexFP32",,"ComplexFP32","ComplexFP32",,,,,,,,"PASS","OK"
"stage08","stage08_b06_csd_336d860e7e54","formal","dtype_and_input_contract","runs/stage08_b06_csd_336d860e7e54/formal/20260809T145801Z_336d860e7e54_stage08_b06_formal_8613f00b/operator_dtype_evidence_csd_fft_thrust_20260809T145801Z_336d860e7e54_stage08_b06_formal_8613f00b.csv","20260809T145801Z_336d860e7e54_stage08_b06_formal_8613f00b","csd__csd_int16_10e4__cea84ec1e33c8b31","csd","INT16",,"actual_typed_x_y_complex_fp32_fft_extension","2","x:INT16:[10000]:bytes=20000:sha256=8921bfc1c78af1fa79d9ae117adabfd00a28497aebecd0ea5d486245b7ebd5b0|y:INT16:[9000]:bytes=18000:sha256=ac20ed33c94b5c4b974b8b3e2f039f1d77b7cded738a4d1140896f985ecf2718",,,,"cea84ec1e33c8b312c55212150a9e5ffd6e6810fd34e0d03605d541ce0ad96fc","ComplexFP32",,"ComplexFP32","ComplexFP32",,,,,,,,"PASS","OK"
"stage08","stage08_b06_csd_336d860e7e54","formal","dtype_and_input_contract","runs/stage08_b06_csd_336d860e7e54/formal/20260809T145814Z_336d860e7e54_stage08_b06_formal_8613f00c/operator_dtype_evidence_csd_fft_thrust_20260809T145814Z_336d860e7e54_stage08_b06_formal_8613f00c.csv","20260809T145814Z_336d860e7e54_stage08_b06_formal_8613f00c","csd__csd_int8_10e2__af1a049b8f66cb44","csd","INT8",,"actual_typed_x_y_complex_fp32_fft_extension","2","x:INT8:[100]:bytes=100:sha256=d41ad549571e161e84020878ddd945cbccf38ac475f973b6527f9e2dfa689023|y:INT8:[80]:bytes=80:sha256=e195a193d87ef25c3c4565426dcf92df375bdbe34edbfd20b6515fbb70830554",,,,"af1a049b8f66cb4472e0842703c3a763d869ce8661d79d3140931dbf8c49a862","ComplexFP32",,"ComplexFP32","ComplexFP32",,,,,,,,"PASS","OK"
"stage08","stage08_b06_csd_336d860e7e54","formal","dtype_and_input_contract","runs/stage08_b06_csd_336d860e7e54/formal/20260809T145814Z_336d860e7e54_stage08_b06_formal_8613f00d/operator_dtype_evidence_csd_fft_thrust_20260809T145814Z_336d860e7e54_stage08_b06_formal_8613f00d.csv","20260809T145814Z_336d860e7e54_stage08_b06_formal_8613f00d","csd__csd_int8_10e3__810d0f19e5c0a917","csd","INT8",,"actual_typed_x_y_complex_fp32_fft_extension","2","x:INT8:[1024]:bytes=1024:sha256=09b2d53895a8885b78b8f5b5eaecdbe9f4613e439408c93d3e98047bcc7d48d0|y:INT8:[900]:bytes=900:sha256=36a85d85c3f9c052a53ac78680eed549e7ac53b7ec651d85f3f7e2e2ce920266",,,,"810d0f19e5c0a91777f8763f3a857adf642a712d362b5b48a925231b67764b97","ComplexFP32",,"ComplexFP32","ComplexFP32",,,,,,,,"PASS","OK"
"stage08","stage08_b06_csd_336d860e7e54","formal","dtype_and_input_contract","runs/stage08_b06_csd_336d860e7e54/formal/20260809T145815Z_336d860e7e54_stage08_b06_formal_8613f00e/operator_dtype_evidence_csd_fft_thrust_20260809T145815Z_336d860e7e54_stage08_b06_formal_8613f00e.csv","20260809T145815Z_336d860e7e54_stage08_b06_formal_8613f00e","csd__csd_int8_10e4__840d64cc6bb13dc5","csd","INT8",,"actual_typed_x_y_complex_fp32_fft_extension","2","x:INT8:[10000]:bytes=10000:sha256=1f4f047ee94ad06dbdb55a9c18356785031f8a8e5c89044dfa8a41119229c8ca|y:INT8:[9000]:bytes=9000:sha256=51fe7cdd260b24773052f2fd01eb182403a0e9182fd017a9725f137115da124d",,,,"840d64cc6bb13dc5b6e8722730431e9edf352a91102c36a2ed3b979157f57e45","ComplexFP32",,"ComplexFP32","ComplexFP32",,,,,,,,"PASS","OK"
"stage08","stage08_b06_csd_94da2510d955","smoke","dtype_and_input_contract","runs/stage08_b06_csd_94da2510d955/smoke/20260809T160000Z_94da2510d955_stage08_b06_smoke_86100001/operator_dtype_evidence_csd_fft_thrust_20260809T160000Z_94da2510d955_stage08_b06_smoke_86100001.csv","20260809T160000Z_94da2510d955_stage08_b06_smoke_86100001","csd__csd_fp16_10e2__b6c27e040f696c46","csd","FP16",,"actual_typed_x_y_complex_fp32_fft_extension","2","x:FP16:[100]:bytes=200:sha256=7a700fde9eac27a93867f272c05f65a34bca9007834f922b6ffdb49185bcf4ae|y:FP16:[80]:bytes=160:sha256=a431755fc0867171f37738033192a92783708771c7835be39471626fae5825c6",,,,"b6c27e040f696c469f9cdb46a5c7bb842110fc9887bddc90119bf731e080cde4","ComplexFP32",,"ComplexFP32","ComplexFP32",,,,,,,,"PASS","OK"
"stage08","stage08_b06_istft_365e0a0ca281","formal","dtype_and_input_contract","runs/stage08_b06_istft_365e0a0ca281/formal/20260809T151156Z_365e0a0ca281_stage08_b06_formal_8623f000/operator_dtype_evidence_istft_fft_thrust_20260809T151156Z_365e0a0ca281_stage08_b06_formal_8623f000.csv","20260809T151156Z_365e0a0ca281_stage08_b06_formal_8623f000","istft__istft_fp32_10e2__0e96def854e68ce9","istft","FP32",,"actual_typed_complex_frequency_major_input_fp32_ifft_extension","1","z:ComplexFP32:frequency_major:[9,12]:components=FP32:bytes=864:sha256=a4104390a406563df09ed956630c6362ab1fb9a09ff1755fa348c84fcf788462",,,,"0e96def854e68ce97ef79f7f5bc9b904e29acdd38c3f3bde595a31f1f0533001","ComplexFP32",,"ComplexFP32","FP32",,,,,,,,"PASS","OK"
"stage08","stage08_b06_istft_365e0a0ca281","formal","dtype_and_input_contract","runs/stage08_b06_istft_365e0a0ca281/formal/20260809T151156Z_365e0a0ca281_stage08_b06_formal_8623f001/operator_dtype_evidence_istft_fft_thrust_20260809T151156Z_365e0a0ca281_stage08_b06_formal_8623f001.csv","20260809T151156Z_365e0a0ca281_stage08_b06_formal_8623f001","istft__istft_fp32_10e3__a2cc8ab2ad967f2c","istft","FP32",,"actual_typed_complex_frequency_major_input_fp32_ifft_extension","1","z:ComplexFP32:frequency_major:[32,32]:components=FP32:bytes=8192:sha256=5c36613e8eb19a4cd0b29ec1b7f9ec602e4c4e902d2144c1f19dbf57ed3fde40",,,,"a2cc8ab2ad967f2c560fb400499ec5aedd223c8c953e79b57730271be6ba8333","ComplexFP32",,"ComplexFP32","FP32",,,,,,,,"PASS","OK"
"stage08","stage08_b06_istft_365e0a0ca281","formal","dtype_and_input_contract","runs/stage08_b06_istft_365e0a0ca281/formal/20260809T151157Z_365e0a0ca281_stage08_b06_formal_8623f002/operator_dtype_evidence_istft_fft_thrust_20260809T151157Z_365e0a0ca281_stage08_b06_formal_8623f002.csv","20260809T151157Z_365e0a0ca281_stage08_b06_formal_8623f002","istft__istft_fp32_10e4__010232e9f29fd021","istft","FP32",,"actual_typed_complex_frequency_major_input_fp32_ifft_extension","1","z:ComplexFP32:frequency_major:[33,304]:components=FP32:bytes=80256:sha256=ef78256346fdd56ddffa290c59eba9e6436693cdc6195f9de495caa359489c79",,,,"010232e9f29fd021f9567004a45cfda37e4b149a1195c94c5ca44feed0d97978","ComplexFP32",,"ComplexFP32","FP32",,,,,,,,"PASS","OK"
"stage08","stage08_b06_istft_365e0a0ca281","formal","dtype_and_input_contract","runs/stage08_b06_istft_365e0a0ca281/formal/20260809T151204Z_365e0a0ca281_stage08_b06_formal_8623f003/operator_dtype_evidence_istft_fft_thrust_20260809T151204Z_365e0a0ca281_stage08_b06_formal_8623f003.csv","20260809T151204Z_365e0a0ca281_stage08_b06_formal_8623f003","istft__istft_fp16_10e2__03796151636877f7","istft","FP16",,"actual_typed_complex_frequency_major_input_fp32_ifft_extension","1","z:ComplexFP16:frequency_major:[9,12]:components=FP16:bytes=432:sha256=274c758a5e217a214efbf8c84229198593d18f58a18fb47722d8d4755918cc9c",,,,"03796151636877f718f1c007063e59f02515cee4a7ecc3f08fe95667701cd45b","ComplexFP32",,"ComplexFP32","FP32",,,,,,,,"PASS","OK"
"stage08","stage08_b06_istft_365e0a0ca281","formal","dtype_and_input_contract","runs/stage08_b06_istft_365e0a0ca281/formal/20260809T151204Z_365e0a0ca281_stage08_b06_formal_8623f004/operator_dtype_evidence_istft_fft_thrust_20260809T151204Z_365e0a0ca281_stage08_b06_formal_8623f004.csv","20260809T151204Z_365e0a0ca281_stage08_b06_formal_8623f004","istft__istft_fp16_10e3__a37ba87323455154","istft","FP16",,"actual_typed_complex_frequency_major_input_fp32_ifft_extension","1","z:ComplexFP16:frequency_major:[32,32]:components=FP16:bytes=4096:sha256=cdeedafeec8dac3b6bb5b1fdb678ae2808bc95ade47c9c34d8e63f63c774ca50",,,,"a37ba8732345515463b66387249f5560219ce767498635e10436056c762292c6","ComplexFP32",,"ComplexFP32","FP32",,,,,,,,"PASS","OK"
"stage08","stage08_b06_istft_365e0a0ca281","formal","dtype_and_input_contract","runs/stage08_b06_istft_365e0a0ca281/formal/20260809T151204Z_365e0a0ca281_stage08_b06_formal_8623f005/operator_dtype_evidence_istft_fft_thrust_20260809T151204Z_365e0a0ca281_stage08_b06_formal_8623f005.csv","20260809T151204Z_365e0a0ca281_stage08_b06_formal_8623f005","istft__istft_fp16_10e4__a482c69e4694cd9a","istft","FP16",,"actual_typed_complex_frequency_major_input_fp32_ifft_extension","1","z:ComplexFP16:frequency_major:[33,304]:components=FP16:bytes=40128:sha256=64fae1d514145c10448c5092496b0a8ec2c8c38a314373f5306ca785e606351d",,,,"a482c69e4694cd9a2bf6bbd1a723711ca62733f280a6b047ab6eb9f49d6115c8","ComplexFP32",,"ComplexFP32","FP32",,,,,,,,"PASS","OK"
"stage08","stage08_b06_istft_365e0a0ca281","formal","dtype_and_input_contract","runs/stage08_b06_istft_365e0a0ca281/formal/20260809T151217Z_365e0a0ca281_stage08_b06_formal_8623f006/operator_dtype_evidence_istft_fft_thrust_20260809T151217Z_365e0a0ca281_stage08_b06_formal_8623f006.csv","20260809T151217Z_365e0a0ca281_stage08_b06_formal_8623f006","istft__istft_int32_10e2__7f27c0de7624d5fc","istft","INT32",,"actual_typed_complex_frequency_major_input_fp32_ifft_extension","1","z:ComplexINT32:frequency_major:[9,12]:components=INT32:bytes=864:sha256=4e58d81968b1b0e96e23edfbbd9ac27affa553d2f659ea9b5d64c0dfbb424f67",,,,"7f27c0de7624d5fc01efed5ad73fcc74338e15cca1925c826239a6c2fa9cf762","ComplexFP32",,"ComplexFP32","FP64",,,,,,,,"PASS","OK"
"stage08","stage08_b06_istft_365e0a0ca281","formal","dtype_and_input_contract","runs/stage08_b06_istft_365e0a0ca281/formal/20260809T151217Z_365e0a0ca281_stage08_b06_formal_8623f007/operator_dtype_evidence_istft_fft_thrust_20260809T151217Z_365e0a0ca281_stage08_b06_formal_8623f007.csv","20260809T151217Z_365e0a0ca281_stage08_b06_formal_8623f007","istft__istft_int32_10e3__72a977fa807abdcb","istft","INT32",,"actual_typed_complex_frequency_major_input_fp32_ifft_extension","1","z:ComplexINT32:frequency_major:[32,32]:components=INT32:bytes=8192:sha256=878c3e849a3a533e765a15fe4a12263e276ccc44ae8eaf3bdd660bf50a3a2f8d",,,,"72a977fa807abdcb53ffc68f212adb7ed791a79de0dad1a90e99edc1f64a0d4c","ComplexFP32",,"ComplexFP32","FP64",,,,,,,,"PASS","OK"
"stage08","stage08_b06_istft_365e0a0ca281","formal","dtype_and_input_contract","runs/stage08_b06_istft_365e0a0ca281/formal/20260809T151218Z_365e0a0ca281_stage08_b06_formal_8623f008/operator_dtype_evidence_istft_fft_thrust_20260809T151218Z_365e0a0ca281_stage08_b06_formal_8623f008.csv","20260809T151218Z_365e0a0ca281_stage08_b06_formal_8623f008","istft__istft_int32_10e4__f5a47a13212c4ecb","istft","INT32",,"actual_typed_complex_frequency_major_input_fp32_ifft_extension","1","z:ComplexINT32:frequency_major:[33,304]:components=INT32:bytes=80256:sha256=5dfff17422c4411b665b918323e1fda8bd15144bebcd11e553000486a0da2026",,,,"f5a47a13212c4ecb1079af79ca0fb3b9b273f162b5f022f320846c8ec8f532d1","ComplexFP32",,"ComplexFP32","FP64",,,,,,,,"PASS","OK"
"stage08","stage08_b06_istft_365e0a0ca281","formal","dtype_and_input_contract","runs/stage08_b06_istft_365e0a0ca281/formal/20260809T151224Z_365e0a0ca281_stage08_b06_formal_8623f009/operator_dtype_evidence_istft_fft_thrust_20260809T151224Z_365e0a0ca281_stage08_b06_formal_8623f009.csv","20260809T151224Z_365e0a0ca281_stage08_b06_formal_8623f009","istft__istft_int16_10e2__92c9591b29e6c2e1","istft","INT16",,"actual_typed_complex_frequency_major_input_fp32_ifft_extension","1","z:ComplexINT16:frequency_major:[9,12]:components=INT16:bytes=432:sha256=b4e1827403aeb099915b6dd19747da773df30c75f5ec4fdfa495125cab7ee923",,,,"92c9591b29e6c2e1fc7b72615419c79fae7e1a96dbc02d71fc6d3fee9071a045","ComplexFP32",,"ComplexFP32","FP32",,,,,,,,"PASS","OK"
"stage08","stage08_b06_istft_365e0a0ca281","formal","dtype_and_input_contract","runs/stage08_b06_istft_365e0a0ca281/formal/20260809T151225Z_365e0a0ca281_stage08_b06_formal_8623f00a/operator_dtype_evidence_istft_fft_thrust_20260809T151225Z_365e0a0ca281_stage08_b06_formal_8623f00a.csv","20260809T151225Z_365e0a0ca281_stage08_b06_formal_8623f00a","istft__istft_int16_10e3__9f4c1544ea2449af","istft","INT16",,"actual_typed_complex_frequency_major_input_fp32_ifft_extension","1","z:ComplexINT16:frequency_major:[32,32]:components=INT16:bytes=4096:sha256=3a0d840c7e22ee93eb5148d71234ba904b21b8134d15a41674c41b9a6e78510e",,,,"9f4c1544ea2449af8148b6c3e9eb0bfa8a1c047311ef25f97e07c80afffe54c9","ComplexFP32",,"ComplexFP32","FP32",,,,,,,,"PASS","OK"
"stage08","stage08_b06_istft_365e0a0ca281","formal","dtype_and_input_contract","runs/stage08_b06_istft_365e0a0ca281/formal/20260809T151225Z_365e0a0ca281_stage08_b06_formal_8623f00b/operator_dtype_evidence_istft_fft_thrust_20260809T151225Z_365e0a0ca281_stage08_b06_formal_8623f00b.csv","20260809T151225Z_365e0a0ca281_stage08_b06_formal_8623f00b","istft__istft_int16_10e4__5bfd0b0f584602cf","istft","INT16",,"actual_typed_complex_frequency_major_input_fp32_ifft_extension","1","z:ComplexINT16:frequency_major:[33,304]:components=INT16:bytes=40128:sha256=773827dfc0a0892c79a05c16f76589f377b630457e7f740b2abfd2ad81173492",,,,"5bfd0b0f584602cf0a560cd1c80f9e60c27e91f2180284d1713eee10993b33ad","ComplexFP32",,"ComplexFP32","FP32",,,,,,,,"PASS","OK"
"stage08","stage08_b06_istft_365e0a0ca281","formal","dtype_and_input_contract","runs/stage08_b06_istft_365e0a0ca281/formal/20260809T151232Z_365e0a0ca281_stage08_b06_formal_8623f00c/operator_dtype_evidence_istft_fft_thrust_20260809T151232Z_365e0a0ca281_stage08_b06_formal_8623f00c.csv","20260809T151232Z_365e0a0ca281_stage08_b06_formal_8623f00c","istft__istft_int8_10e2__84966e53d5f3a989","istft","INT8",,"actual_typed_complex_frequency_major_input_fp32_ifft_extension","1","z:ComplexINT8:frequency_major:[9,12]:components=INT8:bytes=216:sha256=a69c881bb3b1d017a28e32785353253e7b64d23677c10d5a18a8453b6f93f424",,,,"84966e53d5f3a98922ee3e8c111e8f7a192a0f3b3b531450ef7df2d074d621f6","ComplexFP32",,"ComplexFP32","FP32",,,,,,,,"PASS","OK"
"stage08","stage08_b06_istft_365e0a0ca281","formal","dtype_and_input_contract","runs/stage08_b06_istft_365e0a0ca281/formal/20260809T151232Z_365e0a0ca281_stage08_b06_formal_8623f00d/operator_dtype_evidence_istft_fft_thrust_20260809T151232Z_365e0a0ca281_stage08_b06_formal_8623f00d.csv","20260809T151232Z_365e0a0ca281_stage08_b06_formal_8623f00d","istft__istft_int8_10e3__f1e7ca597a12f515","istft","INT8",,"actual_typed_complex_frequency_major_input_fp32_ifft_extension","1","z:ComplexINT8:frequency_major:[32,32]:components=INT8:bytes=2048:sha256=703ba76524aa3103d7dfba889ebd67f673e233f26ec67eb5d1870b085b4bf84d",,,,"f1e7ca597a12f515944f063f19dee66b93cef941f6649d514e5e268f82ff8974","ComplexFP32",,"ComplexFP32","FP32",,,,,,,,"PASS","OK"
"stage08","stage08_b06_istft_365e0a0ca281","formal","dtype_and_input_contract","runs/stage08_b06_istft_365e0a0ca281/formal/20260809T151232Z_365e0a0ca281_stage08_b06_formal_8623f00e/operator_dtype_evidence_istft_fft_thrust_20260809T151232Z_365e0a0ca281_stage08_b06_formal_8623f00e.csv","20260809T151232Z_365e0a0ca281_stage08_b06_formal_8623f00e","istft__istft_int8_10e4__604908af666bdb17","istft","INT8",,"actual_typed_complex_frequency_major_input_fp32_ifft_extension","1","z:ComplexINT8:frequency_major:[33,304]:components=INT8:bytes=20064:sha256=8d7f5d8f5e483ea29c93db8ed55d2e65c87268f6ece92b697615130710f44c91",,,,"604908af666bdb174c70c7ed1d12f992f9b4cb76f7ea55ed5e666925f5fcfef4","ComplexFP32",,"ComplexFP32","FP32",,,,,,,,"PASS","OK"
"stage08","stage08_b06_istft_365e0a0ca281","smoke","dtype_and_input_contract","runs/stage08_b06_istft_365e0a0ca281/smoke/20260809T151000Z_365e0a0ca281_stage08_b06_smoke_86200001/operator_dtype_evidence_istft_fft_thrust_20260809T151000Z_365e0a0ca281_stage08_b06_smoke_86200001.csv","20260809T151000Z_365e0a0ca281_stage08_b06_smoke_86200001","istft__istft_fp16_10e2__03796151636877f7","istft","FP16",,"actual_typed_complex_frequency_major_input_fp32_ifft_extension","1","z:ComplexFP16:frequency_major:[9,12]:components=FP16:bytes=432:sha256=274c758a5e217a214efbf8c84229198593d18f58a18fb47722d8d4755918cc9c",,,,"03796151636877f718f1c007063e59f02515cee4a7ecc3f08fe95667701cd45b","ComplexFP32",,"ComplexFP32","FP32",,,,,,,,"PASS","OK"
"stage08","stage08_b06_lombscargle_ab7484afd8df","formal","dtype_and_input_contract","runs/stage08_b06_lombscargle_ab7484afd8df/formal/20260809T153451Z_ab7484afd8df_stage08_b06_formal_8633f000/operator_dtype_evidence_lombscargle_not_applicable_20260809T153451Z_ab7484afd8df_stage08_b06_formal_8633f000.csv","20260809T153451Z_ab7484afd8df_stage08_b06_formal_8633f000","lombscargle__lombscargle_fp32_10e2__f0e3bb2c36a31248","lombscargle","FP32",,"actual_typed_time_value_frequency_fp32_compute_fp64_storage_extension","3","time:FP32:[17]:bytes=68:sha256=ebb5429e1754ec8da1a41e340b1d2bb4a0474230e92b383ebd1523ab894a7b25|value:FP32:[17]:bytes=68:sha256=e84c8ece4366ad57a2f3b63074d91e4922c463fe671b5a336ffca7ef759a3b75|frequency:FP32:[7]:bytes=28:sha256=d6283d4974dc5d694464499e1e50e3564bab93dae7df0a683441e480e8a49309",,,,"f0e3bb2c36a3124859760eefd6b77e7416e1fc60447819ca6b0fd5370b693263","FP32",,"not_applicable","FP64",,,,,,,,"PASS","OK"
"stage08","stage08_b06_lombscargle_ab7484afd8df","formal","dtype_and_input_contract","runs/stage08_b06_lombscargle_ab7484afd8df/formal/20260809T153451Z_ab7484afd8df_stage08_b06_formal_8633f001/operator_dtype_evidence_lombscargle_not_applicable_20260809T153451Z_ab7484afd8df_stage08_b06_formal_8633f001.csv","20260809T153451Z_ab7484afd8df_stage08_b06_formal_8633f001","lombscargle__lombscargle_fp32_10e3__a806ef0b2b44cd6f","lombscargle","FP32",,"actual_typed_time_value_frequency_fp32_compute_fp64_storage_extension","3","time:FP32:[64]:bytes=256:sha256=0ddbad3a7bfc4ab6565789d0bced1fbf44d92d7e28cf8681b7201cc3d4238f8a|value:FP32:[64]:bytes=256:sha256=e92e498db3522e4007ef07295ef45b8e506988597f71ba737d4d9bbf982fe32d|frequency:FP32:[16]:bytes=64:sha256=bc6f119e88b32cd644bd1957aae8e875512a8880c465fb706aac9a8a31c19429",,,,"a806ef0b2b44cd6f74a13010fc819d2fd802106fd5720425947245c6ce894acd","FP32",,"not_applicable","FP64",,,,,,,,"PASS","OK"
"stage08","stage08_b06_lombscargle_ab7484afd8df","formal","dtype_and_input_contract","runs/stage08_b06_lombscargle_ab7484afd8df/formal/20260809T153451Z_ab7484afd8df_stage08_b06_formal_8633f002/operator_dtype_evidence_lombscargle_not_applicable_20260809T153451Z_ab7484afd8df_stage08_b06_formal_8633f002.csv","20260809T153451Z_ab7484afd8df_stage08_b06_formal_8633f002","lombscargle__lombscargle_fp32_10e4__f580f90c40df8923","lombscargle","FP32",,"actual_typed_time_value_frequency_fp32_compute_fp64_storage_extension","3","time:FP32:[257]:bytes=1028:sha256=b36a94fcb6e3ec702ff6aa0ecfbcdb2cb8b4d369cb5c15dda39d7376eece225f|value:FP32:[257]:bytes=1028:sha256=699da4c70175dcbee367d8e9c2f4aa2ebd61a6e822e2be55b903f0ccf21d7aec|frequency:FP32:[40]:bytes=160:sha256=24d23ee20f06648b93d9f493536c82fa71426dd19d0b336f902e988c991ea8b1",,,,"f580f90c40df892321258cf67afafa91aaf4eae2914cf2d44f7910cfd9967334","FP32",,"not_applicable","FP64",,,,,,,,"PASS","OK"
"stage08","stage08_b06_lombscargle_ab7484afd8df","formal","dtype_and_input_contract","runs/stage08_b06_lombscargle_ab7484afd8df/formal/20260809T153451Z_ab7484afd8df_stage08_b06_formal_8633f003/operator_dtype_evidence_lombscargle_not_applicable_20260809T153451Z_ab7484afd8df_stage08_b06_formal_8633f003.csv","20260809T153451Z_ab7484afd8df_stage08_b06_formal_8633f003","lombscargle__lombscargle_fp16_10e2__a050bba77e9a10b7","lombscargle","FP16",,"actual_typed_time_value_frequency_fp32_compute_fp64_storage_extension","3","time:FP16:[17]:bytes=34:sha256=be9223824537627d121111011cda769a8a27665d4dac43d86b34f12cf6d19908|value:FP16:[17]:bytes=34:sha256=0880509ac8b959b997d2bf8f26bbae032c5f025ddd68c11a43c327896cf720ea|frequency:FP16:[7]:bytes=14:sha256=de557a2df85a5fcc3f9632ca53c8cb9066e6fe028e66374d4a7c132029ec0c8d",,,,"a050bba77e9a10b7fd0e03306d1e6c53ef3b4c67ccefce20f7c4230956945d21","FP32",,"not_applicable","FP64",,,,,,,,"PASS","OK"
"stage08","stage08_b06_lombscargle_ab7484afd8df","formal","dtype_and_input_contract","runs/stage08_b06_lombscargle_ab7484afd8df/formal/20260809T153451Z_ab7484afd8df_stage08_b06_formal_8633f004/operator_dtype_evidence_lombscargle_not_applicable_20260809T153451Z_ab7484afd8df_stage08_b06_formal_8633f004.csv","20260809T153451Z_ab7484afd8df_stage08_b06_formal_8633f004","lombscargle__lombscargle_fp16_10e3__b1464815cd5cd9df","lombscargle","FP16",,"actual_typed_time_value_frequency_fp32_compute_fp64_storage_extension","3","time:FP16:[64]:bytes=128:sha256=2649b8fb77d65299cfdaa652cc81955684d56374efbf42cd58a2154f2f25999b|value:FP16:[64]:bytes=128:sha256=a0a08a07af4294e380a986b996e57358eef0de13020a873361e844a8aeacb490|frequency:FP16:[16]:bytes=32:sha256=8ac4783d11ce6dc16c9a473827636524208420a72b09f62223cc023d7cc906f4",,,,"b1464815cd5cd9df22559b6a9762bc5a19634bf4c8e48eea742fefd25af582c3","FP32",,"not_applicable","FP64",,,,,,,,"PASS","OK"
"stage08","stage08_b06_lombscargle_ab7484afd8df","formal","dtype_and_input_contract","runs/stage08_b06_lombscargle_ab7484afd8df/formal/20260809T153451Z_ab7484afd8df_stage08_b06_formal_8633f005/operator_dtype_evidence_lombscargle_not_applicable_20260809T153451Z_ab7484afd8df_stage08_b06_formal_8633f005.csv","20260809T153451Z_ab7484afd8df_stage08_b06_formal_8633f005","lombscargle__lombscargle_fp16_10e4__698dbfe21512e2c8","lombscargle","FP16",,"actual_typed_time_value_frequency_fp32_compute_fp64_storage_extension","3","time:FP16:[257]:bytes=514:sha256=607b0d2914b0f44c581e3b73ce18bda0952c583bcfc373952db6936cff223b1e|value:FP16:[257]:bytes=514:sha256=05ffb3b4f1a61287983332efc9fb449eee8fdf65f8a52d7e1b0dec4c2408bd6e|frequency:FP16:[40]:bytes=80:sha256=c312aec19a565fa1e86fce7f7adfdc621abacd900ae7adad383cc2ab3c1ea8fe",,,,"698dbfe21512e2c84d8e208f4eb289d58dbd893beb579c7a775012381a01fe00","FP32",,"not_applicable","FP64",,,,,,,,"PASS","OK"
"stage08","stage08_b06_lombscargle_ab7484afd8df","formal","dtype_and_input_contract","runs/stage08_b06_lombscargle_ab7484afd8df/formal/20260809T153452Z_ab7484afd8df_stage08_b06_formal_8633f006/operator_dtype_evidence_lombscargle_not_applicable_20260809T153452Z_ab7484afd8df_stage08_b06_formal_8633f006.csv","20260809T153452Z_ab7484afd8df_stage08_b06_formal_8633f006","lombscargle__lombscargle_int32_10e2__c813437da217dbce","lombscargle","INT32",,"actual_typed_time_value_frequency_fp32_compute_fp64_storage_extension","3","time:INT32:[17]:bytes=68:sha256=bd6f6df722b1c3cded49f182d6a6160c0bf088f48ece13edb1b2f462a67ac5a8|value:INT32:[17]:bytes=68:sha256=b50efdca92993b45f6c3b8a5bee09265e1b97308a663cc0c53dc50c90dbf91f0|frequency:INT32:[7]:bytes=28:sha256=4c816952ba53cc361d8e45bd833338dc6427e4a5d5f06ebad5351fd46439a15a",,,,"c813437da217dbce80c08561258b361dd91c3759e2efdec527fde5eb2859b319","FP32",,"not_applicable","FP64",,,,,,,,"PASS","OK"
"stage08","stage08_b06_lombscargle_ab7484afd8df","formal","dtype_and_input_contract","runs/stage08_b06_lombscargle_ab7484afd8df/formal/20260809T153452Z_ab7484afd8df_stage08_b06_formal_8633f007/operator_dtype_evidence_lombscargle_not_applicable_20260809T153452Z_ab7484afd8df_stage08_b06_formal_8633f007.csv","20260809T153452Z_ab7484afd8df_stage08_b06_formal_8633f007","lombscargle__lombscargle_int32_10e3__acaec07639a7aeb9","lombscargle","INT32",,"actual_typed_time_value_frequency_fp32_compute_fp64_storage_extension","3","time:INT32:[64]:bytes=256:sha256=09997ae9f3bd2a4d127f9b83b0634719b9346a470f71031d5a4e5ec80d1b0fd8|value:INT32:[64]:bytes=256:sha256=c0c81efc25b1fc77e929a0e53e38d529ae8979a60aae2bcbe05fdf0fb0a27816|frequency:INT32:[16]:bytes=64:sha256=77d735ce838418aa151bd96b5b1e78ee63860892e0a95c00fe34178442be9b07",,,,"acaec07639a7aeb99dff4dccc163d363536424c78d2cb8637795dc3294e9cdea","FP32",,"not_applicable","FP64",,,,,,,,"PASS","OK"
"stage08","stage08_b06_lombscargle_ab7484afd8df","formal","dtype_and_input_contract","runs/stage08_b06_lombscargle_ab7484afd8df/formal/20260809T153452Z_ab7484afd8df_stage08_b06_formal_8633f008/operator_dtype_evidence_lombscargle_not_applicable_20260809T153452Z_ab7484afd8df_stage08_b06_formal_8633f008.csv","20260809T153452Z_ab7484afd8df_stage08_b06_formal_8633f008","lombscargle__lombscargle_int32_10e4__8f8817c2f072e581","lombscargle","INT32",,"actual_typed_time_value_frequency_fp32_compute_fp64_storage_extension","3","time:INT32:[257]:bytes=1028:sha256=51990635e099b3f9aa8e8dac13f7d865b15e7134ab7ce90d667bb3443f3ab201|value:INT32:[257]:bytes=1028:sha256=d9b2a3968b83594519c8871301f90be01dbdcaf6a8bfe9b842d04b2c614731f0|frequency:INT32:[40]:bytes=160:sha256=27bf9c8f23dccfafc08b49bd2dac8b0063727ff103e386ca053a84c0ff47b420",,,,"8f8817c2f072e5819a36b3c7907cb859bf506b872bc1c3ab9bd4d56d6c6630ce","FP32",,"not_applicable","FP64",,,,,,,,"PASS","OK"
"stage08","stage08_b06_lombscargle_ab7484afd8df","formal","dtype_and_input_contract","runs/stage08_b06_lombscargle_ab7484afd8df/formal/20260809T153452Z_ab7484afd8df_stage08_b06_formal_8633f009/operator_dtype_evidence_lombscargle_not_applicable_20260809T153452Z_ab7484afd8df_stage08_b06_formal_8633f009.csv","20260809T153452Z_ab7484afd8df_stage08_b06_formal_8633f009","lombscargle__lombscargle_int16_10e2__70057ed3b4092298","lombscargle","INT16",,"actual_typed_time_value_frequency_fp32_compute_fp64_storage_extension","3","time:INT16:[17]:bytes=34:sha256=a6f466abea4343cbbf032816fd3ad5ef63059401fed3cf859ee377d23d0658ab|value:INT16:[17]:bytes=34:sha256=b9cd7cf30c4f53e0c6c2484e950c2900fba94fb7c2a5ce652a4702319484d49a|frequency:INT16:[7]:bytes=14:sha256=0656ee43f37a429628c19469b617f943f1ce308e856685d933e9c46ef07e54d4",,,,"70057ed3b40922988ee4480a326f5b648b81e7fc1bf72d65214155788c27abd4","FP32",,"not_applicable","FP64",,,,,,,,"PASS","OK"
"stage08","stage08_b06_lombscargle_ab7484afd8df","formal","dtype_and_input_contract","runs/stage08_b06_lombscargle_ab7484afd8df/formal/20260809T153452Z_ab7484afd8df_stage08_b06_formal_8633f00a/operator_dtype_evidence_lombscargle_not_applicable_20260809T153452Z_ab7484afd8df_stage08_b06_formal_8633f00a.csv","20260809T153452Z_ab7484afd8df_stage08_b06_formal_8633f00a","lombscargle__lombscargle_int16_10e3__92bad9b753829b58","lombscargle","INT16",,"actual_typed_time_value_frequency_fp32_compute_fp64_storage_extension","3","time:INT16:[64]:bytes=128:sha256=9831796134ac16d3454e08dc56a5e28170129987359a2792733b8ab3eb428fe9|value:INT16:[64]:bytes=128:sha256=cf03866ee41b7bcfa3fdeff2603f524a12f5d98f4429277481b34a3145452c59|frequency:INT16:[16]:bytes=32:sha256=9774afe2116a2ba0eccc78b8ed2589a639eba303f216317713332642beeb7c5e",,,,"92bad9b753829b5880c5d6eff45de1bcf5f0e1ccbb89c048a9019553bd3308a5","FP32",,"not_applicable","FP64",,,,,,,,"PASS","OK"
"stage08","stage08_b06_lombscargle_ab7484afd8df","formal","dtype_and_input_contract","runs/stage08_b06_lombscargle_ab7484afd8df/formal/20260809T153453Z_ab7484afd8df_stage08_b06_formal_8633f00b/operator_dtype_evidence_lombscargle_not_applicable_20260809T153453Z_ab7484afd8df_stage08_b06_formal_8633f00b.csv","20260809T153453Z_ab7484afd8df_stage08_b06_formal_8633f00b","lombscargle__lombscargle_int16_10e4__d62b9bc6030d9dd3","lombscargle","INT16",,"actual_typed_time_value_frequency_fp32_compute_fp64_storage_extension","3","time:INT16:[257]:bytes=514:sha256=b42d6ede22efd918685a234e660affdfb93be81baa453cbcf3bf806ba80bcb48|value:INT16:[257]:bytes=514:sha256=791a0301f3c22390084f7cf6b75ea7ccf6df0ad3e1685627cdd35c129761833c|frequency:INT16:[40]:bytes=80:sha256=cd5488c4a875b0b6dc709702c347da44c3aa3dac0bce8f2af910c135fd104668",,,,"d62b9bc6030d9dd3155e749474e876e3f095d80a41e99992baf154ccc2339d18","FP32",,"not_applicable","FP64",,,,,,,,"PASS","OK"
"stage08","stage08_b06_lombscargle_ab7484afd8df","formal","dtype_and_input_contract","runs/stage08_b06_lombscargle_ab7484afd8df/formal/20260809T153453Z_ab7484afd8df_stage08_b06_formal_8633f00c/operator_dtype_evidence_lombscargle_not_applicable_20260809T153453Z_ab7484afd8df_stage08_b06_formal_8633f00c.csv","20260809T153453Z_ab7484afd8df_stage08_b06_formal_8633f00c","lombscargle__lombscargle_int8_10e2__7cc844dad4c90dd4","lombscargle","INT8",,"actual_typed_time_value_frequency_fp32_compute_fp64_storage_extension","3","time:INT8:[17]:bytes=17:sha256=23d12310aa7a41e5935f9c7e390f8650ac52c96a5d4ce49f33ce726e2aefb241|value:INT8:[17]:bytes=17:sha256=785c30a3489c6963740f8d28581a2a05ea0fe06b45b744e98d1d99ef63b4b1b5|frequency:INT8:[7]:bytes=7:sha256=32bbe378a25091502b2baf9f7258c19444e7a43ee4593b08030acd790bd66e6a",,,,"7cc844dad4c90dd450ebe6d3c4e1cad591ef19a4536b1e7f6a5ad44ef83a6443","FP32",,"not_applicable","FP64",,,,,,,,"PASS","OK"
"stage08","stage08_b06_lombscargle_ab7484afd8df","formal","dtype_and_input_contract","runs/stage08_b06_lombscargle_ab7484afd8df/formal/20260809T153453Z_ab7484afd8df_stage08_b06_formal_8633f00d/operator_dtype_evidence_lombscargle_not_applicable_20260809T153453Z_ab7484afd8df_stage08_b06_formal_8633f00d.csv","20260809T153453Z_ab7484afd8df_stage08_b06_formal_8633f00d","lombscargle__lombscargle_int8_10e3__2a81eeef453ba827","lombscargle","INT8",,"actual_typed_time_value_frequency_fp32_compute_fp64_storage_extension","3","time:INT8:[64]:bytes=64:sha256=5191a227f98d79e3caf31fb1c134232d55c76354dc74ada0471a99dbfbd9ccf9|value:INT8:[64]:bytes=64:sha256=8a3d22054f94f37f16b8092688592df286abd30c14edf03d4d2a249bacac7d10|frequency:INT8:[16]:bytes=16:sha256=5dfbabeedf318bf33c0927c43d7630f51b82f351740301354fa3d7fc51f0132e",,,,"2a81eeef453ba82727b641bb960529a08f6ca9683487cc4ab1baf61f3837e631","FP32",,"not_applicable","FP64",,,,,,,,"PASS","OK"
"stage08","stage08_b06_lombscargle_ab7484afd8df","formal","dtype_and_input_contract","runs/stage08_b06_lombscargle_ab7484afd8df/formal/20260809T153453Z_ab7484afd8df_stage08_b06_formal_8633f00e/operator_dtype_evidence_lombscargle_not_applicable_20260809T153453Z_ab7484afd8df_stage08_b06_formal_8633f00e.csv","20260809T153453Z_ab7484afd8df_stage08_b06_formal_8633f00e","lombscargle__lombscargle_int8_10e4__892690aced5daf78","lombscargle","INT8",,"actual_typed_time_value_frequency_fp32_compute_fp64_storage_extension","3","time:INT8:[257]:bytes=257:sha256=da27cb1ae30096f226b901bad6f9845c234f1c1a8760a3c56a2887b6dfc6cfd6|value:INT8:[257]:bytes=257:sha256=c254a02a1aa70e8963f87a41d1e72baea5514ef30a397e065f16da57a6a7e70b|frequency:INT8:[40]:bytes=40:sha256=5620dcd4c0ab4736a35122b1973e2d5d9726c378b3893234c66ff78d071b0e87",,,,"892690aced5daf781a9246f64eb54e24052d072330a62e860215b2a37f505ad6","FP32",,"not_applicable","FP64",,,,,,,,"PASS","OK"
"stage08","stage08_b06_lombscargle_ab7484afd8df","smoke","dtype_and_input_contract","runs/stage08_b06_lombscargle_ab7484afd8df/smoke/20260809T153450Z_ab7484afd8df_stage08_b06_smoke_86300001/operator_dtype_evidence_lombscargle_not_applicable_20260809T153450Z_ab7484afd8df_stage08_b06_smoke_86300001.csv","20260809T153450Z_ab7484afd8df_stage08_b06_smoke_86300001","lombscargle__lombscargle_fp16_10e2__a050bba77e9a10b7","lombscargle","FP16",,"actual_typed_time_value_frequency_fp32_compute_fp64_storage_extension","3","time:FP16:[17]:bytes=34:sha256=be9223824537627d121111011cda769a8a27665d4dac43d86b34f12cf6d19908|value:FP16:[17]:bytes=34:sha256=0880509ac8b959b997d2bf8f26bbae032c5f025ddd68c11a43c327896cf720ea|frequency:FP16:[7]:bytes=14:sha256=de557a2df85a5fcc3f9632ca53c8cb9066e6fe028e66374d4a7c132029ec0c8d",,,,"a050bba77e9a10b7fd0e03306d1e6c53ef3b4c67ccefce20f7c4230956945d21","FP32",,"not_applicable","FP64",,,,,,,,"PASS","OK"
"stage08","stage08_b06_stft_81f248cc9e2d","formal","dtype_and_input_contract","runs/stage08_b06_stft_81f248cc9e2d/formal/20260809T155120Z_81f248cc9e2d_stage08_b06_formal_8643f000/operator_dtype_evidence_stft_fft_thrust_20260809T155120Z_81f248cc9e2d_stage08_b06_formal_8643f000.csv","20260809T155120Z_81f248cc9e2d_stage08_b06_formal_8643f000","stft__stft_fp32_10e2__28a935388464703d","stft","FP32",,"actual_typed_array_input_fp32_stft_extension","1","x:FP32:[100]:bytes=400:sha256=25f3b0724d2438b12b1471d3bf177e607d73a2dc685898d9391cbdde82658ca3",,,,"28a935388464703ded993ce9ab79f56797d3de9303e61744f6e6e98a83fa1582","ComplexFP32",,"ComplexFP32","ComplexFP32",,,,,,,,"PASS","OK"
"stage08","stage08_b06_stft_81f248cc9e2d","formal","dtype_and_input_contract","runs/stage08_b06_stft_81f248cc9e2d/formal/20260809T155120Z_81f248cc9e2d_stage08_b06_formal_8643f001/operator_dtype_evidence_stft_fft_thrust_20260809T155120Z_81f248cc9e2d_stage08_b06_formal_8643f001.csv","20260809T155120Z_81f248cc9e2d_stage08_b06_formal_8643f001","stft__stft_fp32_10e3__e995618aa1a302a1","stft","FP32",,"actual_typed_array_input_fp32_stft_extension","1","x:FP32:[1024]:bytes=4096:sha256=17e49c5f34a71dd855f6dcf32591d1e42f2225c075384bfac3b64a486169d8c9",,,,"e995618aa1a302a1e6d4be1193099d2d4eb6ad541a118c4ad10b3c9d790b9129","ComplexFP32",,"ComplexFP32","ComplexFP32",,,,,,,,"PASS","OK"
"stage08","stage08_b06_stft_81f248cc9e2d","formal","dtype_and_input_contract","runs/stage08_b06_stft_81f248cc9e2d/formal/20260809T155121Z_81f248cc9e2d_stage08_b06_formal_8643f002/operator_dtype_evidence_stft_fft_thrust_20260809T155121Z_81f248cc9e2d_stage08_b06_formal_8643f002.csv","20260809T155121Z_81f248cc9e2d_stage08_b06_formal_8643f002","stft__stft_fp32_10e4__f4914ad2d52cd01a","stft","FP32",,"actual_typed_array_input_fp32_stft_extension","1","x:FP32:[10000]:bytes=40000:sha256=40b18eeeb2672eb199fff759c618d2763a80a84ae92397881fa7e52c13fe71a6",,,,"f4914ad2d52cd01a90bdc5bce74169b6b0fcb981532d9fd19ac85a9d6c8afe61","ComplexFP32",,"ComplexFP32","ComplexFP32",,,,,,,,"PASS","OK"
"stage08","stage08_b06_stft_81f248cc9e2d","formal","dtype_and_input_contract","runs/stage08_b06_stft_81f248cc9e2d/formal/20260809T155136Z_81f248cc9e2d_stage08_b06_formal_8643f003/operator_dtype_evidence_stft_fft_thrust_20260809T155136Z_81f248cc9e2d_stage08_b06_formal_8643f003.csv","20260809T155136Z_81f248cc9e2d_stage08_b06_formal_8643f003","stft__stft_fp16_10e2__93781e2d3511b914","stft","FP16",,"actual_typed_array_input_fp32_stft_extension","1","x:FP16:[100]:bytes=200:sha256=ce1eea35eb0ce6c4af3723ed0a45ab5ee2f8bb5c7e79b1a5cc595cba9f3297fe",,,,"93781e2d3511b914f4c1b0249cb644624097ab96fa6735b1ca2215f502886c48","ComplexFP32",,"ComplexFP32","ComplexFP32",,,,,,,,"PASS","OK"
"stage08","stage08_b06_stft_81f248cc9e2d","formal","dtype_and_input_contract","runs/stage08_b06_stft_81f248cc9e2d/formal/20260809T155136Z_81f248cc9e2d_stage08_b06_formal_8643f004/operator_dtype_evidence_stft_fft_thrust_20260809T155136Z_81f248cc9e2d_stage08_b06_formal_8643f004.csv","20260809T155136Z_81f248cc9e2d_stage08_b06_formal_8643f004","stft__stft_fp16_10e3__bab25124a580f883","stft","FP16",,"actual_typed_array_input_fp32_stft_extension","1","x:FP16:[1024]:bytes=2048:sha256=fe8d48c7a61e0e48011963eb26d84384a904df32ce30827d908fe163d2553d60",,,,"bab25124a580f8833de9709362ad0c7dfb47e2c713a3ce9a7af447010e4b924f","ComplexFP32",,"ComplexFP32","ComplexFP32",,,,,,,,"PASS","OK"
"stage08","stage08_b06_stft_81f248cc9e2d","formal","dtype_and_input_contract","runs/stage08_b06_stft_81f248cc9e2d/formal/20260809T155138Z_81f248cc9e2d_stage08_b06_formal_8643f005/operator_dtype_evidence_stft_fft_thrust_20260809T155138Z_81f248cc9e2d_stage08_b06_formal_8643f005.csv","20260809T155138Z_81f248cc9e2d_stage08_b06_formal_8643f005","stft__stft_fp16_10e4__051e545a15553aa9","stft","FP16",,"actual_typed_array_input_fp32_stft_extension","1","x:FP16:[10000]:bytes=20000:sha256=35d2f1ce27775eb0ee3f194e67b4e43eb9268e02c3f627fc068bbe036c1022f0",,,,"051e545a15553aa941c394dbf3735cc3be7c70aa62ae1a1b52acac60c5720d8e","ComplexFP32",,"ComplexFP32","ComplexFP32",,,,,,,,"PASS","OK"
"stage08","stage08_b06_stft_81f248cc9e2d","formal","dtype_and_input_contract","runs/stage08_b06_stft_81f248cc9e2d/formal/20260809T155203Z_81f248cc9e2d_stage08_b06_formal_8643f006/operator_dtype_evidence_stft_fft_thrust_20260809T155203Z_81f248cc9e2d_stage08_b06_formal_8643f006.csv","20260809T155203Z_81f248cc9e2d_stage08_b06_formal_8643f006","stft__stft_int32_10e2__11ae982c727f172b","stft","INT32",,"actual_typed_array_input_fp32_stft_extension","1","x:INT32:[100]:bytes=400:sha256=e3b89f79124bddbca71405b09acdbe02873bc9cdcbac25b40bbe7da04c422b4a",,,,"11ae982c727f172bbd9a29fc87dda1e11dcd8d9877d784cb240342ffe93ec40c","ComplexFP32",,"ComplexFP32","ComplexFP64",,,,,,,,"PASS","OK"
"stage08","stage08_b06_stft_81f248cc9e2d","formal","dtype_and_input_contract","runs/stage08_b06_stft_81f248cc9e2d/formal/20260809T155203Z_81f248cc9e2d_stage08_b06_formal_8643f007/operator_dtype_evidence_stft_fft_thrust_20260809T155203Z_81f248cc9e2d_stage08_b06_formal_8643f007.csv","20260809T155203Z_81f248cc9e2d_stage08_b06_formal_8643f007","stft__stft_int32_10e3__7eac2b389070f12d","stft","INT32",,"actual_typed_array_input_fp32_stft_extension","1","x:INT32:[1024]:bytes=4096:sha256=b9fcc7127bc896189cc2f8ff7c1ee3dda66d9cbb979dbcc971f436895b84450f",,,,"7eac2b389070f12d49c3cc0a35450cc50df088567ed575b9f9b273f85f320f81","ComplexFP32",,"ComplexFP32","ComplexFP64",,,,,,,,"PASS","OK"
"stage08","stage08_b06_stft_81f248cc9e2d","formal","dtype_and_input_contract","runs/stage08_b06_stft_81f248cc9e2d/formal/20260809T155204Z_81f248cc9e2d_stage08_b06_formal_8643f008/operator_dtype_evidence_stft_fft_thrust_20260809T155204Z_81f248cc9e2d_stage08_b06_formal_8643f008.csv","20260809T155204Z_81f248cc9e2d_stage08_b06_formal_8643f008","stft__stft_int32_10e4__e9ae2e857e0d1b4c","stft","INT32",,"actual_typed_array_input_fp32_stft_extension","1","x:INT32:[10000]:bytes=40000:sha256=d84531aae2508601f1fb3de6ee47a1aacf615748df65a34817fe0c4adc609836",,,,"e9ae2e857e0d1b4c04806f6cc440241440d4644fdf7b79f3534d35883c7816af","ComplexFP32",,"ComplexFP32","ComplexFP64",,,,,,,,"PASS","OK"
"stage08","stage08_b06_stft_81f248cc9e2d","formal","dtype_and_input_contract","runs/stage08_b06_stft_81f248cc9e2d/formal/20260809T155220Z_81f248cc9e2d_stage08_b06_formal_8643f009/operator_dtype_evidence_stft_fft_thrust_20260809T155220Z_81f248cc9e2d_stage08_b06_formal_8643f009.csv","20260809T155220Z_81f248cc9e2d_stage08_b06_formal_8643f009","stft__stft_int16_10e2__e95b4ce8debc136b","stft","INT16",,"actual_typed_array_input_fp32_stft_extension","1","x:INT16:[100]:bytes=200:sha256=803c75ce16c939b2fd645c03fabd5d91c38ea3676b6a5901efcb715cc573805f",,,,"e95b4ce8debc136b6716527bd85cc8e1c47464e4bb8011d7ca13c5a1d5fdf869","ComplexFP32",,"ComplexFP32","ComplexFP32",,,,,,,,"PASS","OK"
"stage08","stage08_b06_stft_81f248cc9e2d","formal","dtype_and_input_contract","runs/stage08_b06_stft_81f248cc9e2d/formal/20260809T155220Z_81f248cc9e2d_stage08_b06_formal_8643f00a/operator_dtype_evidence_stft_fft_thrust_20260809T155220Z_81f248cc9e2d_stage08_b06_formal_8643f00a.csv","20260809T155220Z_81f248cc9e2d_stage08_b06_formal_8643f00a","stft__stft_int16_10e3__4f7b076dabaa5e33","stft","INT16",,"actual_typed_array_input_fp32_stft_extension","1","x:INT16:[1024]:bytes=2048:sha256=36d78dac17a424229585642d77bc4844f4a0f48f2d9d8e4653a351c48f741ca1",,,,"4f7b076dabaa5e331230186b8cc8b15e952e90b64b5ebc0c36ec74a8c10f3c97","ComplexFP32",,"ComplexFP32","ComplexFP32",,,,,,,,"PASS","OK"
"stage08","stage08_b06_stft_81f248cc9e2d","formal","dtype_and_input_contract","runs/stage08_b06_stft_81f248cc9e2d/formal/20260809T155221Z_81f248cc9e2d_stage08_b06_formal_8643f00b/operator_dtype_evidence_stft_fft_thrust_20260809T155221Z_81f248cc9e2d_stage08_b06_formal_8643f00b.csv","20260809T155221Z_81f248cc9e2d_stage08_b06_formal_8643f00b","stft__stft_int16_10e4__adadf39db3c52ac8","stft","INT16",,"actual_typed_array_input_fp32_stft_extension","1","x:INT16:[10000]:bytes=20000:sha256=cd46a05a2e537deaecf828edc6cf359ad2f72d8766b9c7137517798ec1d1bb46",,,,"adadf39db3c52ac86ac6e851f35b457d580e2f018eb7251580ad326dfe040bb4","ComplexFP32",,"ComplexFP32","ComplexFP32",,,,,,,,"PASS","OK"
"stage08","stage08_b06_stft_81f248cc9e2d","formal","dtype_and_input_contract","runs/stage08_b06_stft_81f248cc9e2d/formal/20260809T155236Z_81f248cc9e2d_stage08_b06_formal_8643f00c/operator_dtype_evidence_stft_fft_thrust_20260809T155236Z_81f248cc9e2d_stage08_b06_formal_8643f00c.csv","20260809T155236Z_81f248cc9e2d_stage08_b06_formal_8643f00c","stft__stft_int8_10e2__118bfa02ae489953","stft","INT8",,"actual_typed_array_input_fp32_stft_extension","1","x:INT8:[100]:bytes=100:sha256=26bfcc68b6e0802c2c42697976b679b8346ebf8ee2f6595695cd496b9fdd7175",,,,"118bfa02ae4899534542898bdbaf43620c3f0d935dba6a17bf608befd3edf30b","ComplexFP32",,"ComplexFP32","ComplexFP32",,,,,,,,"PASS","OK"
"stage08","stage08_b06_stft_81f248cc9e2d","formal","dtype_and_input_contract","runs/stage08_b06_stft_81f248cc9e2d/formal/20260809T155237Z_81f248cc9e2d_stage08_b06_formal_8643f00d/operator_dtype_evidence_stft_fft_thrust_20260809T155237Z_81f248cc9e2d_stage08_b06_formal_8643f00d.csv","20260809T155237Z_81f248cc9e2d_stage08_b06_formal_8643f00d","stft__stft_int8_10e3__67eb7fe611b85c6d","stft","INT8",,"actual_typed_array_input_fp32_stft_extension","1","x:INT8:[1024]:bytes=1024:sha256=48fa0d227b93749089621ddf4c91c07b63347be06b78b4a4b54123cec078bff2",,,,"67eb7fe611b85c6da700ffa20325e948275ac2cf8837eff16b0f17813b0a1ea3","ComplexFP32",,"ComplexFP32","ComplexFP32",,,,,,,,"PASS","OK"
"stage08","stage08_b06_stft_81f248cc9e2d","formal","dtype_and_input_contract","runs/stage08_b06_stft_81f248cc9e2d/formal/20260809T155238Z_81f248cc9e2d_stage08_b06_formal_8643f00e/operator_dtype_evidence_stft_fft_thrust_20260809T155238Z_81f248cc9e2d_stage08_b06_formal_8643f00e.csv","20260809T155238Z_81f248cc9e2d_stage08_b06_formal_8643f00e","stft__stft_int8_10e4__1b9051d8d79c6c75","stft","INT8",,"actual_typed_array_input_fp32_stft_extension","1","x:INT8:[10000]:bytes=10000:sha256=a42896049e98ee5f447c3c0f53e9d8716a537dad209b97a352d616152a4f65be",,,,"1b9051d8d79c6c7569cbd9ed4b17a5ee505dc4c239f173500a23a07357c70352","ComplexFP32",,"ComplexFP32","ComplexFP32",,,,,,,,"PASS","OK"
"stage08","stage08_b06_stft_81f248cc9e2d","smoke","dtype_and_input_contract","runs/stage08_b06_stft_81f248cc9e2d/smoke/20260809T154500Z_81f248cc9e2d_stage08_b06_smoke_86400001/operator_dtype_evidence_stft_fft_thrust_20260809T154500Z_81f248cc9e2d_stage08_b06_smoke_86400001.csv","20260809T154500Z_81f248cc9e2d_stage08_b06_smoke_86400001","stft__stft_fp16_10e2__93781e2d3511b914","stft","FP16",,"actual_typed_array_input_fp32_stft_extension","1","x:FP16:[100]:bytes=200:sha256=ce1eea35eb0ce6c4af3723ed0a45ab5ee2f8bb5c7e79b1a5cc595cba9f3297fe",,,,"93781e2d3511b914f4c1b0249cb644624097ab96fa6735b1ca2215f502886c48","ComplexFP32",,"ComplexFP32","ComplexFP32",,,,,,,,"PASS","OK"
"stage08","stage08_b06_vectorstrength_89aacbf48da8","formal","dtype_and_input_contract","runs/stage08_b06_vectorstrength_89aacbf48da8/formal/20260809T161055Z_89aacbf48da8_stage08_b06_formal_8653f000/operator_dtype_evidence_vectorstrength_not_applicable_20260809T161055Z_89aacbf48da8_stage08_b06_formal_8653f000.csv","20260809T161055Z_89aacbf48da8_stage08_b06_formal_8653f000","vectorstrength__vectorstrength_fp32_10e2__0334aec58df9f9e1","vectorstrength","FP32",,"actual_typed_events_and_scalar_or_array_period_fp32_compute_fp64_pair_extension","2","events:FP32:[100]:bytes=400:sha256=910f2b22a505b5d456db210c1c536c9484e428a652a04e9b3e8f7bfb1e554345|period:FP32:scalar:bytes=4:sha256=9a8208635e00348ab64aac2b759e76391fd47089e9a749bbcec770d9eb5c6421",,,,"0334aec58df9f9e19eea8363cdc9790e85b52a7f828d869d834e83344a6ca58c","FP32",,"not_applicable","FP64_pair",,,,,,,,"PASS","OK"
"stage08","stage08_b06_vectorstrength_89aacbf48da8","formal","dtype_and_input_contract","runs/stage08_b06_vectorstrength_89aacbf48da8/formal/20260809T161055Z_89aacbf48da8_stage08_b06_formal_8653f001/operator_dtype_evidence_vectorstrength_not_applicable_20260809T161055Z_89aacbf48da8_stage08_b06_formal_8653f001.csv","20260809T161055Z_89aacbf48da8_stage08_b06_formal_8653f001","vectorstrength__vectorstrength_fp32_10e3__663c8af37c69b3c3","vectorstrength","FP32",,"actual_typed_events_and_scalar_or_array_period_fp32_compute_fp64_pair_extension","2","events:FP32:[64]:bytes=256:sha256=0ddbad3a7bfc4ab6565789d0bced1fbf44d92d7e28cf8681b7201cc3d4238f8a|periods:FP32:[16]:bytes=64:sha256=7a488d3d151abbc737b815a6f96ca04cb6fe9471c1ec027df16b8822e5aefda0",,,,"663c8af37c69b3c31d6283e77738739f303a86d25b94b59f5c8527424f2c835a","FP32",,"not_applicable","FP64_pair",,,,,,,,"PASS","OK"
"stage08","stage08_b06_vectorstrength_89aacbf48da8","formal","dtype_and_input_contract","runs/stage08_b06_vectorstrength_89aacbf48da8/formal/20260809T161055Z_89aacbf48da8_stage08_b06_formal_8653f002/operator_dtype_evidence_vectorstrength_not_applicable_20260809T161055Z_89aacbf48da8_stage08_b06_formal_8653f002.csv","20260809T161055Z_89aacbf48da8_stage08_b06_formal_8653f002","vectorstrength__vectorstrength_fp32_10e4__c27567c5a14a2678","vectorstrength","FP32",,"actual_typed_events_and_scalar_or_array_period_fp32_compute_fp64_pair_extension","2","events:FP32:[257]:bytes=1028:sha256=b36a94fcb6e3ec702ff6aa0ecfbcdb2cb8b4d369cb5c15dda39d7376eece225f|periods:FP32:[40]:bytes=160:sha256=a8b87e238503fa8837f0a03856911efb13ad178b65e9e560a565e80b2d316379",,,,"c27567c5a14a26784f6174fd06e20ae46f4d3506a1621ef2b65f35a2b2cbbeaa","FP32",,"not_applicable","FP64_pair",,,,,,,,"PASS","OK"
"stage08","stage08_b06_vectorstrength_89aacbf48da8","formal","dtype_and_input_contract","runs/stage08_b06_vectorstrength_89aacbf48da8/formal/20260809T161056Z_89aacbf48da8_stage08_b06_formal_8653f003/operator_dtype_evidence_vectorstrength_not_applicable_20260809T161056Z_89aacbf48da8_stage08_b06_formal_8653f003.csv","20260809T161056Z_89aacbf48da8_stage08_b06_formal_8653f003","vectorstrength__vectorstrength_fp16_10e2__56904f8a4a48ccfc","vectorstrength","FP16",,"actual_typed_events_and_scalar_or_array_period_fp32_compute_fp64_pair_extension","2","events:FP16:[100]:bytes=200:sha256=1080d877a85ea1a158c3e4230e2c894649a6bc139be9f195bc7f633e847f4c9e|period:FP16:scalar:bytes=2:sha256=1e3ecb32659377fbd1dfcf173c903f8bd855ad4af0de82a2942b047a50beb9c2",,,,"56904f8a4a48ccfc5619e0f0bb04e2573ea6ffdc6c675de00eb0eb3de77d75c3","FP32",,"not_applicable","FP64_pair",,,,,,,,"PASS","OK"
"stage08","stage08_b06_vectorstrength_89aacbf48da8","formal","dtype_and_input_contract","runs/stage08_b06_vectorstrength_89aacbf48da8/formal/20260809T161056Z_89aacbf48da8_stage08_b06_formal_8653f004/operator_dtype_evidence_vectorstrength_not_applicable_20260809T161056Z_89aacbf48da8_stage08_b06_formal_8653f004.csv","20260809T161056Z_89aacbf48da8_stage08_b06_formal_8653f004","vectorstrength__vectorstrength_fp16_10e3__ab09c5146d4d76a9","vectorstrength","FP16",,"actual_typed_events_and_scalar_or_array_period_fp32_compute_fp64_pair_extension","2","events:FP16:[64]:bytes=128:sha256=2649b8fb77d65299cfdaa652cc81955684d56374efbf42cd58a2154f2f25999b|periods:FP16:[16]:bytes=32:sha256=44a660f7caaf325f34375ff16327dea952afd70f0ba30a7c93355f6f01868e3f",,,,"ab09c5146d4d76a9dcd3cc78290fc88712431a6f3dc9408214b4a01cee26d6c2","FP32",,"not_applicable","FP64_pair",,,,,,,,"PASS","OK"
"stage08","stage08_b06_vectorstrength_89aacbf48da8","formal","dtype_and_input_contract","runs/stage08_b06_vectorstrength_89aacbf48da8/formal/20260809T161056Z_89aacbf48da8_stage08_b06_formal_8653f005/operator_dtype_evidence_vectorstrength_not_applicable_20260809T161056Z_89aacbf48da8_stage08_b06_formal_8653f005.csv","20260809T161056Z_89aacbf48da8_stage08_b06_formal_8653f005","vectorstrength__vectorstrength_fp16_10e4__b6cea05fbb02b704","vectorstrength","FP16",,"actual_typed_events_and_scalar_or_array_period_fp32_compute_fp64_pair_extension","2","events:FP16:[257]:bytes=514:sha256=607b0d2914b0f44c581e3b73ce18bda0952c583bcfc373952db6936cff223b1e|periods:FP16:[40]:bytes=80:sha256=18b159fc35f0ec45637d0861b44b851487313794673844292dd5188b2b5a9e0e",,,,"b6cea05fbb02b70410fc558159e29f435cd50d413a96da3de9d49b9173c050c8","FP32",,"not_applicable","FP64_pair",,,,,,,,"PASS","OK"
"stage08","stage08_b06_vectorstrength_89aacbf48da8","formal","dtype_and_input_contract","runs/stage08_b06_vectorstrength_89aacbf48da8/formal/20260809T161056Z_89aacbf48da8_stage08_b06_formal_8653f006/operator_dtype_evidence_vectorstrength_not_applicable_20260809T161056Z_89aacbf48da8_stage08_b06_formal_8653f006.csv","20260809T161056Z_89aacbf48da8_stage08_b06_formal_8653f006","vectorstrength__vectorstrength_int32_10e2__14e16690ec5af468","vectorstrength","INT32",,"actual_typed_events_and_scalar_or_array_period_fp32_compute_fp64_pair_extension","2","events:INT32:[100]:bytes=400:sha256=260000c5326429b52b72d3e7b09af8850e5390d5f4933369bc8f3bb00b1b68f0|period:INT32:scalar:bytes=4:sha256=9d9f290527a6be626a8f5985b26e19b237b44872b03631811df4416fc1713178",,,,"14e16690ec5af468868fb05fe33104428b820909fc47ff889db2f049cee31d7c","FP32",,"not_applicable","FP64_pair",,,,,,,,"PASS","OK"
"stage08","stage08_b06_vectorstrength_89aacbf48da8","formal","dtype_and_input_contract","runs/stage08_b06_vectorstrength_89aacbf48da8/formal/20260809T161056Z_89aacbf48da8_stage08_b06_formal_8653f007/operator_dtype_evidence_vectorstrength_not_applicable_20260809T161056Z_89aacbf48da8_stage08_b06_formal_8653f007.csv","20260809T161056Z_89aacbf48da8_stage08_b06_formal_8653f007","vectorstrength__vectorstrength_int32_10e3__84726f26fac1d7bb","vectorstrength","INT32",,"actual_typed_events_and_scalar_or_array_period_fp32_compute_fp64_pair_extension","2","events:INT32:[64]:bytes=256:sha256=6b8dab5e3ef68023623923389ba1458bee2c18ef687589b2c57b7cd9cfb6183c|periods:INT32:[16]:bytes=64:sha256=822b603a2fd410621ab42df58f129105595585dbe1bfedab593e66d0baa820c5",,,,"84726f26fac1d7bb8f5aa316592ac18367277843e008418ebe6ad4ecc5888790","FP32",,"not_applicable","FP64_pair",,,,,,,,"PASS","OK"
"stage08","stage08_b06_vectorstrength_89aacbf48da8","formal","dtype_and_input_contract","runs/stage08_b06_vectorstrength_89aacbf48da8/formal/20260809T161057Z_89aacbf48da8_stage08_b06_formal_8653f008/operator_dtype_evidence_vectorstrength_not_applicable_20260809T161057Z_89aacbf48da8_stage08_b06_formal_8653f008.csv","20260809T161057Z_89aacbf48da8_stage08_b06_formal_8653f008","vectorstrength__vectorstrength_int32_10e4__61ba97767fb74e69","vectorstrength","INT32",,"actual_typed_events_and_scalar_or_array_period_fp32_compute_fp64_pair_extension","2","events:INT32:[257]:bytes=1028:sha256=6d76585dbd743a985add80b70c9de3d5ac96771d929b37a5ef5ab4194da4220c|periods:INT32:[40]:bytes=160:sha256=834ccd1ca8d26e2220314045138dcf8bd36148b18fc3863ea963287ea54975be",,,,"61ba97767fb74e69673bcc3d0c41391650a9becd8717fd03e6ef994e7180dba9","FP32",,"not_applicable","FP64_pair",,,,,,,,"PASS","OK"
"stage08","stage08_b06_vectorstrength_89aacbf48da8","formal","dtype_and_input_contract","runs/stage08_b06_vectorstrength_89aacbf48da8/formal/20260809T161057Z_89aacbf48da8_stage08_b06_formal_8653f009/operator_dtype_evidence_vectorstrength_not_applicable_20260809T161057Z_89aacbf48da8_stage08_b06_formal_8653f009.csv","20260809T161057Z_89aacbf48da8_stage08_b06_formal_8653f009","vectorstrength__vectorstrength_int16_10e2__c52013ce2e37b280","vectorstrength","INT16",,"actual_typed_events_and_scalar_or_array_period_fp32_compute_fp64_pair_extension","2","events:INT16:[100]:bytes=200:sha256=9a2c4d4840ab52fe2e2e0337b263b7bd2d1a120b6fb3543a2430a4283929248b|period:INT16:scalar:bytes=2:sha256=9b4fb24edd6d1d8830e272398263cdbf026b97392cc35387b991dc0248a628f9",,,,"c52013ce2e37b28068d25d48a0631a76ff1fee8b3a9533261764f85509d32a19","FP32",,"not_applicable","FP64_pair",,,,,,,,"PASS","OK"
"stage08","stage08_b06_vectorstrength_89aacbf48da8","formal","dtype_and_input_contract","runs/stage08_b06_vectorstrength_89aacbf48da8/formal/20260809T161057Z_89aacbf48da8_stage08_b06_formal_8653f00a/operator_dtype_evidence_vectorstrength_not_applicable_20260809T161057Z_89aacbf48da8_stage08_b06_formal_8653f00a.csv","20260809T161057Z_89aacbf48da8_stage08_b06_formal_8653f00a","vectorstrength__vectorstrength_int16_10e3__796689102a8ab8a6","vectorstrength","INT16",,"actual_typed_events_and_scalar_or_array_period_fp32_compute_fp64_pair_extension","2","events:INT16:[64]:bytes=128:sha256=ce43995c719be8cfecdf1b3a96df7b69094d4adba5cfb7f7b867405b40e16ba5|periods:INT16:[16]:bytes=32:sha256=e641a6b51ea4a8659977f41538d01f33f8e7ab2edcb432aa5485e3a0db451ca1",,,,"796689102a8ab8a6e213a896bd82046282dacba5919e53795572cd7077336765","FP32",,"not_applicable","FP64_pair",,,,,,,,"PASS","OK"
"stage08","stage08_b06_vectorstrength_89aacbf48da8","formal","dtype_and_input_contract","runs/stage08_b06_vectorstrength_89aacbf48da8/formal/20260809T161057Z_89aacbf48da8_stage08_b06_formal_8653f00b/operator_dtype_evidence_vectorstrength_not_applicable_20260809T161057Z_89aacbf48da8_stage08_b06_formal_8653f00b.csv","20260809T161057Z_89aacbf48da8_stage08_b06_formal_8653f00b","vectorstrength__vectorstrength_int16_10e4__e149c1dd68a116f5","vectorstrength","INT16",,"actual_typed_events_and_scalar_or_array_period_fp32_compute_fp64_pair_extension","2","events:INT16:[257]:bytes=514:sha256=5d5929cb7ec70b67ed2d9d675a91b7644086a6dd41688ac354231e019926be7f|periods:INT16:[40]:bytes=80:sha256=9c2a53f1f3c7ce8c7dbbdb3e947ba1cd53d6776ace36930e76bf1ae58e0c8f47",,,,"e149c1dd68a116f5d05d7afc3a4450731c59645ccfb0a81ffef67e950f02006f","FP32",,"not_applicable","FP64_pair",,,,,,,,"PASS","OK"
"stage08","stage08_b06_vectorstrength_89aacbf48da8","formal","dtype_and_input_contract","runs/stage08_b06_vectorstrength_89aacbf48da8/formal/20260809T161057Z_89aacbf48da8_stage08_b06_formal_8653f00c/operator_dtype_evidence_vectorstrength_not_applicable_20260809T161057Z_89aacbf48da8_stage08_b06_formal_8653f00c.csv","20260809T161057Z_89aacbf48da8_stage08_b06_formal_8653f00c","vectorstrength__vectorstrength_int8_10e2__6d60d0245af28928","vectorstrength","INT8",,"actual_typed_events_and_scalar_or_array_period_fp32_compute_fp64_pair_extension","2","events:INT8:[100]:bytes=100:sha256=fb198f8a1a12805ca770f12cb30087135d3ef9f51a32d517a36166b4f23e724d|period:INT8:scalar:bytes=1:sha256=084fed08b978af4d7d196a7446a86b58009e636b611db16211b65a9aadff29c5",,,,"6d60d0245af28928960259772afdb39950953b7c0c9b43568a012c9d880f2276","FP32",,"not_applicable","FP64_pair",,,,,,,,"PASS","OK"
"stage08","stage08_b06_vectorstrength_89aacbf48da8","formal","dtype_and_input_contract","runs/stage08_b06_vectorstrength_89aacbf48da8/formal/20260809T161058Z_89aacbf48da8_stage08_b06_formal_8653f00d/operator_dtype_evidence_vectorstrength_not_applicable_20260809T161058Z_89aacbf48da8_stage08_b06_formal_8653f00d.csv","20260809T161058Z_89aacbf48da8_stage08_b06_formal_8653f00d","vectorstrength__vectorstrength_int8_10e3__3175815f0a8bf512","vectorstrength","INT8",,"actual_typed_events_and_scalar_or_array_period_fp32_compute_fp64_pair_extension","2","events:INT8:[64]:bytes=64:sha256=9ae471e801dce54ab73c77021535e6f024178063469496fcdaabdf3f637307a6|periods:INT8:[16]:bytes=16:sha256=b77d084fab3050b9672de0756fa7cb579f6beec5e34c6b99f81bb602e1c9e398",,,,"3175815f0a8bf5120b45b95773efba76a6d8754777fe9010d8bb42ca7a224628","FP32",,"not_applicable","FP64_pair",,,,,,,,"PASS","OK"
"stage08","stage08_b06_vectorstrength_89aacbf48da8","formal","dtype_and_input_contract","runs/stage08_b06_vectorstrength_89aacbf48da8/formal/20260809T161058Z_89aacbf48da8_stage08_b06_formal_8653f00e/operator_dtype_evidence_vectorstrength_not_applicable_20260809T161058Z_89aacbf48da8_stage08_b06_formal_8653f00e.csv","20260809T161058Z_89aacbf48da8_stage08_b06_formal_8653f00e","vectorstrength__vectorstrength_int8_10e4__69b202bdfd791cf6","vectorstrength","INT8",,"actual_typed_events_and_scalar_or_array_period_fp32_compute_fp64_pair_extension","2","events:INT8:[257]:bytes=257:sha256=6bc6293c48866433d1461d8e8da7233142f06f2a6427a7962ee3a05f3a6f7a5c|periods:INT8:[40]:bytes=40:sha256=78b15b6df4c3b3ede64aa354335c8d1e21a0015447a3474427cc6f64099b62cb",,,,"69b202bdfd791cf6731b53602d84bf4c1d604a2c84161274804b494e1e4de2f4","FP32",,"not_applicable","FP64_pair",,,,,,,,"PASS","OK"
"stage08","stage08_b06_vectorstrength_89aacbf48da8","smoke","dtype_and_input_contract","runs/stage08_b06_vectorstrength_89aacbf48da8/smoke/20260809T161000Z_89aacbf48da8_stage08_b06_smoke_86500001/operator_dtype_evidence_vectorstrength_not_applicable_20260809T161000Z_89aacbf48da8_stage08_b06_smoke_86500001.csv","20260809T161000Z_89aacbf48da8_stage08_b06_smoke_86500001","vectorstrength__vectorstrength_fp16_10e2__56904f8a4a48ccfc","vectorstrength","FP16",,"actual_typed_events_and_scalar_or_array_period_fp32_compute_fp64_pair_extension","2","events:FP16:[100]:bytes=200:sha256=1080d877a85ea1a158c3e4230e2c894649a6bc139be9f195bc7f633e847f4c9e|period:FP16:scalar:bytes=2:sha256=1e3ecb32659377fbd1dfcf173c903f8bd855ad4af0de82a2942b047a50beb9c2",,,,"56904f8a4a48ccfc5619e0f0bb04e2573ea6ffdc6c675de00eb0eb3de77d75c3","FP32",,"not_applicable","FP64_pair",,,,,,,,"PASS","OK"
"stage08","stage08_b07_morlet2_90c7905b71ff","formal","dtype_and_input_contract","runs/stage08_b07_morlet2_90c7905b71ff/formal/20260809T163616Z_90c7905b71ff_stage08_b07_formal_8723f000/operator_dtype_evidence_morlet2_not_applicable_20260809T163616Z_90c7905b71ff_stage08_b07_formal_8723f000.csv","20260809T163616Z_90c7905b71ff_stage08_b07_formal_8723f000","morlet2__morlet2_fp32_10e2__ed22bfedd8961572","morlet2","FP32",,"actual_typed_frequency_scale_scalars_fp32_compute_complex_fp64_storage_extension","2","frequency:FP32:scalar:bytes=4:sha256=fca31f1667a6aa1bba12fca4e4ea1becd503379d80da3213af07f6cc5702828d|scale:FP32:scalar:bytes=4:sha256=e00e5eb9444182f352323374ef4e08ebcb784725fdd4fd612d7730540b3e0c8c",,,,"ed22bfedd8961572c2d43895dafb06f371a793b261c3887803532fff5b2edf1d","ComplexFP32",,"not_applicable","ComplexFP64",,,,,,,,"PASS","OK"
"stage08","stage08_b07_morlet2_90c7905b71ff","formal","dtype_and_input_contract","runs/stage08_b07_morlet2_90c7905b71ff/formal/20260809T163616Z_90c7905b71ff_stage08_b07_formal_8723f001/operator_dtype_evidence_morlet2_not_applicable_20260809T163616Z_90c7905b71ff_stage08_b07_formal_8723f001.csv","20260809T163616Z_90c7905b71ff_stage08_b07_formal_8723f001","morlet2__morlet2_fp32_10e3__c74008711a692aca","morlet2","FP32",,"actual_typed_frequency_scale_scalars_fp32_compute_complex_fp64_storage_extension","2","frequency:FP32:scalar:bytes=4:sha256=fedcca07b1ccdacce623cb6d8afdeed0314e8508d763e228871f18d4e0ebb7c4|scale:FP32:scalar:bytes=4:sha256=d88c86f15bbea365d658ad95a81d45367c465f7af6f7264fb077f01747ddc77d",,,,"c74008711a692aca2bb8d15e2a513322ca3bd6cbb0adb21b2d1878bfbdbdc205","ComplexFP32",,"not_applicable","ComplexFP64",,,,,,,,"PASS","OK"
"stage08","stage08_b07_morlet2_90c7905b71ff","formal","dtype_and_input_contract","runs/stage08_b07_morlet2_90c7905b71ff/formal/20260809T163616Z_90c7905b71ff_stage08_b07_formal_8723f002/operator_dtype_evidence_morlet2_not_applicable_20260809T163616Z_90c7905b71ff_stage08_b07_formal_8723f002.csv","20260809T163616Z_90c7905b71ff_stage08_b07_formal_8723f002","morlet2__morlet2_fp32_10e4__3e65c2edfbdd6ee7","morlet2","FP32",,"actual_typed_frequency_scale_scalars_fp32_compute_complex_fp64_storage_extension","2","frequency:FP32:scalar:bytes=4:sha256=ee0a6628f97214b7ef5d15c54388ea478862369e517aa4ef4593aea18c3ff618|scale:FP32:scalar:bytes=4:sha256=ea2845900b5856c9bf354b1aa9761b5aa6888e5ed61738fe9579ca42bc0f6054",,,,"3e65c2edfbdd6ee744e3bcf2c6e1bc8d66b4fa2dea329bcfc08b878f32aa9d0c","ComplexFP32",,"not_applicable","ComplexFP64",,,,,,,,"PASS","OK"
"stage08","stage08_b07_morlet2_90c7905b71ff","formal","dtype_and_input_contract","runs/stage08_b07_morlet2_90c7905b71ff/formal/20260809T163616Z_90c7905b71ff_stage08_b07_formal_8723f003/operator_dtype_evidence_morlet2_not_applicable_20260809T163616Z_90c7905b71ff_stage08_b07_formal_8723f003.csv","20260809T163616Z_90c7905b71ff_stage08_b07_formal_8723f003","morlet2__morlet2_fp16_10e2__787a5f998a6359df","morlet2","FP16",,"actual_typed_frequency_scale_scalars_fp32_compute_complex_fp64_storage_extension","2","frequency:FP16:scalar:bytes=2:sha256=6a8fd6b98e6e602358b45ef3d81dd9fab39900137bed7c806a2fd18fd1701ec9|scale:FP16:scalar:bytes=2:sha256=505114fe537172ea35e17ca1a7516edac516a89b31f983f7c6387d5d2bb462aa",,,,"787a5f998a6359df93188c27d799f1b53fd86267480c15ae3ace09bac23ab876","ComplexFP32",,"not_applicable","ComplexFP64",,,,,,,,"PASS","OK"
"stage08","stage08_b07_morlet2_90c7905b71ff","formal","dtype_and_input_contract","runs/stage08_b07_morlet2_90c7905b71ff/formal/20260809T163616Z_90c7905b71ff_stage08_b07_formal_8723f004/operator_dtype_evidence_morlet2_not_applicable_20260809T163616Z_90c7905b71ff_stage08_b07_formal_8723f004.csv","20260809T163616Z_90c7905b71ff_stage08_b07_formal_8723f004","morlet2__morlet2_fp16_10e3__45cde94353819e8d","morlet2","FP16",,"actual_typed_frequency_scale_scalars_fp32_compute_complex_fp64_storage_extension","2","frequency:FP16:scalar:bytes=2:sha256=c02b4bb4ab96197a9a5a4537d8b87f27c1c8f3f9572d215c505c5f3339ee4399|scale:FP16:scalar:bytes=2:sha256=b8811852747cfa3620c3dd2af5d59498c240f208e689b4052bac934c29faf094",,,,"45cde94353819e8d264f6e206496b01a3eda8fea2de11eec022e5c9e19722e9e","ComplexFP32",,"not_applicable","ComplexFP64",,,,,,,,"PASS","OK"
"stage08","stage08_b07_morlet2_90c7905b71ff","formal","dtype_and_input_contract","runs/stage08_b07_morlet2_90c7905b71ff/formal/20260809T163617Z_90c7905b71ff_stage08_b07_formal_8723f005/operator_dtype_evidence_morlet2_not_applicable_20260809T163617Z_90c7905b71ff_stage08_b07_formal_8723f005.csv","20260809T163617Z_90c7905b71ff_stage08_b07_formal_8723f005","morlet2__morlet2_fp16_10e4__b4b3c0a2122073e9","morlet2","FP16",,"actual_typed_frequency_scale_scalars_fp32_compute_complex_fp64_storage_extension","2","frequency:FP16:scalar:bytes=2:sha256=81904e68a8b9a2427e9e87e2c61b1098057608d18357d70d9281e8513941cf53|scale:FP16:scalar:bytes=2:sha256=87afe6086fe4571e37657e76281301f189c75ebae1d2eaafb56d578067a1d95e",,,,"b4b3c0a2122073e91aeafe314f7bf9927873ff60ea30c65058461eabaf2009b4","ComplexFP32",,"not_applicable","ComplexFP64",,,,,,,,"PASS","OK"
"stage08","stage08_b07_morlet2_90c7905b71ff","formal","dtype_and_input_contract","runs/stage08_b07_morlet2_90c7905b71ff/formal/20260809T163617Z_90c7905b71ff_stage08_b07_formal_8723f006/operator_dtype_evidence_morlet2_not_applicable_20260809T163617Z_90c7905b71ff_stage08_b07_formal_8723f006.csv","20260809T163617Z_90c7905b71ff_stage08_b07_formal_8723f006","morlet2__morlet2_int32_10e2__07c9154ea9267a98","morlet2","INT32",,"actual_typed_frequency_scale_scalars_fp32_compute_complex_fp64_storage_extension","2","frequency:INT32:scalar:bytes=4:sha256=2594b6a92ebfb1c3312deb7d01c015fb95e9fbe9bd7bc6b527af07813ec7b910|scale:INT32:scalar:bytes=4:sha256=67abdd721024f0ff4e0b3f4c2fc13bc5bad42d0b7851d456d88d203d15aaa450",,,,"07c9154ea9267a98b3c537b4ad74fdd0b78a9160874144d554330ae86bbdcbce","ComplexFP32",,"not_applicable","ComplexFP64",,,,,,,,"PASS","OK"
"stage08","stage08_b07_morlet2_90c7905b71ff","formal","dtype_and_input_contract","runs/stage08_b07_morlet2_90c7905b71ff/formal/20260809T163617Z_90c7905b71ff_stage08_b07_formal_8723f007/operator_dtype_evidence_morlet2_not_applicable_20260809T163617Z_90c7905b71ff_stage08_b07_formal_8723f007.csv","20260809T163617Z_90c7905b71ff_stage08_b07_formal_8723f007","morlet2__morlet2_int32_10e3__b2687d44af72301b","morlet2","INT32",,"actual_typed_frequency_scale_scalars_fp32_compute_complex_fp64_storage_extension","2","frequency:INT32:scalar:bytes=4:sha256=7aa8ca4a02506da9133d8f889678b76f716ce45d02e22fdb7b70a15e56a0eff8|scale:INT32:scalar:bytes=4:sha256=26b25d457597a7b0463f9620f666dd10aa2c4373a505967c7c8d70922a2d6ece",,,,"b2687d44af72301b72db554024256951709d1a26ab9b65838dc543a436b0734a","ComplexFP32",,"not_applicable","ComplexFP64",,,,,,,,"PASS","OK"
"stage08","stage08_b07_morlet2_90c7905b71ff","formal","dtype_and_input_contract","runs/stage08_b07_morlet2_90c7905b71ff/formal/20260809T163617Z_90c7905b71ff_stage08_b07_formal_8723f008/operator_dtype_evidence_morlet2_not_applicable_20260809T163617Z_90c7905b71ff_stage08_b07_formal_8723f008.csv","20260809T163617Z_90c7905b71ff_stage08_b07_formal_8723f008","morlet2__morlet2_int32_10e4__9b11dfbfd4309c81","morlet2","INT32",,"actual_typed_frequency_scale_scalars_fp32_compute_complex_fp64_storage_extension","2","frequency:INT32:scalar:bytes=4:sha256=e8613f5a5bc9f9feeda32a8e7c80b69dd4878e47b6a91723fb15eb84236b6a2b|scale:INT32:scalar:bytes=4:sha256=9d9f290527a6be626a8f5985b26e19b237b44872b03631811df4416fc1713178",,,,"9b11dfbfd4309c81cdd8a31b40383c91d44f29946d3e2bab685795fde5d728b2","ComplexFP32",,"not_applicable","ComplexFP64",,,,,,,,"PASS","OK"
"stage08","stage08_b07_morlet2_90c7905b71ff","formal","dtype_and_input_contract","runs/stage08_b07_morlet2_90c7905b71ff/formal/20260809T163618Z_90c7905b71ff_stage08_b07_formal_8723f009/operator_dtype_evidence_morlet2_not_applicable_20260809T163618Z_90c7905b71ff_stage08_b07_formal_8723f009.csv","20260809T163618Z_90c7905b71ff_stage08_b07_formal_8723f009","morlet2__morlet2_int16_10e2__a4f6ddea945bf5e9","morlet2","INT16",,"actual_typed_frequency_scale_scalars_fp32_compute_complex_fp64_storage_extension","2","frequency:INT16:scalar:bytes=2:sha256=2921a11f25dadaa24aa79a548e4e81508c2e5e56af2d833d65e2bcce448ce2f5|scale:INT16:scalar:bytes=2:sha256=47dc540c94ceb704a23875c11273e16bb0b8a87aed84de911f2133568115f254",,,,"a4f6ddea945bf5e9757528e00821f8ef25b17979cab8b19dbaa9f68e206a895b","ComplexFP32",,"not_applicable","ComplexFP64",,,,,,,,"PASS","OK"
"stage08","stage08_b07_morlet2_90c7905b71ff","formal","dtype_and_input_contract","runs/stage08_b07_morlet2_90c7905b71ff/formal/20260809T163618Z_90c7905b71ff_stage08_b07_formal_8723f00a/operator_dtype_evidence_morlet2_not_applicable_20260809T163618Z_90c7905b71ff_stage08_b07_formal_8723f00a.csv","20260809T163618Z_90c7905b71ff_stage08_b07_formal_8723f00a","morlet2__morlet2_int16_10e3__73e8fc6d05ce8136","morlet2","INT16",,"actual_typed_frequency_scale_scalars_fp32_compute_complex_fp64_storage_extension","2","frequency:INT16:scalar:bytes=2:sha256=ceb827ad3d3884fd4d50ae6099d6d50c09a21e72ebd309708e8b69d93df19e55|scale:INT16:scalar:bytes=2:sha256=99be5efb88ca2013bd8e4eb035fd42d5245468fe9afa70d8ba9c1c419a48c4e8",,,,"73e8fc6d05ce8136b03ec6c1e5871752b4c78310946c5af6cadd21f23a5cb8aa","ComplexFP32",,"not_applicable","ComplexFP64",,,,,,,,"PASS","OK"
"stage08","stage08_b07_morlet2_90c7905b71ff","formal","dtype_and_input_contract","runs/stage08_b07_morlet2_90c7905b71ff/formal/20260809T163618Z_90c7905b71ff_stage08_b07_formal_8723f00b/operator_dtype_evidence_morlet2_not_applicable_20260809T163618Z_90c7905b71ff_stage08_b07_formal_8723f00b.csv","20260809T163618Z_90c7905b71ff_stage08_b07_formal_8723f00b","morlet2__morlet2_int16_10e4__ef2b5827b5f78457","morlet2","INT16",,"actual_typed_frequency_scale_scalars_fp32_compute_complex_fp64_storage_extension","2","frequency:INT16:scalar:bytes=2:sha256=0a6361b3a802f55cd5ae06101c88a1e216320fe11cc0cfe1d791eed08a1200fd|scale:INT16:scalar:bytes=2:sha256=9b4fb24edd6d1d8830e272398263cdbf026b97392cc35387b991dc0248a628f9",,,,"ef2b5827b5f7845742d17081277741161d5736aed884093e90ad6b50d7f509e1","ComplexFP32",,"not_applicable","ComplexFP64",,,,,,,,"PASS","OK"
"stage08","stage08_b07_morlet2_90c7905b71ff","formal","dtype_and_input_contract","runs/stage08_b07_morlet2_90c7905b71ff/formal/20260809T163618Z_90c7905b71ff_stage08_b07_formal_8723f00c/operator_dtype_evidence_morlet2_not_applicable_20260809T163618Z_90c7905b71ff_stage08_b07_formal_8723f00c.csv","20260809T163618Z_90c7905b71ff_stage08_b07_formal_8723f00c","morlet2__morlet2_int8_10e2__884a156c91849e6a","morlet2","INT8",,"actual_typed_frequency_scale_scalars_fp32_compute_complex_fp64_storage_extension","2","frequency:INT8:scalar:bytes=1:sha256=e77b9a9ae9e30b0dbdb6f510a264ef9de781501d7b6b92ae89eb059c5ab743db|scale:INT8:scalar:bytes=1:sha256=4bf5122f344554c53bde2ebb8cd2b7e3d1600ad631c385a5d7cce23c7785459a",,,,"884a156c91849e6a9d03015d5cdc1d8ed7eebe0d39ec43e0323626603c4aa524","ComplexFP32",,"not_applicable","ComplexFP64",,,,,,,,"PASS","OK"
"stage08","stage08_b07_morlet2_90c7905b71ff","formal","dtype_and_input_contract","runs/stage08_b07_morlet2_90c7905b71ff/formal/20260809T163618Z_90c7905b71ff_stage08_b07_formal_8723f00d/operator_dtype_evidence_morlet2_not_applicable_20260809T163618Z_90c7905b71ff_stage08_b07_formal_8723f00d.csv","20260809T163618Z_90c7905b71ff_stage08_b07_formal_8723f00d","morlet2__morlet2_int8_10e3__2a6c7ddff5ffce9e","morlet2","INT8",,"actual_typed_frequency_scale_scalars_fp32_compute_complex_fp64_storage_extension","2","frequency:INT8:scalar:bytes=1:sha256=67586e98fad27da0b9968bc039a1ef34c939b9b8e523a8bef89d478608c5ecf6|scale:INT8:scalar:bytes=1:sha256=dbc1b4c900ffe48d575b5da5c638040125f65db0fe3e24494b76ea986457d986",,,,"2a6c7ddff5ffce9e785022875201c87c4d19d094ac2c0c96567622ad539257ac","ComplexFP32",,"not_applicable","ComplexFP64",,,,,,,,"PASS","OK"
"stage08","stage08_b07_morlet2_90c7905b71ff","formal","dtype_and_input_contract","runs/stage08_b07_morlet2_90c7905b71ff/formal/20260809T163618Z_90c7905b71ff_stage08_b07_formal_8723f00e/operator_dtype_evidence_morlet2_not_applicable_20260809T163618Z_90c7905b71ff_stage08_b07_formal_8723f00e.csv","20260809T163618Z_90c7905b71ff_stage08_b07_formal_8723f00e","morlet2__morlet2_int8_10e4__8e188e850355d91d","morlet2","INT8",,"actual_typed_frequency_scale_scalars_fp32_compute_complex_fp64_storage_extension","2","frequency:INT8:scalar:bytes=1:sha256=ca358758f6d27e6cf45272937977a748fd88391db679ceda7dc7bf1f005ee879|scale:INT8:scalar:bytes=1:sha256=084fed08b978af4d7d196a7446a86b58009e636b611db16211b65a9aadff29c5",,,,"8e188e850355d91d43bd3b7fd4a30862aebe0817b713776ea6d9666a03db076a","ComplexFP32",,"not_applicable","ComplexFP64",,,,,,,,"PASS","OK"
"stage08","stage08_b07_morlet_167aadba1745","formal","dtype_and_input_contract","runs/stage08_b07_morlet_167aadba1745/formal/20260809T163036Z_167aadba1745_stage08_b07_formal_8713f000/operator_dtype_evidence_morlet_not_applicable_20260809T163036Z_167aadba1745_stage08_b07_formal_8713f000.csv","20260809T163036Z_167aadba1745_stage08_b07_formal_8713f000","morlet__morlet_fp32_10e2__ed22bfedd8961572","morlet","FP32",,"actual_typed_frequency_scale_scalars_fp32_compute_complex_fp64_storage_extension","2","frequency:FP32:scalar:bytes=4:sha256=fca31f1667a6aa1bba12fca4e4ea1becd503379d80da3213af07f6cc5702828d|scale:FP32:scalar:bytes=4:sha256=e00e5eb9444182f352323374ef4e08ebcb784725fdd4fd612d7730540b3e0c8c",,,,"ed22bfedd8961572c2d43895dafb06f371a793b261c3887803532fff5b2edf1d","ComplexFP32",,"not_applicable","ComplexFP64",,,,,,,,"PASS","OK"
"stage08","stage08_b07_morlet_167aadba1745","formal","dtype_and_input_contract","runs/stage08_b07_morlet_167aadba1745/formal/20260809T163036Z_167aadba1745_stage08_b07_formal_8713f001/operator_dtype_evidence_morlet_not_applicable_20260809T163036Z_167aadba1745_stage08_b07_formal_8713f001.csv","20260809T163036Z_167aadba1745_stage08_b07_formal_8713f001","morlet__morlet_fp32_10e3__c74008711a692aca","morlet","FP32",,"actual_typed_frequency_scale_scalars_fp32_compute_complex_fp64_storage_extension","2","frequency:FP32:scalar:bytes=4:sha256=fedcca07b1ccdacce623cb6d8afdeed0314e8508d763e228871f18d4e0ebb7c4|scale:FP32:scalar:bytes=4:sha256=d88c86f15bbea365d658ad95a81d45367c465f7af6f7264fb077f01747ddc77d",,,,"c74008711a692aca2bb8d15e2a513322ca3bd6cbb0adb21b2d1878bfbdbdc205","ComplexFP32",,"not_applicable","ComplexFP64",,,,,,,,"PASS","OK"
"stage08","stage08_b07_morlet_167aadba1745","formal","dtype_and_input_contract","runs/stage08_b07_morlet_167aadba1745/formal/20260809T163036Z_167aadba1745_stage08_b07_formal_8713f002/operator_dtype_evidence_morlet_not_applicable_20260809T163036Z_167aadba1745_stage08_b07_formal_8713f002.csv","20260809T163036Z_167aadba1745_stage08_b07_formal_8713f002","morlet__morlet_fp32_10e4__3e65c2edfbdd6ee7","morlet","FP32",,"actual_typed_frequency_scale_scalars_fp32_compute_complex_fp64_storage_extension","2","frequency:FP32:scalar:bytes=4:sha256=ee0a6628f97214b7ef5d15c54388ea478862369e517aa4ef4593aea18c3ff618|scale:FP32:scalar:bytes=4:sha256=ea2845900b5856c9bf354b1aa9761b5aa6888e5ed61738fe9579ca42bc0f6054",,,,"3e65c2edfbdd6ee744e3bcf2c6e1bc8d66b4fa2dea329bcfc08b878f32aa9d0c","ComplexFP32",,"not_applicable","ComplexFP64",,,,,,,,"PASS","OK"
"stage08","stage08_b07_morlet_167aadba1745","formal","dtype_and_input_contract","runs/stage08_b07_morlet_167aadba1745/formal/20260809T163036Z_167aadba1745_stage08_b07_formal_8713f003/operator_dtype_evidence_morlet_not_applicable_20260809T163036Z_167aadba1745_stage08_b07_formal_8713f003.csv","20260809T163036Z_167aadba1745_stage08_b07_formal_8713f003","morlet__morlet_fp16_10e2__787a5f998a6359df","morlet","FP16",,"actual_typed_frequency_scale_scalars_fp32_compute_complex_fp64_storage_extension","2","frequency:FP16:scalar:bytes=2:sha256=6a8fd6b98e6e602358b45ef3d81dd9fab39900137bed7c806a2fd18fd1701ec9|scale:FP16:scalar:bytes=2:sha256=505114fe537172ea35e17ca1a7516edac516a89b31f983f7c6387d5d2bb462aa",,,,"787a5f998a6359df93188c27d799f1b53fd86267480c15ae3ace09bac23ab876","ComplexFP32",,"not_applicable","ComplexFP64",,,,,,,,"PASS","OK"
"stage08","stage08_b07_morlet_167aadba1745","formal","dtype_and_input_contract","runs/stage08_b07_morlet_167aadba1745/formal/20260809T163036Z_167aadba1745_stage08_b07_formal_8713f004/operator_dtype_evidence_morlet_not_applicable_20260809T163036Z_167aadba1745_stage08_b07_formal_8713f004.csv","20260809T163036Z_167aadba1745_stage08_b07_formal_8713f004","morlet__morlet_fp16_10e3__45cde94353819e8d","morlet","FP16",,"actual_typed_frequency_scale_scalars_fp32_compute_complex_fp64_storage_extension","2","frequency:FP16:scalar:bytes=2:sha256=c02b4bb4ab96197a9a5a4537d8b87f27c1c8f3f9572d215c505c5f3339ee4399|scale:FP16:scalar:bytes=2:sha256=b8811852747cfa3620c3dd2af5d59498c240f208e689b4052bac934c29faf094",,,,"45cde94353819e8d264f6e206496b01a3eda8fea2de11eec022e5c9e19722e9e","ComplexFP32",,"not_applicable","ComplexFP64",,,,,,,,"PASS","OK"
"stage08","stage08_b07_morlet_167aadba1745","formal","dtype_and_input_contract","runs/stage08_b07_morlet_167aadba1745/formal/20260809T163036Z_167aadba1745_stage08_b07_formal_8713f005/operator_dtype_evidence_morlet_not_applicable_20260809T163036Z_167aadba1745_stage08_b07_formal_8713f005.csv","20260809T163036Z_167aadba1745_stage08_b07_formal_8713f005","morlet__morlet_fp16_10e4__b4b3c0a2122073e9","morlet","FP16",,"actual_typed_frequency_scale_scalars_fp32_compute_complex_fp64_storage_extension","2","frequency:FP16:scalar:bytes=2:sha256=81904e68a8b9a2427e9e87e2c61b1098057608d18357d70d9281e8513941cf53|scale:FP16:scalar:bytes=2:sha256=87afe6086fe4571e37657e76281301f189c75ebae1d2eaafb56d578067a1d95e",,,,"b4b3c0a2122073e91aeafe314f7bf9927873ff60ea30c65058461eabaf2009b4","ComplexFP32",,"not_applicable","ComplexFP64",,,,,,,,"PASS","OK"
"stage08","stage08_b07_morlet_167aadba1745","formal","dtype_and_input_contract","runs/stage08_b07_morlet_167aadba1745/formal/20260809T163037Z_167aadba1745_stage08_b07_formal_8713f006/operator_dtype_evidence_morlet_not_applicable_20260809T163037Z_167aadba1745_stage08_b07_formal_8713f006.csv","20260809T163037Z_167aadba1745_stage08_b07_formal_8713f006","morlet__morlet_int32_10e2__07c9154ea9267a98","morlet","INT32",,"actual_typed_frequency_scale_scalars_fp32_compute_complex_fp64_storage_extension","2","frequency:INT32:scalar:bytes=4:sha256=2594b6a92ebfb1c3312deb7d01c015fb95e9fbe9bd7bc6b527af07813ec7b910|scale:INT32:scalar:bytes=4:sha256=67abdd721024f0ff4e0b3f4c2fc13bc5bad42d0b7851d456d88d203d15aaa450",,,,"07c9154ea9267a98b3c537b4ad74fdd0b78a9160874144d554330ae86bbdcbce","ComplexFP32",,"not_applicable","ComplexFP64",,,,,,,,"PASS","OK"
"stage08","stage08_b07_morlet_167aadba1745","formal","dtype_and_input_contract","runs/stage08_b07_morlet_167aadba1745/formal/20260809T163037Z_167aadba1745_stage08_b07_formal_8713f007/operator_dtype_evidence_morlet_not_applicable_20260809T163037Z_167aadba1745_stage08_b07_formal_8713f007.csv","20260809T163037Z_167aadba1745_stage08_b07_formal_8713f007","morlet__morlet_int32_10e3__b2687d44af72301b","morlet","INT32",,"actual_typed_frequency_scale_scalars_fp32_compute_complex_fp64_storage_extension","2","frequency:INT32:scalar:bytes=4:sha256=7aa8ca4a02506da9133d8f889678b76f716ce45d02e22fdb7b70a15e56a0eff8|scale:INT32:scalar:bytes=4:sha256=26b25d457597a7b0463f9620f666dd10aa2c4373a505967c7c8d70922a2d6ece",,,,"b2687d44af72301b72db554024256951709d1a26ab9b65838dc543a436b0734a","ComplexFP32",,"not_applicable","ComplexFP64",,,,,,,,"PASS","OK"
"stage08","stage08_b07_morlet_167aadba1745","formal","dtype_and_input_contract","runs/stage08_b07_morlet_167aadba1745/formal/20260809T163037Z_167aadba1745_stage08_b07_formal_8713f008/operator_dtype_evidence_morlet_not_applicable_20260809T163037Z_167aadba1745_stage08_b07_formal_8713f008.csv","20260809T163037Z_167aadba1745_stage08_b07_formal_8713f008","morlet__morlet_int32_10e4__9b11dfbfd4309c81","morlet","INT32",,"actual_typed_frequency_scale_scalars_fp32_compute_complex_fp64_storage_extension","2","frequency:INT32:scalar:bytes=4:sha256=e8613f5a5bc9f9feeda32a8e7c80b69dd4878e47b6a91723fb15eb84236b6a2b|scale:INT32:scalar:bytes=4:sha256=9d9f290527a6be626a8f5985b26e19b237b44872b03631811df4416fc1713178",,,,"9b11dfbfd4309c81cdd8a31b40383c91d44f29946d3e2bab685795fde5d728b2","ComplexFP32",,"not_applicable","ComplexFP64",,,,,,,,"PASS","OK"
"stage08","stage08_b07_morlet_167aadba1745","formal","dtype_and_input_contract","runs/stage08_b07_morlet_167aadba1745/formal/20260809T163037Z_167aadba1745_stage08_b07_formal_8713f009/operator_dtype_evidence_morlet_not_applicable_20260809T163037Z_167aadba1745_stage08_b07_formal_8713f009.csv","20260809T163037Z_167aadba1745_stage08_b07_formal_8713f009","morlet__morlet_int16_10e2__a4f6ddea945bf5e9","morlet","INT16",,"actual_typed_frequency_scale_scalars_fp32_compute_complex_fp64_storage_extension","2","frequency:INT16:scalar:bytes=2:sha256=2921a11f25dadaa24aa79a548e4e81508c2e5e56af2d833d65e2bcce448ce2f5|scale:INT16:scalar:bytes=2:sha256=47dc540c94ceb704a23875c11273e16bb0b8a87aed84de911f2133568115f254",,,,"a4f6ddea945bf5e9757528e00821f8ef25b17979cab8b19dbaa9f68e206a895b","ComplexFP32",,"not_applicable","ComplexFP64",,,,,,,,"PASS","OK"
"stage08","stage08_b07_morlet_167aadba1745","formal","dtype_and_input_contract","runs/stage08_b07_morlet_167aadba1745/formal/20260809T163037Z_167aadba1745_stage08_b07_formal_8713f00a/operator_dtype_evidence_morlet_not_applicable_20260809T163037Z_167aadba1745_stage08_b07_formal_8713f00a.csv","20260809T163037Z_167aadba1745_stage08_b07_formal_8713f00a","morlet__morlet_int16_10e3__73e8fc6d05ce8136","morlet","INT16",,"actual_typed_frequency_scale_scalars_fp32_compute_complex_fp64_storage_extension","2","frequency:INT16:scalar:bytes=2:sha256=ceb827ad3d3884fd4d50ae6099d6d50c09a21e72ebd309708e8b69d93df19e55|scale:INT16:scalar:bytes=2:sha256=99be5efb88ca2013bd8e4eb035fd42d5245468fe9afa70d8ba9c1c419a48c4e8",,,,"73e8fc6d05ce8136b03ec6c1e5871752b4c78310946c5af6cadd21f23a5cb8aa","ComplexFP32",,"not_applicable","ComplexFP64",,,,,,,,"PASS","OK"
"stage08","stage08_b07_morlet_167aadba1745","formal","dtype_and_input_contract","runs/stage08_b07_morlet_167aadba1745/formal/20260809T163037Z_167aadba1745_stage08_b07_formal_8713f00b/operator_dtype_evidence_morlet_not_applicable_20260809T163037Z_167aadba1745_stage08_b07_formal_8713f00b.csv","20260809T163037Z_167aadba1745_stage08_b07_formal_8713f00b","morlet__morlet_int16_10e4__ef2b5827b5f78457","morlet","INT16",,"actual_typed_frequency_scale_scalars_fp32_compute_complex_fp64_storage_extension","2","frequency:INT16:scalar:bytes=2:sha256=0a6361b3a802f55cd5ae06101c88a1e216320fe11cc0cfe1d791eed08a1200fd|scale:INT16:scalar:bytes=2:sha256=9b4fb24edd6d1d8830e272398263cdbf026b97392cc35387b991dc0248a628f9",,,,"ef2b5827b5f7845742d17081277741161d5736aed884093e90ad6b50d7f509e1","ComplexFP32",,"not_applicable","ComplexFP64",,,,,,,,"PASS","OK"
"stage08","stage08_b07_morlet_167aadba1745","formal","dtype_and_input_contract","runs/stage08_b07_morlet_167aadba1745/formal/20260809T163038Z_167aadba1745_stage08_b07_formal_8713f00c/operator_dtype_evidence_morlet_not_applicable_20260809T163038Z_167aadba1745_stage08_b07_formal_8713f00c.csv","20260809T163038Z_167aadba1745_stage08_b07_formal_8713f00c","morlet__morlet_int8_10e2__884a156c91849e6a","morlet","INT8",,"actual_typed_frequency_scale_scalars_fp32_compute_complex_fp64_storage_extension","2","frequency:INT8:scalar:bytes=1:sha256=e77b9a9ae9e30b0dbdb6f510a264ef9de781501d7b6b92ae89eb059c5ab743db|scale:INT8:scalar:bytes=1:sha256=4bf5122f344554c53bde2ebb8cd2b7e3d1600ad631c385a5d7cce23c7785459a",,,,"884a156c91849e6a9d03015d5cdc1d8ed7eebe0d39ec43e0323626603c4aa524","ComplexFP32",,"not_applicable","ComplexFP64",,,,,,,,"PASS","OK"
"stage08","stage08_b07_morlet_167aadba1745","formal","dtype_and_input_contract","runs/stage08_b07_morlet_167aadba1745/formal/20260809T163038Z_167aadba1745_stage08_b07_formal_8713f00d/operator_dtype_evidence_morlet_not_applicable_20260809T163038Z_167aadba1745_stage08_b07_formal_8713f00d.csv","20260809T163038Z_167aadba1745_stage08_b07_formal_8713f00d","morlet__morlet_int8_10e3__2a6c7ddff5ffce9e","morlet","INT8",,"actual_typed_frequency_scale_scalars_fp32_compute_complex_fp64_storage_extension","2","frequency:INT8:scalar:bytes=1:sha256=67586e98fad27da0b9968bc039a1ef34c939b9b8e523a8bef89d478608c5ecf6|scale:INT8:scalar:bytes=1:sha256=dbc1b4c900ffe48d575b5da5c638040125f65db0fe3e24494b76ea986457d986",,,,"2a6c7ddff5ffce9e785022875201c87c4d19d094ac2c0c96567622ad539257ac","ComplexFP32",,"not_applicable","ComplexFP64",,,,,,,,"PASS","OK"
"stage08","stage08_b07_morlet_167aadba1745","formal","dtype_and_input_contract","runs/stage08_b07_morlet_167aadba1745/formal/20260809T163038Z_167aadba1745_stage08_b07_formal_8713f00e/operator_dtype_evidence_morlet_not_applicable_20260809T163038Z_167aadba1745_stage08_b07_formal_8713f00e.csv","20260809T163038Z_167aadba1745_stage08_b07_formal_8713f00e","morlet__morlet_int8_10e4__8e188e850355d91d","morlet","INT8",,"actual_typed_frequency_scale_scalars_fp32_compute_complex_fp64_storage_extension","2","frequency:INT8:scalar:bytes=1:sha256=ca358758f6d27e6cf45272937977a748fd88391db679ceda7dc7bf1f005ee879|scale:INT8:scalar:bytes=1:sha256=084fed08b978af4d7d196a7446a86b58009e636b611db16211b65a9aadff29c5",,,,"8e188e850355d91d43bd3b7fd4a30862aebe0817b713776ea6d9666a03db076a","ComplexFP32",,"not_applicable","ComplexFP64",,,,,,,,"PASS","OK"
"stage08","stage08_b07_morlet_167aadba1745","smoke","dtype_and_input_contract","runs/stage08_b07_morlet_167aadba1745/smoke/20260810T000000Z_167aadba1745_stage08_b07_smoke_87100001/operator_dtype_evidence_morlet_not_applicable_20260810T000000Z_167aadba1745_stage08_b07_smoke_87100001.csv","20260810T000000Z_167aadba1745_stage08_b07_smoke_87100001","morlet__morlet_fp16_10e2__787a5f998a6359df","morlet","FP16",,"actual_typed_frequency_scale_scalars_fp32_compute_complex_fp64_storage_extension","2","frequency:FP16:scalar:bytes=2:sha256=6a8fd6b98e6e602358b45ef3d81dd9fab39900137bed7c806a2fd18fd1701ec9|scale:FP16:scalar:bytes=2:sha256=505114fe537172ea35e17ca1a7516edac516a89b31f983f7c6387d5d2bb462aa",,,,"787a5f998a6359df93188c27d799f1b53fd86267480c15ae3ace09bac23ab876","ComplexFP32",,"not_applicable","ComplexFP64",,,,,,,,"PASS","OK"
"stage08","stage08_b07_qmf_4948b3e7dd01","formal","dtype_and_input_contract","runs/stage08_b07_qmf_4948b3e7dd01/formal/20260809T164110Z_4948b3e7dd01_stage08_b07_formal_8733f000/operator_dtype_evidence_qmf_not_applicable_20260809T164110Z_4948b3e7dd01_stage08_b07_formal_8733f000.csv","20260809T164110Z_4948b3e7dd01_stage08_b07_formal_8733f000","qmf__qmf_fp32_10e2__c298d1bdcebc546a","qmf","FP32",,"actual_typed_hk_array_length_only_int64_output","1","hk:FP32:[100]:bytes=400:sha256=a0b713c55900386c88b0f7db3e9573e1d9dda6a8288581664fe7674940991a41",,,,"c298d1bdcebc546a08f6cf4eefec20a2b7acbb810db994beef0c49b7149f5ab1","INT64",,"not_applicable","INT64",,,,,,,,"PASS","OK"
"stage08","stage08_b07_qmf_4948b3e7dd01","formal","dtype_and_input_contract","runs/stage08_b07_qmf_4948b3e7dd01/formal/20260809T164110Z_4948b3e7dd01_stage08_b07_formal_8733f001/operator_dtype_evidence_qmf_not_applicable_20260809T164110Z_4948b3e7dd01_stage08_b07_formal_8733f001.csv","20260809T164110Z_4948b3e7dd01_stage08_b07_formal_8733f001","qmf__qmf_fp32_10e3__2ab5b2b6f70e7a3a","qmf","FP32",,"actual_typed_hk_array_length_only_int64_output","1","hk:FP32:[1024]:bytes=4096:sha256=dcfcbbe045968cc77951df19b75b8f40c9aef71fa23471d396e816818d9a9ee7",,,,"2ab5b2b6f70e7a3ad44b6cf6b6e6bf6163caab7b99e10ea68cc99c66a8c576d1","INT64",,"not_applicable","INT64",,,,,,,,"PASS","OK"
"stage08","stage08_b07_qmf_4948b3e7dd01","formal","dtype_and_input_contract","runs/stage08_b07_qmf_4948b3e7dd01/formal/20260809T164110Z_4948b3e7dd01_stage08_b07_formal_8733f002/operator_dtype_evidence_qmf_not_applicable_20260809T164110Z_4948b3e7dd01_stage08_b07_formal_8733f002.csv","20260809T164110Z_4948b3e7dd01_stage08_b07_formal_8733f002","qmf__qmf_fp32_10e4__d9e749c356951328","qmf","FP32",,"actual_typed_hk_array_length_only_int64_output","1","hk:FP32:[10000]:bytes=40000:sha256=6c0166f284f8ea90865c73de58e29d8f138405f74f086706557db98161de4a2a",,,,"d9e749c356951328661d838c191b3d83f86db69155e33ddb95c1a817d8a031a3","INT64",,"not_applicable","INT64",,,,,,,,"PASS","OK"
"stage08","stage08_b07_qmf_4948b3e7dd01","formal","dtype_and_input_contract","runs/stage08_b07_qmf_4948b3e7dd01/formal/20260809T164110Z_4948b3e7dd01_stage08_b07_formal_8733f003/operator_dtype_evidence_qmf_not_applicable_20260809T164110Z_4948b3e7dd01_stage08_b07_formal_8733f003.csv","20260809T164110Z_4948b3e7dd01_stage08_b07_formal_8733f003","qmf__qmf_fp16_10e2__d0e1af24eb55a388","qmf","FP16",,"actual_typed_hk_array_length_only_int64_output","1","hk:FP16:[100]:bytes=200:sha256=964c78ae85bec52632a17f122b9b2c916b052dc9316e10229f5f18fe728a7bee",,,,"d0e1af24eb55a388a9cb93fda66588897332ae69b055673416f1c9e38629511a","INT64",,"not_applicable","INT64",,,,,,,,"PASS","OK"
"stage08","stage08_b07_qmf_4948b3e7dd01","formal","dtype_and_input_contract","runs/stage08_b07_qmf_4948b3e7dd01/formal/20260809T164110Z_4948b3e7dd01_stage08_b07_formal_8733f004/operator_dtype_evidence_qmf_not_applicable_20260809T164110Z_4948b3e7dd01_stage08_b07_formal_8733f004.csv","20260809T164110Z_4948b3e7dd01_stage08_b07_formal_8733f004","qmf__qmf_fp16_10e3__700d011753764d5b","qmf","FP16",,"actual_typed_hk_array_length_only_int64_output","1","hk:FP16:[1024]:bytes=2048:sha256=de70a8552aae3152ce0a65b7925853a5f74acb02ee4d37e4d754f9049cd75d5a",,,,"700d011753764d5bd5aa305adeedb4bf2bb630e498166d6578838f331afd0f69","INT64",,"not_applicable","INT64",,,,,,,,"PASS","OK"
"stage08","stage08_b07_qmf_4948b3e7dd01","formal","dtype_and_input_contract","runs/stage08_b07_qmf_4948b3e7dd01/formal/20260809T164110Z_4948b3e7dd01_stage08_b07_formal_8733f005/operator_dtype_evidence_qmf_not_applicable_20260809T164110Z_4948b3e7dd01_stage08_b07_formal_8733f005.csv","20260809T164110Z_4948b3e7dd01_stage08_b07_formal_8733f005","qmf__qmf_fp16_10e4__f34c6786f9ed93f2","qmf","FP16",,"actual_typed_hk_array_length_only_int64_output","1","hk:FP16:[10000]:bytes=20000:sha256=dbb1308e4b7467fe99f087cf30b3486d56b77551fbef4ac406e9a15116f4a5cb",,,,"f34c6786f9ed93f24796a3fcc46bbfa304177aef28a2b3ceb5815625beb78097","INT64",,"not_applicable","INT64",,,,,,,,"PASS","OK"
"stage08","stage08_b07_qmf_4948b3e7dd01","formal","dtype_and_input_contract","runs/stage08_b07_qmf_4948b3e7dd01/formal/20260809T164111Z_4948b3e7dd01_stage08_b07_formal_8733f006/operator_dtype_evidence_qmf_not_applicable_20260809T164111Z_4948b3e7dd01_stage08_b07_formal_8733f006.csv","20260809T164111Z_4948b3e7dd01_stage08_b07_formal_8733f006","qmf__qmf_int32_10e2__594f957635ea00bb","qmf","INT32",,"actual_typed_hk_array_length_only_int64_output","1","hk:INT32:[100]:bytes=400:sha256=70139740a5d2234ba597bdecd63d09215a1d14da44658a0d290873c314031172",,,,"594f957635ea00bb952683bd249f14ebaa022490956c92f1b0d49e73d1ecdb5d","INT64",,"not_applicable","INT64",,,,,,,,"PASS","OK"
"stage08","stage08_b07_qmf_4948b3e7dd01","formal","dtype_and_input_contract","runs/stage08_b07_qmf_4948b3e7dd01/formal/20260809T164111Z_4948b3e7dd01_stage08_b07_formal_8733f007/operator_dtype_evidence_qmf_not_applicable_20260809T164111Z_4948b3e7dd01_stage08_b07_formal_8733f007.csv","20260809T164111Z_4948b3e7dd01_stage08_b07_formal_8733f007","qmf__qmf_int32_10e3__a6db427bd9bb8e56","qmf","INT32",,"actual_typed_hk_array_length_only_int64_output","1","hk:INT32:[1024]:bytes=4096:sha256=ecadb6eb4473dd4024a75fb0dd39c0cd5dc0c445df9e73f0a6f2af1824fb20d9",,,,"a6db427bd9bb8e56eb6bb3d3e1ce8b9d6f33622ca8ca74fe1255da56e0300916","INT64",,"not_applicable","INT64",,,,,,,,"PASS","OK"
"stage08","stage08_b07_qmf_4948b3e7dd01","formal","dtype_and_input_contract","runs/stage08_b07_qmf_4948b3e7dd01/formal/20260809T164111Z_4948b3e7dd01_stage08_b07_formal_8733f008/operator_dtype_evidence_qmf_not_applicable_20260809T164111Z_4948b3e7dd01_stage08_b07_formal_8733f008.csv","20260809T164111Z_4948b3e7dd01_stage08_b07_formal_8733f008","qmf__qmf_int32_10e4__d20179895c2a3864","qmf","INT32",,"actual_typed_hk_array_length_only_int64_output","1","hk:INT32:[10000]:bytes=40000:sha256=66c42e88e1961af0bcd4a351bed6f36257329c856da6b5ccc7f8c8b506f9ed55",,,,"d20179895c2a38641238085efbe18e0ea99ba0a2e86b59a53736aed6a56e3888","INT64",,"not_applicable","INT64",,,,,,,,"PASS","OK"
"stage08","stage08_b07_qmf_4948b3e7dd01","formal","dtype_and_input_contract","runs/stage08_b07_qmf_4948b3e7dd01/formal/20260809T164111Z_4948b3e7dd01_stage08_b07_formal_8733f009/operator_dtype_evidence_qmf_not_applicable_20260809T164111Z_4948b3e7dd01_stage08_b07_formal_8733f009.csv","20260809T164111Z_4948b3e7dd01_stage08_b07_formal_8733f009","qmf__qmf_int16_10e2__8ccf37e17eb40c34","qmf","INT16",,"actual_typed_hk_array_length_only_int64_output","1","hk:INT16:[100]:bytes=200:sha256=77c004229cc3ba3d6cdb66b5b4bcdf8435c650e8e94f05dae014a6e5d2787d67",,,,"8ccf37e17eb40c34a1d64622e4e38b5dcbef2e6f8bf93efbfd617063196ffdd4","INT64",,"not_applicable","INT64",,,,,,,,"PASS","OK"
"stage08","stage08_b07_qmf_4948b3e7dd01","formal","dtype_and_input_contract","runs/stage08_b07_qmf_4948b3e7dd01/formal/20260809T164111Z_4948b3e7dd01_stage08_b07_formal_8733f00a/operator_dtype_evidence_qmf_not_applicable_20260809T164111Z_4948b3e7dd01_stage08_b07_formal_8733f00a.csv","20260809T164111Z_4948b3e7dd01_stage08_b07_formal_8733f00a","qmf__qmf_int16_10e3__c36a6a4bfc485911","qmf","INT16",,"actual_typed_hk_array_length_only_int64_output","1","hk:INT16:[1024]:bytes=2048:sha256=686d17b3c6c540b92f5e391744130bed9527e9c0f9bd6e7413c2c2ab2fc025b8",,,,"c36a6a4bfc485911c0b22b2b6bae27857d64cf74fff3134b096877842c969d30","INT64",,"not_applicable","INT64",,,,,,,,"PASS","OK"
"stage08","stage08_b07_qmf_4948b3e7dd01","formal","dtype_and_input_contract","runs/stage08_b07_qmf_4948b3e7dd01/formal/20260809T164111Z_4948b3e7dd01_stage08_b07_formal_8733f00b/operator_dtype_evidence_qmf_not_applicable_20260809T164111Z_4948b3e7dd01_stage08_b07_formal_8733f00b.csv","20260809T164111Z_4948b3e7dd01_stage08_b07_formal_8733f00b","qmf__qmf_int16_10e4__a155b2640c286884","qmf","INT16",,"actual_typed_hk_array_length_only_int64_output","1","hk:INT16:[10000]:bytes=20000:sha256=4fbbbeed1b7d58055ddbdba146189545c9a7b94df93a8f9ca60ce86edd156f5d",,,,"a155b2640c2868847523534a4a482462a3c7b56a52c573f2186becddab98e1c1","INT64",,"not_applicable","INT64",,,,,,,,"PASS","OK"
"stage08","stage08_b07_qmf_4948b3e7dd01","formal","dtype_and_input_contract","runs/stage08_b07_qmf_4948b3e7dd01/formal/20260809T164111Z_4948b3e7dd01_stage08_b07_formal_8733f00c/operator_dtype_evidence_qmf_not_applicable_20260809T164111Z_4948b3e7dd01_stage08_b07_formal_8733f00c.csv","20260809T164111Z_4948b3e7dd01_stage08_b07_formal_8733f00c","qmf__qmf_int8_10e2__2aba6117d001d6bb","qmf","INT8",,"actual_typed_hk_array_length_only_int64_output","1","hk:INT8:[100]:bytes=100:sha256=2830da272006b9f27f8541551c1b819d5ae3a4086ccc1a03e07769b0b53badb4",,,,"2aba6117d001d6bb3b27f61d065f0c704e2dd390395f8d0d6c42f8bd12aaf356","INT64",,"not_applicable","INT64",,,,,,,,"PASS","OK"
"stage08","stage08_b07_qmf_4948b3e7dd01","formal","dtype_and_input_contract","runs/stage08_b07_qmf_4948b3e7dd01/formal/20260809T164112Z_4948b3e7dd01_stage08_b07_formal_8733f00d/operator_dtype_evidence_qmf_not_applicable_20260809T164112Z_4948b3e7dd01_stage08_b07_formal_8733f00d.csv","20260809T164112Z_4948b3e7dd01_stage08_b07_formal_8733f00d","qmf__qmf_int8_10e3__a50270a408125fcf","qmf","INT8",,"actual_typed_hk_array_length_only_int64_output","1","hk:INT8:[1024]:bytes=1024:sha256=bbe51df46a0d39937dca4ca472058a1157fc4a426a4fe4a3883ac31168832ded",,,,"a50270a408125fcfb2b4a14e5f5585f6ec8a5f14b3a84ca00072de22303da506","INT64",,"not_applicable","INT64",,,,,,,,"PASS","OK"
"stage08","stage08_b07_qmf_4948b3e7dd01","formal","dtype_and_input_contract","runs/stage08_b07_qmf_4948b3e7dd01/formal/20260809T164112Z_4948b3e7dd01_stage08_b07_formal_8733f00e/operator_dtype_evidence_qmf_not_applicable_20260809T164112Z_4948b3e7dd01_stage08_b07_formal_8733f00e.csv","20260809T164112Z_4948b3e7dd01_stage08_b07_formal_8733f00e","qmf__qmf_int8_10e4__6ddfa6315f8f2558","qmf","INT8",,"actual_typed_hk_array_length_only_int64_output","1","hk:INT8:[10000]:bytes=10000:sha256=1db7473ee2fe4a651d67d5c5f1771782870d1eefbfb335bb1f31a9b6c15bfdce",,,,"6ddfa6315f8f2558759564a92421046aa97336c667ade5aeca28264294b188b3","INT64",,"not_applicable","INT64",,,,,,,,"PASS","OK"
"stage08","stage08_b08_gauss_spline_a1467e3b776a","formal","dtype_and_input_contract","runs/stage08_b08_gauss_spline_a1467e3b776a/formal/20260809T165606Z_a1467e3b776a_stage08_b08_formal_8743f000/operator_dtype_evidence_gauss_spline_not_applicable_20260809T165606Z_a1467e3b776a_stage08_b08_formal_8743f000.csv","20260809T165606Z_a1467e3b776a_stage08_b08_formal_8743f000","gauss_spline__gauss_spline_fp32_10e2__57a6a5b2a3940e8f","gauss_spline","FP32",,"actual_typed_x_fp32_compute_same_dtype_output","1","x:FP32:[100]:bytes=400:sha256=7b2d6e322a54544449b43061525563b04b2732f0a407579fcf90b8b54df73781",,,,"57a6a5b2a3940e8f3cb444baad3728c9ae474bce486f2c1c8af23514f785b069","FP32",,"not_applicable","FP32",,,,,,,,"PASS","OK"
"stage08","stage08_b08_gauss_spline_a1467e3b776a","formal","dtype_and_input_contract","runs/stage08_b08_gauss_spline_a1467e3b776a/formal/20260809T165606Z_a1467e3b776a_stage08_b08_formal_8743f001/operator_dtype_evidence_gauss_spline_not_applicable_20260809T165606Z_a1467e3b776a_stage08_b08_formal_8743f001.csv","20260809T165606Z_a1467e3b776a_stage08_b08_formal_8743f001","gauss_spline__gauss_spline_fp32_10e3__ce791367126c5b15","gauss_spline","FP32",,"actual_typed_x_fp32_compute_same_dtype_output","1","x:FP32:[1024]:bytes=4096:sha256=d8961c5f7c24a995d72217089d6e5c376e9edbe07f5c98f7160c01fc56b0b37c",,,,"ce791367126c5b155447412d29d8ad8c859176dd56fc0d4f37056db75a3422c0","FP32",,"not_applicable","FP32",,,,,,,,"PASS","OK"
"stage08","stage08_b08_gauss_spline_a1467e3b776a","formal","dtype_and_input_contract","runs/stage08_b08_gauss_spline_a1467e3b776a/formal/20260809T165606Z_a1467e3b776a_stage08_b08_formal_8743f002/operator_dtype_evidence_gauss_spline_not_applicable_20260809T165606Z_a1467e3b776a_stage08_b08_formal_8743f002.csv","20260809T165606Z_a1467e3b776a_stage08_b08_formal_8743f002","gauss_spline__gauss_spline_fp32_10e4__b2aec7edeb4cfc9d","gauss_spline","FP32",,"actual_typed_x_fp32_compute_same_dtype_output","1","x:FP32:[10000]:bytes=40000:sha256=5da44c19fb8ed7b7ae15e1fcad316659deb55fa6c93c26d08823b6baafdaffc3",,,,"b2aec7edeb4cfc9d08b031e9072feb7f35c0574442c544de5ce96160b2a2e874","FP32",,"not_applicable","FP32",,,,,,,,"PASS","OK"
"stage08","stage08_b08_gauss_spline_a1467e3b776a","formal","dtype_and_input_contract","runs/stage08_b08_gauss_spline_a1467e3b776a/formal/20260809T165606Z_a1467e3b776a_stage08_b08_formal_8743f003/operator_dtype_evidence_gauss_spline_not_applicable_20260809T165606Z_a1467e3b776a_stage08_b08_formal_8743f003.csv","20260809T165606Z_a1467e3b776a_stage08_b08_formal_8743f003","gauss_spline__gauss_spline_fp16_10e2__e0187e4848ff8668","gauss_spline","FP16",,"actual_typed_x_fp32_compute_same_dtype_output","1","x:FP16:[100]:bytes=200:sha256=a37c5ea4a0e3be5ce70610a9cb83d38c5a0a4fae66bf1b68f7290056aa0c9337",,,,"e0187e4848ff86687474745db6181b1ea28906967c77c21948e75e2321091e33","FP32",,"not_applicable","FP16",,,,,,,,"PASS","OK"
"stage08","stage08_b08_gauss_spline_a1467e3b776a","formal","dtype_and_input_contract","runs/stage08_b08_gauss_spline_a1467e3b776a/formal/20260809T165606Z_a1467e3b776a_stage08_b08_formal_8743f004/operator_dtype_evidence_gauss_spline_not_applicable_20260809T165606Z_a1467e3b776a_stage08_b08_formal_8743f004.csv","20260809T165606Z_a1467e3b776a_stage08_b08_formal_8743f004","gauss_spline__gauss_spline_fp16_10e3__e13bd31426795f3e","gauss_spline","FP16",,"actual_typed_x_fp32_compute_same_dtype_output","1","x:FP16:[1024]:bytes=2048:sha256=496102546e24405c81b128d731fd169bba441a9ba01072dd05722d5733faaa0f",,,,"e13bd31426795f3ed609902cc809371e97c721c8318b49add5b121b973294b02","FP32",,"not_applicable","FP16",,,,,,,,"PASS","OK"
"stage08","stage08_b08_gauss_spline_a1467e3b776a","formal","dtype_and_input_contract","runs/stage08_b08_gauss_spline_a1467e3b776a/formal/20260809T165607Z_a1467e3b776a_stage08_b08_formal_8743f005/operator_dtype_evidence_gauss_spline_not_applicable_20260809T165607Z_a1467e3b776a_stage08_b08_formal_8743f005.csv","20260809T165607Z_a1467e3b776a_stage08_b08_formal_8743f005","gauss_spline__gauss_spline_fp16_10e4__22a66eeba6dfc598","gauss_spline","FP16",,"actual_typed_x_fp32_compute_same_dtype_output","1","x:FP16:[10000]:bytes=20000:sha256=4fe724228256a3d069cacf6c9493dd56009d482c83e59ccdb4475b36dc3d4570",,,,"22a66eeba6dfc598e802406c794866f97877994d9444efe1ef9858e710bce3b4","FP32",,"not_applicable","FP16",,,,,,,,"PASS","OK"
"stage08","stage08_b08_gauss_spline_a1467e3b776a","formal","dtype_and_input_contract","runs/stage08_b08_gauss_spline_a1467e3b776a/formal/20260809T165607Z_a1467e3b776a_stage08_b08_formal_8743f006/operator_dtype_evidence_gauss_spline_not_applicable_20260809T165607Z_a1467e3b776a_stage08_b08_formal_8743f006.csv","20260809T165607Z_a1467e3b776a_stage08_b08_formal_8743f006","gauss_spline__gauss_spline_int32_10e2__b2d24714b760506c","gauss_spline","INT32",,"actual_typed_x_fp32_compute_same_dtype_output","1","x:INT32:[100]:bytes=400:sha256=9e595ef881c8789d7f2c2457f06e2e319ddbd206426fd76a9bbebc56fa73232b",,,,"b2d24714b760506c504cdef338a0d27664c0fe9f1c6564b246a664aedf4671a9","FP32",,"not_applicable","INT32",,,,,,,,"PASS","OK"
"stage08","stage08_b08_gauss_spline_a1467e3b776a","formal","dtype_and_input_contract","runs/stage08_b08_gauss_spline_a1467e3b776a/formal/20260809T165607Z_a1467e3b776a_stage08_b08_formal_8743f007/operator_dtype_evidence_gauss_spline_not_applicable_20260809T165607Z_a1467e3b776a_stage08_b08_formal_8743f007.csv","20260809T165607Z_a1467e3b776a_stage08_b08_formal_8743f007","gauss_spline__gauss_spline_int32_10e3__509f0044d4332e64","gauss_spline","INT32",,"actual_typed_x_fp32_compute_same_dtype_output","1","x:INT32:[1024]:bytes=4096:sha256=4db417c77084d0e5c38a9ce86ed4bdeb1d996cf00aad7d7151609fe08a33173f",,,,"509f0044d4332e648fee190e0b89dbf6742586a0708ee72ad42f24cc8603c187","FP32",,"not_applicable","INT32",,,,,,,,"PASS","OK"
"stage08","stage08_b08_gauss_spline_a1467e3b776a","formal","dtype_and_input_contract","runs/stage08_b08_gauss_spline_a1467e3b776a/formal/20260809T165607Z_a1467e3b776a_stage08_b08_formal_8743f008/operator_dtype_evidence_gauss_spline_not_applicable_20260809T165607Z_a1467e3b776a_stage08_b08_formal_8743f008.csv","20260809T165607Z_a1467e3b776a_stage08_b08_formal_8743f008","gauss_spline__gauss_spline_int32_10e4__f382208f07655018","gauss_spline","INT32",,"actual_typed_x_fp32_compute_same_dtype_output","1","x:INT32:[10000]:bytes=40000:sha256=18109a678afdb2c2cfd02bf8ba6ac28c2afeeb895c4c553fea5fb6405eb60e1f",,,,"f382208f07655018665ef7162deaf6825066d7f99811ea02250cb26a5e33b0ae","FP32",,"not_applicable","INT32",,,,,,,,"PASS","OK"
"stage08","stage08_b08_gauss_spline_a1467e3b776a","formal","dtype_and_input_contract","runs/stage08_b08_gauss_spline_a1467e3b776a/formal/20260809T165607Z_a1467e3b776a_stage08_b08_formal_8743f009/operator_dtype_evidence_gauss_spline_not_applicable_20260809T165607Z_a1467e3b776a_stage08_b08_formal_8743f009.csv","20260809T165607Z_a1467e3b776a_stage08_b08_formal_8743f009","gauss_spline__gauss_spline_int16_10e2__586ab46a5714cefb","gauss_spline","INT16",,"actual_typed_x_fp32_compute_same_dtype_output","1","x:INT16:[100]:bytes=200:sha256=5698dc1b2e2a6cc62ac35ac9c913654e700c245b87cc2533bb478c93fab24343",,,,"586ab46a5714cefba87601abe62020afee9d4d5d3e086c18be1823710bbe93bb","FP32",,"not_applicable","INT16",,,,,,,,"PASS","OK"
"stage08","stage08_b08_gauss_spline_a1467e3b776a","formal","dtype_and_input_contract","runs/stage08_b08_gauss_spline_a1467e3b776a/formal/20260809T165607Z_a1467e3b776a_stage08_b08_formal_8743f00a/operator_dtype_evidence_gauss_spline_not_applicable_20260809T165607Z_a1467e3b776a_stage08_b08_formal_8743f00a.csv","20260809T165607Z_a1467e3b776a_stage08_b08_formal_8743f00a","gauss_spline__gauss_spline_int16_10e3__eb2e095a4adc2866","gauss_spline","INT16",,"actual_typed_x_fp32_compute_same_dtype_output","1","x:INT16:[1024]:bytes=2048:sha256=8dd20a410968ba0f1498bdbc03aab956e7da0a06562542f7d0c489f172642b25",,,,"eb2e095a4adc286650f88f0ecf9642e7e76f7f2c5ea221b983126e7934dfc2c7","FP32",,"not_applicable","INT16",,,,,,,,"PASS","OK"
"stage08","stage08_b08_gauss_spline_a1467e3b776a","formal","dtype_and_input_contract","runs/stage08_b08_gauss_spline_a1467e3b776a/formal/20260809T165608Z_a1467e3b776a_stage08_b08_formal_8743f00b/operator_dtype_evidence_gauss_spline_not_applicable_20260809T165608Z_a1467e3b776a_stage08_b08_formal_8743f00b.csv","20260809T165608Z_a1467e3b776a_stage08_b08_formal_8743f00b","gauss_spline__gauss_spline_int16_10e4__1d647ad8407d8576","gauss_spline","INT16",,"actual_typed_x_fp32_compute_same_dtype_output","1","x:INT16:[10000]:bytes=20000:sha256=0f4a3f7b2fb7c40486bc74998820fcea97d7d7686e8f3967abd034ac8b19912d",,,,"1d647ad8407d857691535625a078bc619a087e768c841556a21bec9dfa2e97ba","FP32",,"not_applicable","INT16",,,,,,,,"PASS","OK"
"stage08","stage08_b08_gauss_spline_a1467e3b776a","formal","dtype_and_input_contract","runs/stage08_b08_gauss_spline_a1467e3b776a/formal/20260809T165608Z_a1467e3b776a_stage08_b08_formal_8743f00c/operator_dtype_evidence_gauss_spline_not_applicable_20260809T165608Z_a1467e3b776a_stage08_b08_formal_8743f00c.csv","20260809T165608Z_a1467e3b776a_stage08_b08_formal_8743f00c","gauss_spline__gauss_spline_int8_10e2__ba73a6649ec32f46","gauss_spline","INT8",,"actual_typed_x_fp32_compute_same_dtype_output","1","x:INT8:[100]:bytes=100:sha256=decd7694ed55f9e08b60471fd7c78ca147fbafca3ccdecf06330d88b96e23434",,,,"ba73a6649ec32f4683d3f2a706272c2e9a251454d664381ad0b086ac8cc572b4","FP32",,"not_applicable","INT8",,,,,,,,"PASS","OK"
"stage08","stage08_b08_gauss_spline_a1467e3b776a","formal","dtype_and_input_contract","runs/stage08_b08_gauss_spline_a1467e3b776a/formal/20260809T165608Z_a1467e3b776a_stage08_b08_formal_8743f00d/operator_dtype_evidence_gauss_spline_not_applicable_20260809T165608Z_a1467e3b776a_stage08_b08_formal_8743f00d.csv","20260809T165608Z_a1467e3b776a_stage08_b08_formal_8743f00d","gauss_spline__gauss_spline_int8_10e3__1948b336418b2c17","gauss_spline","INT8",,"actual_typed_x_fp32_compute_same_dtype_output","1","x:INT8:[1024]:bytes=1024:sha256=70a1fd085a62b6c8ea98365c2e70579a8b8fc6f8501fb8a7fa0c95ec319ed31e",,,,"1948b336418b2c1776d3f4d319a4cf5aa4689f866ae5891ec9417516e733f285","FP32",,"not_applicable","INT8",,,,,,,,"PASS","OK"
"stage08","stage08_b08_gauss_spline_a1467e3b776a","formal","dtype_and_input_contract","runs/stage08_b08_gauss_spline_a1467e3b776a/formal/20260809T165608Z_a1467e3b776a_stage08_b08_formal_8743f00e/operator_dtype_evidence_gauss_spline_not_applicable_20260809T165608Z_a1467e3b776a_stage08_b08_formal_8743f00e.csv","20260809T165608Z_a1467e3b776a_stage08_b08_formal_8743f00e","gauss_spline__gauss_spline_int8_10e4__2affffb25b04a7d7","gauss_spline","INT8",,"actual_typed_x_fp32_compute_same_dtype_output","1","x:INT8:[10000]:bytes=10000:sha256=be218b5a6ee4d99f88a43b168210da32de0b83c4122c1d400b39377c3057bb5a",,,,"2affffb25b04a7d798f755aee2a9ae4a521e6f6979c2550ed49c492acc867427","FP32",,"not_applicable","INT8",,,,,,,,"PASS","OK"
"stage08","stage08_b08_quadratic_a1467e3b776a","formal","dtype_and_input_contract","runs/stage08_b08_quadratic_a1467e3b776a/formal/20260809T165804Z_a1467e3b776a_stage08_b08_formal_8744f000/operator_dtype_evidence_quadratic_not_applicable_20260809T165804Z_a1467e3b776a_stage08_b08_formal_8744f000.csv","20260809T165804Z_a1467e3b776a_stage08_b08_formal_8744f000","quadratic__quadratic_fp32_10e2__c9d8103c68153150","quadratic","FP32",,"actual_typed_x_native_same_dtype_output","1","x:FP32:[100]:bytes=400:sha256=91ea4614be46e9612c5d89584953d65d353b93a0c549424008ce29a51fb20b2e",,,,"c9d8103c68153150f98559051d1281f610a87b315653f6e1df6398b9db058871","FP32",,"not_applicable","FP32",,,,,,,,"PASS","OK"
"stage08","stage08_b08_quadratic_a1467e3b776a","formal","dtype_and_input_contract","runs/stage08_b08_quadratic_a1467e3b776a/formal/20260809T165805Z_a1467e3b776a_stage08_b08_formal_8744f001/operator_dtype_evidence_quadratic_not_applicable_20260809T165805Z_a1467e3b776a_stage08_b08_formal_8744f001.csv","20260809T165805Z_a1467e3b776a_stage08_b08_formal_8744f001","quadratic__quadratic_fp32_10e3__78735b7618e17d4b","quadratic","FP32",,"actual_typed_x_native_same_dtype_output","1","x:FP32:[1024]:bytes=4096:sha256=7c8bb3794b20e6284067850582eeb74157ce36e00fa9e56d221491058380838a",,,,"78735b7618e17d4b256e0d4a06af6663e146285f4c5de4e107010469f220ea0c","FP32",,"not_applicable","FP32",,,,,,,,"PASS","OK"
"stage08","stage08_b08_quadratic_a1467e3b776a","formal","dtype_and_input_contract","runs/stage08_b08_quadratic_a1467e3b776a/formal/20260809T165805Z_a1467e3b776a_stage08_b08_formal_8744f002/operator_dtype_evidence_quadratic_not_applicable_20260809T165805Z_a1467e3b776a_stage08_b08_formal_8744f002.csv","20260809T165805Z_a1467e3b776a_stage08_b08_formal_8744f002","quadratic__quadratic_fp32_10e4__2b73b4275666d123","quadratic","FP32",,"actual_typed_x_native_same_dtype_output","1","x:FP32:[10000]:bytes=40000:sha256=3e0da91441b985d058047f9158263a4005a7453d1028c310a684ad91247b6e2e",,,,"2b73b4275666d12350b69d28866b7de7e1a2e7db53967ba0a9488c4838584f8c","FP32",,"not_applicable","FP32",,,,,,,,"PASS","OK"
"stage08","stage08_b08_quadratic_a1467e3b776a","formal","dtype_and_input_contract","runs/stage08_b08_quadratic_a1467e3b776a/formal/20260809T165805Z_a1467e3b776a_stage08_b08_formal_8744f003/operator_dtype_evidence_quadratic_not_applicable_20260809T165805Z_a1467e3b776a_stage08_b08_formal_8744f003.csv","20260809T165805Z_a1467e3b776a_stage08_b08_formal_8744f003","quadratic__quadratic_fp16_10e2__46c24ce461ad684d","quadratic","FP16",,"actual_typed_x_native_same_dtype_output","1","x:FP16:[100]:bytes=200:sha256=70ac14a3fc6d3822e20c609dfeb65bc043a29212f70b09eb3ceec463f04f979b",,,,"46c24ce461ad684d3351a77ac10a066c3b941b5b1f7c1a45ab14576b5f3ab2b1","FP16",,"not_applicable","FP16",,,,,,,,"PASS","OK"
"stage08","stage08_b08_quadratic_a1467e3b776a","formal","dtype_and_input_contract","runs/stage08_b08_quadratic_a1467e3b776a/formal/20260809T165805Z_a1467e3b776a_stage08_b08_formal_8744f004/operator_dtype_evidence_quadratic_not_applicable_20260809T165805Z_a1467e3b776a_stage08_b08_formal_8744f004.csv","20260809T165805Z_a1467e3b776a_stage08_b08_formal_8744f004","quadratic__quadratic_fp16_10e3__77aeb504e415b582","quadratic","FP16",,"actual_typed_x_native_same_dtype_output","1","x:FP16:[1024]:bytes=2048:sha256=5dfa0bbd68454417501716116ce87478cb4745445a3827a9b43ee2cf03e576bc",,,,"77aeb504e415b5823b533c5800b36bee9063a462fcc5f0b0c5aaa4115ccc25f8","FP16",,"not_applicable","FP16",,,,,,,,"PASS","OK"
"stage08","stage08_b08_quadratic_a1467e3b776a","formal","dtype_and_input_contract","runs/stage08_b08_quadratic_a1467e3b776a/formal/20260809T165805Z_a1467e3b776a_stage08_b08_formal_8744f005/operator_dtype_evidence_quadratic_not_applicable_20260809T165805Z_a1467e3b776a_stage08_b08_formal_8744f005.csv","20260809T165805Z_a1467e3b776a_stage08_b08_formal_8744f005","quadratic__quadratic_fp16_10e4__701f9012feb10b28","quadratic","FP16",,"actual_typed_x_native_same_dtype_output","1","x:FP16:[10000]:bytes=20000:sha256=4ca9331216c0f8559b06a6bdec1bc085b2cead96662941efdae4ddeb4989cd48",,,,"701f9012feb10b28272cb208a8f631036ecbc925758cecd6abad2327bb7a3a4a","FP16",,"not_applicable","FP16",,,,,,,,"PASS","OK"
"stage08","stage08_b08_quadratic_a1467e3b776a","formal","dtype_and_input_contract","runs/stage08_b08_quadratic_a1467e3b776a/formal/20260809T165805Z_a1467e3b776a_stage08_b08_formal_8744f006/operator_dtype_evidence_quadratic_not_applicable_20260809T165805Z_a1467e3b776a_stage08_b08_formal_8744f006.csv","20260809T165805Z_a1467e3b776a_stage08_b08_formal_8744f006","quadratic__quadratic_int32_10e2__b2d24714b760506c","quadratic","INT32",,"actual_typed_x_native_same_dtype_output","1","x:INT32:[100]:bytes=400:sha256=9e595ef881c8789d7f2c2457f06e2e319ddbd206426fd76a9bbebc56fa73232b",,,,"b2d24714b760506c504cdef338a0d27664c0fe9f1c6564b246a664aedf4671a9","INT32",,"not_applicable","INT32",,,,,,,,"PASS","OK"
"stage08","stage08_b08_quadratic_a1467e3b776a","formal","dtype_and_input_contract","runs/stage08_b08_quadratic_a1467e3b776a/formal/20260809T165806Z_a1467e3b776a_stage08_b08_formal_8744f007/operator_dtype_evidence_quadratic_not_applicable_20260809T165806Z_a1467e3b776a_stage08_b08_formal_8744f007.csv","20260809T165806Z_a1467e3b776a_stage08_b08_formal_8744f007","quadratic__quadratic_int32_10e3__509f0044d4332e64","quadratic","INT32",,"actual_typed_x_native_same_dtype_output","1","x:INT32:[1024]:bytes=4096:sha256=4db417c77084d0e5c38a9ce86ed4bdeb1d996cf00aad7d7151609fe08a33173f",,,,"509f0044d4332e648fee190e0b89dbf6742586a0708ee72ad42f24cc8603c187","INT32",,"not_applicable","INT32",,,,,,,,"PASS","OK"
"stage08","stage08_b08_quadratic_a1467e3b776a","formal","dtype_and_input_contract","runs/stage08_b08_quadratic_a1467e3b776a/formal/20260809T165806Z_a1467e3b776a_stage08_b08_formal_8744f008/operator_dtype_evidence_quadratic_not_applicable_20260809T165806Z_a1467e3b776a_stage08_b08_formal_8744f008.csv","20260809T165806Z_a1467e3b776a_stage08_b08_formal_8744f008","quadratic__quadratic_int32_10e4__f382208f07655018","quadratic","INT32",,"actual_typed_x_native_same_dtype_output","1","x:INT32:[10000]:bytes=40000:sha256=18109a678afdb2c2cfd02bf8ba6ac28c2afeeb895c4c553fea5fb6405eb60e1f",,,,"f382208f07655018665ef7162deaf6825066d7f99811ea02250cb26a5e33b0ae","INT32",,"not_applicable","INT32",,,,,,,,"PASS","OK"
"stage08","stage08_b08_quadratic_a1467e3b776a","formal","dtype_and_input_contract","runs/stage08_b08_quadratic_a1467e3b776a/formal/20260809T165806Z_a1467e3b776a_stage08_b08_formal_8744f009/operator_dtype_evidence_quadratic_not_applicable_20260809T165806Z_a1467e3b776a_stage08_b08_formal_8744f009.csv","20260809T165806Z_a1467e3b776a_stage08_b08_formal_8744f009","quadratic__quadratic_int16_10e2__586ab46a5714cefb","quadratic","INT16",,"actual_typed_x_native_same_dtype_output","1","x:INT16:[100]:bytes=200:sha256=5698dc1b2e2a6cc62ac35ac9c913654e700c245b87cc2533bb478c93fab24343",,,,"586ab46a5714cefba87601abe62020afee9d4d5d3e086c18be1823710bbe93bb","INT16",,"not_applicable","INT16",,,,,,,,"PASS","OK"
"stage08","stage08_b08_quadratic_a1467e3b776a","formal","dtype_and_input_contract","runs/stage08_b08_quadratic_a1467e3b776a/formal/20260809T165806Z_a1467e3b776a_stage08_b08_formal_8744f00a/operator_dtype_evidence_quadratic_not_applicable_20260809T165806Z_a1467e3b776a_stage08_b08_formal_8744f00a.csv","20260809T165806Z_a1467e3b776a_stage08_b08_formal_8744f00a","quadratic__quadratic_int16_10e3__eb2e095a4adc2866","quadratic","INT16",,"actual_typed_x_native_same_dtype_output","1","x:INT16:[1024]:bytes=2048:sha256=8dd20a410968ba0f1498bdbc03aab956e7da0a06562542f7d0c489f172642b25",,,,"eb2e095a4adc286650f88f0ecf9642e7e76f7f2c5ea221b983126e7934dfc2c7","INT16",,"not_applicable","INT16",,,,,,,,"PASS","OK"
"stage08","stage08_b08_quadratic_a1467e3b776a","formal","dtype_and_input_contract","runs/stage08_b08_quadratic_a1467e3b776a/formal/20260809T165806Z_a1467e3b776a_stage08_b08_formal_8744f00b/operator_dtype_evidence_quadratic_not_applicable_20260809T165806Z_a1467e3b776a_stage08_b08_formal_8744f00b.csv","20260809T165806Z_a1467e3b776a_stage08_b08_formal_8744f00b","quadratic__quadratic_int16_10e4__1d647ad8407d8576","quadratic","INT16",,"actual_typed_x_native_same_dtype_output","1","x:INT16:[10000]:bytes=20000:sha256=0f4a3f7b2fb7c40486bc74998820fcea97d7d7686e8f3967abd034ac8b19912d",,,,"1d647ad8407d857691535625a078bc619a087e768c841556a21bec9dfa2e97ba","INT16",,"not_applicable","INT16",,,,,,,,"PASS","OK"
"stage08","stage08_b08_quadratic_a1467e3b776a","formal","dtype_and_input_contract","runs/stage08_b08_quadratic_a1467e3b776a/formal/20260809T165806Z_a1467e3b776a_stage08_b08_formal_8744f00c/operator_dtype_evidence_quadratic_not_applicable_20260809T165806Z_a1467e3b776a_stage08_b08_formal_8744f00c.csv","20260809T165806Z_a1467e3b776a_stage08_b08_formal_8744f00c","quadratic__quadratic_int8_10e2__ba73a6649ec32f46","quadratic","INT8",,"actual_typed_x_native_same_dtype_output","1","x:INT8:[100]:bytes=100:sha256=decd7694ed55f9e08b60471fd7c78ca147fbafca3ccdecf06330d88b96e23434",,,,"ba73a6649ec32f4683d3f2a706272c2e9a251454d664381ad0b086ac8cc572b4","INT8",,"not_applicable","INT8",,,,,,,,"PASS","OK"
"stage08","stage08_b08_quadratic_a1467e3b776a","formal","dtype_and_input_contract","runs/stage08_b08_quadratic_a1467e3b776a/formal/20260809T165806Z_a1467e3b776a_stage08_b08_formal_8744f00d/operator_dtype_evidence_quadratic_not_applicable_20260809T165806Z_a1467e3b776a_stage08_b08_formal_8744f00d.csv","20260809T165806Z_a1467e3b776a_stage08_b08_formal_8744f00d","quadratic__quadratic_int8_10e3__1948b336418b2c17","quadratic","INT8",,"actual_typed_x_native_same_dtype_output","1","x:INT8:[1024]:bytes=1024:sha256=70a1fd085a62b6c8ea98365c2e70579a8b8fc6f8501fb8a7fa0c95ec319ed31e",,,,"1948b336418b2c1776d3f4d319a4cf5aa4689f866ae5891ec9417516e733f285","INT8",,"not_applicable","INT8",,,,,,,,"PASS","OK"
"stage08","stage08_b08_quadratic_a1467e3b776a","formal","dtype_and_input_contract","runs/stage08_b08_quadratic_a1467e3b776a/formal/20260809T165807Z_a1467e3b776a_stage08_b08_formal_8744f00e/operator_dtype_evidence_quadratic_not_applicable_20260809T165807Z_a1467e3b776a_stage08_b08_formal_8744f00e.csv","20260809T165807Z_a1467e3b776a_stage08_b08_formal_8744f00e","quadratic__quadratic_int8_10e4__2affffb25b04a7d7","quadratic","INT8",,"actual_typed_x_native_same_dtype_output","1","x:INT8:[10000]:bytes=10000:sha256=be218b5a6ee4d99f88a43b168210da32de0b83c4122c1d400b39377c3057bb5a",,,,"2affffb25b04a7d798f755aee2a9ae4a521e6f6979c2550ed49c492acc867427","INT8",,"not_applicable","INT8",,,,,,,,"PASS","OK"
"stage08","stage08_b08_rerun_gauss_spline_a1467e3b776a","formal","dtype_and_input_contract","runs/stage08_b08_rerun_gauss_spline_a1467e3b776a/formal/20260810T012601Z_a1467e3b776a_stage08_b08_formal_8763f000/operator_dtype_evidence_gauss_spline_not_applicable_20260810T012601Z_a1467e3b776a_stage08_b08_formal_8763f000.csv","20260810T012601Z_a1467e3b776a_stage08_b08_formal_8763f000","gauss_spline__gauss_spline_fp32_10e2__57a6a5b2a3940e8f","gauss_spline","FP32",,"actual_typed_x_fp32_compute_same_dtype_output","1","x:FP32:[100]:bytes=400:sha256=7b2d6e322a54544449b43061525563b04b2732f0a407579fcf90b8b54df73781",,,,"57a6a5b2a3940e8f3cb444baad3728c9ae474bce486f2c1c8af23514f785b069","FP32",,"not_applicable","FP32",,,,,,,,"PASS","OK"
"stage08","stage08_b08_rerun_gauss_spline_a1467e3b776a","formal","dtype_and_input_contract","runs/stage08_b08_rerun_gauss_spline_a1467e3b776a/formal/20260810T012601Z_a1467e3b776a_stage08_b08_formal_8763f001/operator_dtype_evidence_gauss_spline_not_applicable_20260810T012601Z_a1467e3b776a_stage08_b08_formal_8763f001.csv","20260810T012601Z_a1467e3b776a_stage08_b08_formal_8763f001","gauss_spline__gauss_spline_fp32_10e3__ce791367126c5b15","gauss_spline","FP32",,"actual_typed_x_fp32_compute_same_dtype_output","1","x:FP32:[1024]:bytes=4096:sha256=d8961c5f7c24a995d72217089d6e5c376e9edbe07f5c98f7160c01fc56b0b37c",,,,"ce791367126c5b155447412d29d8ad8c859176dd56fc0d4f37056db75a3422c0","FP32",,"not_applicable","FP32",,,,,,,,"PASS","OK"
"stage08","stage08_b08_rerun_gauss_spline_a1467e3b776a","formal","dtype_and_input_contract","runs/stage08_b08_rerun_gauss_spline_a1467e3b776a/formal/20260810T012601Z_a1467e3b776a_stage08_b08_formal_8763f002/operator_dtype_evidence_gauss_spline_not_applicable_20260810T012601Z_a1467e3b776a_stage08_b08_formal_8763f002.csv","20260810T012601Z_a1467e3b776a_stage08_b08_formal_8763f002","gauss_spline__gauss_spline_fp32_10e4__b2aec7edeb4cfc9d","gauss_spline","FP32",,"actual_typed_x_fp32_compute_same_dtype_output","1","x:FP32:[10000]:bytes=40000:sha256=5da44c19fb8ed7b7ae15e1fcad316659deb55fa6c93c26d08823b6baafdaffc3",,,,"b2aec7edeb4cfc9d08b031e9072feb7f35c0574442c544de5ce96160b2a2e874","FP32",,"not_applicable","FP32",,,,,,,,"PASS","OK"
"stage08","stage08_b08_rerun_gauss_spline_a1467e3b776a","formal","dtype_and_input_contract","runs/stage08_b08_rerun_gauss_spline_a1467e3b776a/formal/20260810T012602Z_a1467e3b776a_stage08_b08_formal_8763f003/operator_dtype_evidence_gauss_spline_not_applicable_20260810T012602Z_a1467e3b776a_stage08_b08_formal_8763f003.csv","20260810T012602Z_a1467e3b776a_stage08_b08_formal_8763f003","gauss_spline__gauss_spline_fp16_10e2__e0187e4848ff8668","gauss_spline","FP16",,"actual_typed_x_fp32_compute_same_dtype_output","1","x:FP16:[100]:bytes=200:sha256=a37c5ea4a0e3be5ce70610a9cb83d38c5a0a4fae66bf1b68f7290056aa0c9337",,,,"e0187e4848ff86687474745db6181b1ea28906967c77c21948e75e2321091e33","FP32",,"not_applicable","FP16",,,,,,,,"PASS","OK"
"stage08","stage08_b08_rerun_gauss_spline_a1467e3b776a","formal","dtype_and_input_contract","runs/stage08_b08_rerun_gauss_spline_a1467e3b776a/formal/20260810T012602Z_a1467e3b776a_stage08_b08_formal_8763f004/operator_dtype_evidence_gauss_spline_not_applicable_20260810T012602Z_a1467e3b776a_stage08_b08_formal_8763f004.csv","20260810T012602Z_a1467e3b776a_stage08_b08_formal_8763f004","gauss_spline__gauss_spline_fp16_10e3__e13bd31426795f3e","gauss_spline","FP16",,"actual_typed_x_fp32_compute_same_dtype_output","1","x:FP16:[1024]:bytes=2048:sha256=496102546e24405c81b128d731fd169bba441a9ba01072dd05722d5733faaa0f",,,,"e13bd31426795f3ed609902cc809371e97c721c8318b49add5b121b973294b02","FP32",,"not_applicable","FP16",,,,,,,,"PASS","OK"
"stage08","stage08_b08_rerun_gauss_spline_a1467e3b776a","formal","dtype_and_input_contract","runs/stage08_b08_rerun_gauss_spline_a1467e3b776a/formal/20260810T012602Z_a1467e3b776a_stage08_b08_formal_8763f005/operator_dtype_evidence_gauss_spline_not_applicable_20260810T012602Z_a1467e3b776a_stage08_b08_formal_8763f005.csv","20260810T012602Z_a1467e3b776a_stage08_b08_formal_8763f005","gauss_spline__gauss_spline_fp16_10e4__22a66eeba6dfc598","gauss_spline","FP16",,"actual_typed_x_fp32_compute_same_dtype_output","1","x:FP16:[10000]:bytes=20000:sha256=4fe724228256a3d069cacf6c9493dd56009d482c83e59ccdb4475b36dc3d4570",,,,"22a66eeba6dfc598e802406c794866f97877994d9444efe1ef9858e710bce3b4","FP32",,"not_applicable","FP16",,,,,,,,"PASS","OK"
"stage08","stage08_b08_rerun_gauss_spline_a1467e3b776a","formal","dtype_and_input_contract","runs/stage08_b08_rerun_gauss_spline_a1467e3b776a/formal/20260810T012602Z_a1467e3b776a_stage08_b08_formal_8763f006/operator_dtype_evidence_gauss_spline_not_applicable_20260810T012602Z_a1467e3b776a_stage08_b08_formal_8763f006.csv","20260810T012602Z_a1467e3b776a_stage08_b08_formal_8763f006","gauss_spline__gauss_spline_int32_10e2__b2d24714b760506c","gauss_spline","INT32",,"actual_typed_x_fp32_compute_same_dtype_output","1","x:INT32:[100]:bytes=400:sha256=9e595ef881c8789d7f2c2457f06e2e319ddbd206426fd76a9bbebc56fa73232b",,,,"b2d24714b760506c504cdef338a0d27664c0fe9f1c6564b246a664aedf4671a9","FP32",,"not_applicable","INT32",,,,,,,,"PASS","OK"
"stage08","stage08_b08_rerun_gauss_spline_a1467e3b776a","formal","dtype_and_input_contract","runs/stage08_b08_rerun_gauss_spline_a1467e3b776a/formal/20260810T012602Z_a1467e3b776a_stage08_b08_formal_8763f007/operator_dtype_evidence_gauss_spline_not_applicable_20260810T012602Z_a1467e3b776a_stage08_b08_formal_8763f007.csv","20260810T012602Z_a1467e3b776a_stage08_b08_formal_8763f007","gauss_spline__gauss_spline_int32_10e3__509f0044d4332e64","gauss_spline","INT32",,"actual_typed_x_fp32_compute_same_dtype_output","1","x:INT32:[1024]:bytes=4096:sha256=4db417c77084d0e5c38a9ce86ed4bdeb1d996cf00aad7d7151609fe08a33173f",,,,"509f0044d4332e648fee190e0b89dbf6742586a0708ee72ad42f24cc8603c187","FP32",,"not_applicable","INT32",,,,,,,,"PASS","OK"
"stage08","stage08_b08_rerun_gauss_spline_a1467e3b776a","formal","dtype_and_input_contract","runs/stage08_b08_rerun_gauss_spline_a1467e3b776a/formal/20260810T012602Z_a1467e3b776a_stage08_b08_formal_8763f008/operator_dtype_evidence_gauss_spline_not_applicable_20260810T012602Z_a1467e3b776a_stage08_b08_formal_8763f008.csv","20260810T012602Z_a1467e3b776a_stage08_b08_formal_8763f008","gauss_spline__gauss_spline_int32_10e4__f382208f07655018","gauss_spline","INT32",,"actual_typed_x_fp32_compute_same_dtype_output","1","x:INT32:[10000]:bytes=40000:sha256=18109a678afdb2c2cfd02bf8ba6ac28c2afeeb895c4c553fea5fb6405eb60e1f",,,,"f382208f07655018665ef7162deaf6825066d7f99811ea02250cb26a5e33b0ae","FP32",,"not_applicable","INT32",,,,,,,,"PASS","OK"
"stage08","stage08_b08_rerun_gauss_spline_a1467e3b776a","formal","dtype_and_input_contract","runs/stage08_b08_rerun_gauss_spline_a1467e3b776a/formal/20260810T012603Z_a1467e3b776a_stage08_b08_formal_8763f009/operator_dtype_evidence_gauss_spline_not_applicable_20260810T012603Z_a1467e3b776a_stage08_b08_formal_8763f009.csv","20260810T012603Z_a1467e3b776a_stage08_b08_formal_8763f009","gauss_spline__gauss_spline_int16_10e2__586ab46a5714cefb","gauss_spline","INT16",,"actual_typed_x_fp32_compute_same_dtype_output","1","x:INT16:[100]:bytes=200:sha256=5698dc1b2e2a6cc62ac35ac9c913654e700c245b87cc2533bb478c93fab24343",,,,"586ab46a5714cefba87601abe62020afee9d4d5d3e086c18be1823710bbe93bb","FP32",,"not_applicable","INT16",,,,,,,,"PASS","OK"
"stage08","stage08_b08_rerun_gauss_spline_a1467e3b776a","formal","dtype_and_input_contract","runs/stage08_b08_rerun_gauss_spline_a1467e3b776a/formal/20260810T012603Z_a1467e3b776a_stage08_b08_formal_8763f00a/operator_dtype_evidence_gauss_spline_not_applicable_20260810T012603Z_a1467e3b776a_stage08_b08_formal_8763f00a.csv","20260810T012603Z_a1467e3b776a_stage08_b08_formal_8763f00a","gauss_spline__gauss_spline_int16_10e3__eb2e095a4adc2866","gauss_spline","INT16",,"actual_typed_x_fp32_compute_same_dtype_output","1","x:INT16:[1024]:bytes=2048:sha256=8dd20a410968ba0f1498bdbc03aab956e7da0a06562542f7d0c489f172642b25",,,,"eb2e095a4adc286650f88f0ecf9642e7e76f7f2c5ea221b983126e7934dfc2c7","FP32",,"not_applicable","INT16",,,,,,,,"PASS","OK"
"stage08","stage08_b08_rerun_gauss_spline_a1467e3b776a","formal","dtype_and_input_contract","runs/stage08_b08_rerun_gauss_spline_a1467e3b776a/formal/20260810T012603Z_a1467e3b776a_stage08_b08_formal_8763f00b/operator_dtype_evidence_gauss_spline_not_applicable_20260810T012603Z_a1467e3b776a_stage08_b08_formal_8763f00b.csv","20260810T012603Z_a1467e3b776a_stage08_b08_formal_8763f00b","gauss_spline__gauss_spline_int16_10e4__1d647ad8407d8576","gauss_spline","INT16",,"actual_typed_x_fp32_compute_same_dtype_output","1","x:INT16:[10000]:bytes=20000:sha256=0f4a3f7b2fb7c40486bc74998820fcea97d7d7686e8f3967abd034ac8b19912d",,,,"1d647ad8407d857691535625a078bc619a087e768c841556a21bec9dfa2e97ba","FP32",,"not_applicable","INT16",,,,,,,,"PASS","OK"
"stage08","stage08_b08_rerun_gauss_spline_a1467e3b776a","formal","dtype_and_input_contract","runs/stage08_b08_rerun_gauss_spline_a1467e3b776a/formal/20260810T012603Z_a1467e3b776a_stage08_b08_formal_8763f00c/operator_dtype_evidence_gauss_spline_not_applicable_20260810T012603Z_a1467e3b776a_stage08_b08_formal_8763f00c.csv","20260810T012603Z_a1467e3b776a_stage08_b08_formal_8763f00c","gauss_spline__gauss_spline_int8_10e2__ba73a6649ec32f46","gauss_spline","INT8",,"actual_typed_x_fp32_compute_same_dtype_output","1","x:INT8:[100]:bytes=100:sha256=decd7694ed55f9e08b60471fd7c78ca147fbafca3ccdecf06330d88b96e23434",,,,"ba73a6649ec32f4683d3f2a706272c2e9a251454d664381ad0b086ac8cc572b4","FP32",,"not_applicable","INT8",,,,,,,,"PASS","OK"
"stage08","stage08_b08_rerun_gauss_spline_a1467e3b776a","formal","dtype_and_input_contract","runs/stage08_b08_rerun_gauss_spline_a1467e3b776a/formal/20260810T012603Z_a1467e3b776a_stage08_b08_formal_8763f00d/operator_dtype_evidence_gauss_spline_not_applicable_20260810T012603Z_a1467e3b776a_stage08_b08_formal_8763f00d.csv","20260810T012603Z_a1467e3b776a_stage08_b08_formal_8763f00d","gauss_spline__gauss_spline_int8_10e3__1948b336418b2c17","gauss_spline","INT8",,"actual_typed_x_fp32_compute_same_dtype_output","1","x:INT8:[1024]:bytes=1024:sha256=70a1fd085a62b6c8ea98365c2e70579a8b8fc6f8501fb8a7fa0c95ec319ed31e",,,,"1948b336418b2c1776d3f4d319a4cf5aa4689f866ae5891ec9417516e733f285","FP32",,"not_applicable","INT8",,,,,,,,"PASS","OK"
"stage08","stage08_b08_rerun_gauss_spline_a1467e3b776a","formal","dtype_and_input_contract","runs/stage08_b08_rerun_gauss_spline_a1467e3b776a/formal/20260810T012603Z_a1467e3b776a_stage08_b08_formal_8763f00e/operator_dtype_evidence_gauss_spline_not_applicable_20260810T012603Z_a1467e3b776a_stage08_b08_formal_8763f00e.csv","20260810T012603Z_a1467e3b776a_stage08_b08_formal_8763f00e","gauss_spline__gauss_spline_int8_10e4__2affffb25b04a7d7","gauss_spline","INT8",,"actual_typed_x_fp32_compute_same_dtype_output","1","x:INT8:[10000]:bytes=10000:sha256=be218b5a6ee4d99f88a43b168210da32de0b83c4122c1d400b39377c3057bb5a",,,,"2affffb25b04a7d798f755aee2a9ae4a521e6f6979c2550ed49c492acc867427","FP32",,"not_applicable","INT8",,,,,,,,"PASS","OK"
"stage08","stage08_b08_rerun_quadratic_a1467e3b776a","formal","dtype_and_input_contract","runs/stage08_b08_rerun_quadratic_a1467e3b776a/formal/20260810T012629Z_a1467e3b776a_stage08_b08_formal_8764f000/operator_dtype_evidence_quadratic_not_applicable_20260810T012629Z_a1467e3b776a_stage08_b08_formal_8764f000.csv","20260810T012629Z_a1467e3b776a_stage08_b08_formal_8764f000","quadratic__quadratic_fp32_10e2__c9d8103c68153150","quadratic","FP32",,"actual_typed_x_native_same_dtype_output","1","x:FP32:[100]:bytes=400:sha256=91ea4614be46e9612c5d89584953d65d353b93a0c549424008ce29a51fb20b2e",,,,"c9d8103c68153150f98559051d1281f610a87b315653f6e1df6398b9db058871","FP32",,"not_applicable","FP32",,,,,,,,"PASS","OK"
"stage08","stage08_b08_rerun_quadratic_a1467e3b776a","formal","dtype_and_input_contract","runs/stage08_b08_rerun_quadratic_a1467e3b776a/formal/20260810T012629Z_a1467e3b776a_stage08_b08_formal_8764f001/operator_dtype_evidence_quadratic_not_applicable_20260810T012629Z_a1467e3b776a_stage08_b08_formal_8764f001.csv","20260810T012629Z_a1467e3b776a_stage08_b08_formal_8764f001","quadratic__quadratic_fp32_10e3__78735b7618e17d4b","quadratic","FP32",,"actual_typed_x_native_same_dtype_output","1","x:FP32:[1024]:bytes=4096:sha256=7c8bb3794b20e6284067850582eeb74157ce36e00fa9e56d221491058380838a",,,,"78735b7618e17d4b256e0d4a06af6663e146285f4c5de4e107010469f220ea0c","FP32",,"not_applicable","FP32",,,,,,,,"PASS","OK"
"stage08","stage08_b08_rerun_quadratic_a1467e3b776a","formal","dtype_and_input_contract","runs/stage08_b08_rerun_quadratic_a1467e3b776a/formal/20260810T012629Z_a1467e3b776a_stage08_b08_formal_8764f002/operator_dtype_evidence_quadratic_not_applicable_20260810T012629Z_a1467e3b776a_stage08_b08_formal_8764f002.csv","20260810T012629Z_a1467e3b776a_stage08_b08_formal_8764f002","quadratic__quadratic_fp32_10e4__2b73b4275666d123","quadratic","FP32",,"actual_typed_x_native_same_dtype_output","1","x:FP32:[10000]:bytes=40000:sha256=3e0da91441b985d058047f9158263a4005a7453d1028c310a684ad91247b6e2e",,,,"2b73b4275666d12350b69d28866b7de7e1a2e7db53967ba0a9488c4838584f8c","FP32",,"not_applicable","FP32",,,,,,,,"PASS","OK"
"stage08","stage08_b08_rerun_quadratic_a1467e3b776a","formal","dtype_and_input_contract","runs/stage08_b08_rerun_quadratic_a1467e3b776a/formal/20260810T012630Z_a1467e3b776a_stage08_b08_formal_8764f003/operator_dtype_evidence_quadratic_not_applicable_20260810T012630Z_a1467e3b776a_stage08_b08_formal_8764f003.csv","20260810T012630Z_a1467e3b776a_stage08_b08_formal_8764f003","quadratic__quadratic_fp16_10e2__46c24ce461ad684d","quadratic","FP16",,"actual_typed_x_native_same_dtype_output","1","x:FP16:[100]:bytes=200:sha256=70ac14a3fc6d3822e20c609dfeb65bc043a29212f70b09eb3ceec463f04f979b",,,,"46c24ce461ad684d3351a77ac10a066c3b941b5b1f7c1a45ab14576b5f3ab2b1","FP16",,"not_applicable","FP16",,,,,,,,"PASS","OK"
"stage08","stage08_b08_rerun_quadratic_a1467e3b776a","formal","dtype_and_input_contract","runs/stage08_b08_rerun_quadratic_a1467e3b776a/formal/20260810T012630Z_a1467e3b776a_stage08_b08_formal_8764f004/operator_dtype_evidence_quadratic_not_applicable_20260810T012630Z_a1467e3b776a_stage08_b08_formal_8764f004.csv","20260810T012630Z_a1467e3b776a_stage08_b08_formal_8764f004","quadratic__quadratic_fp16_10e3__77aeb504e415b582","quadratic","FP16",,"actual_typed_x_native_same_dtype_output","1","x:FP16:[1024]:bytes=2048:sha256=5dfa0bbd68454417501716116ce87478cb4745445a3827a9b43ee2cf03e576bc",,,,"77aeb504e415b5823b533c5800b36bee9063a462fcc5f0b0c5aaa4115ccc25f8","FP16",,"not_applicable","FP16",,,,,,,,"PASS","OK"
"stage08","stage08_b08_rerun_quadratic_a1467e3b776a","formal","dtype_and_input_contract","runs/stage08_b08_rerun_quadratic_a1467e3b776a/formal/20260810T012630Z_a1467e3b776a_stage08_b08_formal_8764f005/operator_dtype_evidence_quadratic_not_applicable_20260810T012630Z_a1467e3b776a_stage08_b08_formal_8764f005.csv","20260810T012630Z_a1467e3b776a_stage08_b08_formal_8764f005","quadratic__quadratic_fp16_10e4__701f9012feb10b28","quadratic","FP16",,"actual_typed_x_native_same_dtype_output","1","x:FP16:[10000]:bytes=20000:sha256=4ca9331216c0f8559b06a6bdec1bc085b2cead96662941efdae4ddeb4989cd48",,,,"701f9012feb10b28272cb208a8f631036ecbc925758cecd6abad2327bb7a3a4a","FP16",,"not_applicable","FP16",,,,,,,,"PASS","OK"
"stage08","stage08_b08_rerun_quadratic_a1467e3b776a","formal","dtype_and_input_contract","runs/stage08_b08_rerun_quadratic_a1467e3b776a/formal/20260810T012630Z_a1467e3b776a_stage08_b08_formal_8764f006/operator_dtype_evidence_quadratic_not_applicable_20260810T012630Z_a1467e3b776a_stage08_b08_formal_8764f006.csv","20260810T012630Z_a1467e3b776a_stage08_b08_formal_8764f006","quadratic__quadratic_int32_10e2__b2d24714b760506c","quadratic","INT32",,"actual_typed_x_native_same_dtype_output","1","x:INT32:[100]:bytes=400:sha256=9e595ef881c8789d7f2c2457f06e2e319ddbd206426fd76a9bbebc56fa73232b",,,,"b2d24714b760506c504cdef338a0d27664c0fe9f1c6564b246a664aedf4671a9","INT32",,"not_applicable","INT32",,,,,,,,"PASS","OK"
"stage08","stage08_b08_rerun_quadratic_a1467e3b776a","formal","dtype_and_input_contract","runs/stage08_b08_rerun_quadratic_a1467e3b776a/formal/20260810T012630Z_a1467e3b776a_stage08_b08_formal_8764f007/operator_dtype_evidence_quadratic_not_applicable_20260810T012630Z_a1467e3b776a_stage08_b08_formal_8764f007.csv","20260810T012630Z_a1467e3b776a_stage08_b08_formal_8764f007","quadratic__quadratic_int32_10e3__509f0044d4332e64","quadratic","INT32",,"actual_typed_x_native_same_dtype_output","1","x:INT32:[1024]:bytes=4096:sha256=4db417c77084d0e5c38a9ce86ed4bdeb1d996cf00aad7d7151609fe08a33173f",,,,"509f0044d4332e648fee190e0b89dbf6742586a0708ee72ad42f24cc8603c187","INT32",,"not_applicable","INT32",,,,,,,,"PASS","OK"
"stage08","stage08_b08_rerun_quadratic_a1467e3b776a","formal","dtype_and_input_contract","runs/stage08_b08_rerun_quadratic_a1467e3b776a/formal/20260810T012630Z_a1467e3b776a_stage08_b08_formal_8764f008/operator_dtype_evidence_quadratic_not_applicable_20260810T012630Z_a1467e3b776a_stage08_b08_formal_8764f008.csv","20260810T012630Z_a1467e3b776a_stage08_b08_formal_8764f008","quadratic__quadratic_int32_10e4__f382208f07655018","quadratic","INT32",,"actual_typed_x_native_same_dtype_output","1","x:INT32:[10000]:bytes=40000:sha256=18109a678afdb2c2cfd02bf8ba6ac28c2afeeb895c4c553fea5fb6405eb60e1f",,,,"f382208f07655018665ef7162deaf6825066d7f99811ea02250cb26a5e33b0ae","INT32",,"not_applicable","INT32",,,,,,,,"PASS","OK"
"stage08","stage08_b08_rerun_quadratic_a1467e3b776a","formal","dtype_and_input_contract","runs/stage08_b08_rerun_quadratic_a1467e3b776a/formal/20260810T012631Z_a1467e3b776a_stage08_b08_formal_8764f009/operator_dtype_evidence_quadratic_not_applicable_20260810T012631Z_a1467e3b776a_stage08_b08_formal_8764f009.csv","20260810T012631Z_a1467e3b776a_stage08_b08_formal_8764f009","quadratic__quadratic_int16_10e2__586ab46a5714cefb","quadratic","INT16",,"actual_typed_x_native_same_dtype_output","1","x:INT16:[100]:bytes=200:sha256=5698dc1b2e2a6cc62ac35ac9c913654e700c245b87cc2533bb478c93fab24343",,,,"586ab46a5714cefba87601abe62020afee9d4d5d3e086c18be1823710bbe93bb","INT16",,"not_applicable","INT16",,,,,,,,"PASS","OK"
"stage08","stage08_b08_rerun_quadratic_a1467e3b776a","formal","dtype_and_input_contract","runs/stage08_b08_rerun_quadratic_a1467e3b776a/formal/20260810T012631Z_a1467e3b776a_stage08_b08_formal_8764f00a/operator_dtype_evidence_quadratic_not_applicable_20260810T012631Z_a1467e3b776a_stage08_b08_formal_8764f00a.csv","20260810T012631Z_a1467e3b776a_stage08_b08_formal_8764f00a","quadratic__quadratic_int16_10e3__eb2e095a4adc2866","quadratic","INT16",,"actual_typed_x_native_same_dtype_output","1","x:INT16:[1024]:bytes=2048:sha256=8dd20a410968ba0f1498bdbc03aab956e7da0a06562542f7d0c489f172642b25",,,,"eb2e095a4adc286650f88f0ecf9642e7e76f7f2c5ea221b983126e7934dfc2c7","INT16",,"not_applicable","INT16",,,,,,,,"PASS","OK"
"stage08","stage08_b08_rerun_quadratic_a1467e3b776a","formal","dtype_and_input_contract","runs/stage08_b08_rerun_quadratic_a1467e3b776a/formal/20260810T012631Z_a1467e3b776a_stage08_b08_formal_8764f00b/operator_dtype_evidence_quadratic_not_applicable_20260810T012631Z_a1467e3b776a_stage08_b08_formal_8764f00b.csv","20260810T012631Z_a1467e3b776a_stage08_b08_formal_8764f00b","quadratic__quadratic_int16_10e4__1d647ad8407d8576","quadratic","INT16",,"actual_typed_x_native_same_dtype_output","1","x:INT16:[10000]:bytes=20000:sha256=0f4a3f7b2fb7c40486bc74998820fcea97d7d7686e8f3967abd034ac8b19912d",,,,"1d647ad8407d857691535625a078bc619a087e768c841556a21bec9dfa2e97ba","INT16",,"not_applicable","INT16",,,,,,,,"PASS","OK"
"stage08","stage08_b08_rerun_quadratic_a1467e3b776a","formal","dtype_and_input_contract","runs/stage08_b08_rerun_quadratic_a1467e3b776a/formal/20260810T012631Z_a1467e3b776a_stage08_b08_formal_8764f00c/operator_dtype_evidence_quadratic_not_applicable_20260810T012631Z_a1467e3b776a_stage08_b08_formal_8764f00c.csv","20260810T012631Z_a1467e3b776a_stage08_b08_formal_8764f00c","quadratic__quadratic_int8_10e2__ba73a6649ec32f46","quadratic","INT8",,"actual_typed_x_native_same_dtype_output","1","x:INT8:[100]:bytes=100:sha256=decd7694ed55f9e08b60471fd7c78ca147fbafca3ccdecf06330d88b96e23434",,,,"ba73a6649ec32f4683d3f2a706272c2e9a251454d664381ad0b086ac8cc572b4","INT8",,"not_applicable","INT8",,,,,,,,"PASS","OK"
"stage08","stage08_b08_rerun_quadratic_a1467e3b776a","formal","dtype_and_input_contract","runs/stage08_b08_rerun_quadratic_a1467e3b776a/formal/20260810T012631Z_a1467e3b776a_stage08_b08_formal_8764f00d/operator_dtype_evidence_quadratic_not_applicable_20260810T012631Z_a1467e3b776a_stage08_b08_formal_8764f00d.csv","20260810T012631Z_a1467e3b776a_stage08_b08_formal_8764f00d","quadratic__quadratic_int8_10e3__1948b336418b2c17","quadratic","INT8",,"actual_typed_x_native_same_dtype_output","1","x:INT8:[1024]:bytes=1024:sha256=70a1fd085a62b6c8ea98365c2e70579a8b8fc6f8501fb8a7fa0c95ec319ed31e",,,,"1948b336418b2c1776d3f4d319a4cf5aa4689f866ae5891ec9417516e733f285","INT8",,"not_applicable","INT8",,,,,,,,"PASS","OK"
"stage08","stage08_b08_rerun_quadratic_a1467e3b776a","formal","dtype_and_input_contract","runs/stage08_b08_rerun_quadratic_a1467e3b776a/formal/20260810T012631Z_a1467e3b776a_stage08_b08_formal_8764f00e/operator_dtype_evidence_quadratic_not_applicable_20260810T012631Z_a1467e3b776a_stage08_b08_formal_8764f00e.csv","20260810T012631Z_a1467e3b776a_stage08_b08_formal_8764f00e","quadratic__quadratic_int8_10e4__2affffb25b04a7d7","quadratic","INT8",,"actual_typed_x_native_same_dtype_output","1","x:INT8:[10000]:bytes=10000:sha256=be218b5a6ee4d99f88a43b168210da32de0b83c4122c1d400b39377c3057bb5a",,,,"2affffb25b04a7d798f755aee2a9ae4a521e6f6979c2550ed49c492acc867427","INT8",,"not_applicable","INT8",,,,,,,,"PASS","OK"
"stage08","stage08_b08_rerun_unit_impulse_a1467e3b776a","formal","dtype_and_input_contract","runs/stage08_b08_rerun_unit_impulse_a1467e3b776a/formal/20260810T012701Z_a1467e3b776a_stage08_b08_formal_8765f000/operator_dtype_evidence_unit_impulse_not_applicable_20260810T012701Z_a1467e3b776a_stage08_b08_formal_8765f000.csv","20260810T012701Z_a1467e3b776a_stage08_b08_formal_8765f000","unit_impulse__unit_impulse_fp32_10e2__f4602dbd2e5d4fe2","unit_impulse","FP32",,"request_variant_no_typed_business_input_dtype_argument_ignored_fp64_output","0","request_variant:FP32:dtype_argument_ignored:shape=100:idx=0:mode=zero",,,,"f4602dbd2e5d4fe2d437ce71c953bd5b207182e4049e0a168b6990ed0e0cae07","bit_pattern_write",,"not_applicable","FP64",,,,,,,,"PASS","OK"
"stage08","stage08_b08_rerun_unit_impulse_a1467e3b776a","formal","dtype_and_input_contract","runs/stage08_b08_rerun_unit_impulse_a1467e3b776a/formal/20260810T012701Z_a1467e3b776a_stage08_b08_formal_8765f001/operator_dtype_evidence_unit_impulse_not_applicable_20260810T012701Z_a1467e3b776a_stage08_b08_formal_8765f001.csv","20260810T012701Z_a1467e3b776a_stage08_b08_formal_8765f001","unit_impulse__unit_impulse_fp32_10e3__1f2979ecc66cbd57","unit_impulse","FP32",,"request_variant_no_typed_business_input_dtype_argument_ignored_fp64_output","0","request_variant:FP32:dtype_argument_ignored:shape=1024:idx=512:mode=mid",,,,"1f2979ecc66cbd57142aa763547a285cabc7b1fdbac113bceaa39745d15ec2ab","bit_pattern_write",,"not_applicable","FP64",,,,,,,,"PASS","OK"
"stage08","stage08_b08_rerun_unit_impulse_a1467e3b776a","formal","dtype_and_input_contract","runs/stage08_b08_rerun_unit_impulse_a1467e3b776a/formal/20260810T012701Z_a1467e3b776a_stage08_b08_formal_8765f002/operator_dtype_evidence_unit_impulse_not_applicable_20260810T012701Z_a1467e3b776a_stage08_b08_formal_8765f002.csv","20260810T012701Z_a1467e3b776a_stage08_b08_formal_8765f002","unit_impulse__unit_impulse_fp32_10e4__ec62101a6c94fda0","unit_impulse","FP32",,"request_variant_no_typed_business_input_dtype_argument_ignored_fp64_output","0","request_variant:FP32:dtype_argument_ignored:shape=10000:idx=10000:mode=out_of_range",,,,"ec62101a6c94fda08e239f79ddbfe5aa28acc341765e9dd3194c23d87d9fba78","bit_pattern_write",,"not_applicable","FP64",,,,,,,,"PASS","OK"
"stage08","stage08_b08_rerun_unit_impulse_a1467e3b776a","formal","dtype_and_input_contract","runs/stage08_b08_rerun_unit_impulse_a1467e3b776a/formal/20260810T012701Z_a1467e3b776a_stage08_b08_formal_8765f003/operator_dtype_evidence_unit_impulse_not_applicable_20260810T012701Z_a1467e3b776a_stage08_b08_formal_8765f003.csv","20260810T012701Z_a1467e3b776a_stage08_b08_formal_8765f003","unit_impulse__unit_impulse_fp16_10e2__303d7e21aecbad8f","unit_impulse","FP16",,"request_variant_no_typed_business_input_dtype_argument_ignored_fp64_output","0","request_variant:FP16:dtype_argument_ignored:shape=100:idx=0:mode=zero",,,,"303d7e21aecbad8fb4ecd2d114ace00e6a50f9eb76bcb37775c12e04c17452a5","bit_pattern_write",,"not_applicable","FP64",,,,,,,,"PASS","OK"
"stage08","stage08_b08_rerun_unit_impulse_a1467e3b776a","formal","dtype_and_input_contract","runs/stage08_b08_rerun_unit_impulse_a1467e3b776a/formal/20260810T012701Z_a1467e3b776a_stage08_b08_formal_8765f004/operator_dtype_evidence_unit_impulse_not_applicable_20260810T012701Z_a1467e3b776a_stage08_b08_formal_8765f004.csv","20260810T012701Z_a1467e3b776a_stage08_b08_formal_8765f004","unit_impulse__unit_impulse_fp16_10e3__7b7fb54aadee3b85","unit_impulse","FP16",,"request_variant_no_typed_business_input_dtype_argument_ignored_fp64_output","0","request_variant:FP16:dtype_argument_ignored:shape=1024:idx=512:mode=mid",,,,"7b7fb54aadee3b8562dd39c745610e57d8529df39936cf295c51bfd76d9ff04c","bit_pattern_write",,"not_applicable","FP64",,,,,,,,"PASS","OK"
"stage08","stage08_b08_rerun_unit_impulse_a1467e3b776a","formal","dtype_and_input_contract","runs/stage08_b08_rerun_unit_impulse_a1467e3b776a/formal/20260810T012701Z_a1467e3b776a_stage08_b08_formal_8765f005/operator_dtype_evidence_unit_impulse_not_applicable_20260810T012701Z_a1467e3b776a_stage08_b08_formal_8765f005.csv","20260810T012701Z_a1467e3b776a_stage08_b08_formal_8765f005","unit_impulse__unit_impulse_fp16_10e4__9d8fe8f1df684073","unit_impulse","FP16",,"request_variant_no_typed_business_input_dtype_argument_ignored_fp64_output","0","request_variant:FP16:dtype_argument_ignored:shape=10000:idx=10000:mode=out_of_range",,,,"9d8fe8f1df68407372fbd84a2abfcfcb6c31da2a6d29e40bb180fc2ab8ca38aa","bit_pattern_write",,"not_applicable","FP64",,,,,,,,"PASS","OK"
"stage08","stage08_b08_rerun_unit_impulse_a1467e3b776a","formal","dtype_and_input_contract","runs/stage08_b08_rerun_unit_impulse_a1467e3b776a/formal/20260810T012702Z_a1467e3b776a_stage08_b08_formal_8765f006/operator_dtype_evidence_unit_impulse_not_applicable_20260810T012702Z_a1467e3b776a_stage08_b08_formal_8765f006.csv","20260810T012702Z_a1467e3b776a_stage08_b08_formal_8765f006","unit_impulse__unit_impulse_int32_10e2__b4dc181f4f061f1a","unit_impulse","INT32",,"request_variant_no_typed_business_input_dtype_argument_ignored_fp64_output","0","request_variant:INT32:dtype_argument_ignored:shape=100:idx=0:mode=zero",,,,"b4dc181f4f061f1adedd50c3d0410b95194b28126fb33ddd16af01e4ea68f970","bit_pattern_write",,"not_applicable","FP64",,,,,,,,"PASS","OK"
"stage08","stage08_b08_rerun_unit_impulse_a1467e3b776a","formal","dtype_and_input_contract","runs/stage08_b08_rerun_unit_impulse_a1467e3b776a/formal/20260810T012702Z_a1467e3b776a_stage08_b08_formal_8765f007/operator_dtype_evidence_unit_impulse_not_applicable_20260810T012702Z_a1467e3b776a_stage08_b08_formal_8765f007.csv","20260810T012702Z_a1467e3b776a_stage08_b08_formal_8765f007","unit_impulse__unit_impulse_int32_10e3__c769fc8095e89351","unit_impulse","INT32",,"request_variant_no_typed_business_input_dtype_argument_ignored_fp64_output","0","request_variant:INT32:dtype_argument_ignored:shape=1024:idx=512:mode=mid",,,,"c769fc8095e893516bb13d7e117130dbd1d08ba3434e0f688d44b40e5b26c856","bit_pattern_write",,"not_applicable","FP64",,,,,,,,"PASS","OK"
"stage08","stage08_b08_rerun_unit_impulse_a1467e3b776a","formal","dtype_and_input_contract","runs/stage08_b08_rerun_unit_impulse_a1467e3b776a/formal/20260810T012702Z_a1467e3b776a_stage08_b08_formal_8765f008/operator_dtype_evidence_unit_impulse_not_applicable_20260810T012702Z_a1467e3b776a_stage08_b08_formal_8765f008.csv","20260810T012702Z_a1467e3b776a_stage08_b08_formal_8765f008","unit_impulse__unit_impulse_int32_10e4__7acd50ebaf8c72e2","unit_impulse","INT32",,"request_variant_no_typed_business_input_dtype_argument_ignored_fp64_output","0","request_variant:INT32:dtype_argument_ignored:shape=10000:idx=10000:mode=out_of_range",,,,"7acd50ebaf8c72e2d4fc39b75d565f8e6c8be7927e77faea02f0a254830fabf1","bit_pattern_write",,"not_applicable","FP64",,,,,,,,"PASS","OK"
"stage08","stage08_b08_rerun_unit_impulse_a1467e3b776a","formal","dtype_and_input_contract","runs/stage08_b08_rerun_unit_impulse_a1467e3b776a/formal/20260810T012702Z_a1467e3b776a_stage08_b08_formal_8765f009/operator_dtype_evidence_unit_impulse_not_applicable_20260810T012702Z_a1467e3b776a_stage08_b08_formal_8765f009.csv","20260810T012702Z_a1467e3b776a_stage08_b08_formal_8765f009","unit_impulse__unit_impulse_int16_10e2__85fd16b4b95c3dff","unit_impulse","INT16",,"request_variant_no_typed_business_input_dtype_argument_ignored_fp64_output","0","request_variant:INT16:dtype_argument_ignored:shape=100:idx=0:mode=zero",,,,"85fd16b4b95c3dffc24c55c49bea5a306d19c0bdf44e4442644b0eccf354aa1d","bit_pattern_write",,"not_applicable","FP64",,,,,,,,"PASS","OK"
"stage08","stage08_b08_rerun_unit_impulse_a1467e3b776a","formal","dtype_and_input_contract","runs/stage08_b08_rerun_unit_impulse_a1467e3b776a/formal/20260810T012702Z_a1467e3b776a_stage08_b08_formal_8765f00a/operator_dtype_evidence_unit_impulse_not_applicable_20260810T012702Z_a1467e3b776a_stage08_b08_formal_8765f00a.csv","20260810T012702Z_a1467e3b776a_stage08_b08_formal_8765f00a","unit_impulse__unit_impulse_int16_10e3__fec9023306c82972","unit_impulse","INT16",,"request_variant_no_typed_business_input_dtype_argument_ignored_fp64_output","0","request_variant:INT16:dtype_argument_ignored:shape=1024:idx=512:mode=mid",,,,"fec9023306c829724010ea522d07ac668aa529f2d5761400292e050825b9f82e","bit_pattern_write",,"not_applicable","FP64",,,,,,,,"PASS","OK"
"stage08","stage08_b08_rerun_unit_impulse_a1467e3b776a","formal","dtype_and_input_contract","runs/stage08_b08_rerun_unit_impulse_a1467e3b776a/formal/20260810T012702Z_a1467e3b776a_stage08_b08_formal_8765f00b/operator_dtype_evidence_unit_impulse_not_applicable_20260810T012702Z_a1467e3b776a_stage08_b08_formal_8765f00b.csv","20260810T012702Z_a1467e3b776a_stage08_b08_formal_8765f00b","unit_impulse__unit_impulse_int16_10e4__dc7d30267ad397c8","unit_impulse","INT16",,"request_variant_no_typed_business_input_dtype_argument_ignored_fp64_output","0","request_variant:INT16:dtype_argument_ignored:shape=10000:idx=10000:mode=out_of_range",,,,"dc7d30267ad397c8376568ff63a86bc438f9438ae78a8cfab7be98d630032a00","bit_pattern_write",,"not_applicable","FP64",,,,,,,,"PASS","OK"
"stage08","stage08_b08_rerun_unit_impulse_a1467e3b776a","formal","dtype_and_input_contract","runs/stage08_b08_rerun_unit_impulse_a1467e3b776a/formal/20260810T012702Z_a1467e3b776a_stage08_b08_formal_8765f00c/operator_dtype_evidence_unit_impulse_not_applicable_20260810T012702Z_a1467e3b776a_stage08_b08_formal_8765f00c.csv","20260810T012702Z_a1467e3b776a_stage08_b08_formal_8765f00c","unit_impulse__unit_impulse_int8_10e2__17efe972682b3130","unit_impulse","INT8",,"request_variant_no_typed_business_input_dtype_argument_ignored_fp64_output","0","request_variant:INT8:dtype_argument_ignored:shape=100:idx=0:mode=zero",,,,"17efe972682b31307df45404c78122f1936be90634651530bdbfa10ac3e80e24","bit_pattern_write",,"not_applicable","FP64",,,,,,,,"PASS","OK"
"stage08","stage08_b08_rerun_unit_impulse_a1467e3b776a","formal","dtype_and_input_contract","runs/stage08_b08_rerun_unit_impulse_a1467e3b776a/formal/20260810T012702Z_a1467e3b776a_stage08_b08_formal_8765f00d/operator_dtype_evidence_unit_impulse_not_applicable_20260810T012702Z_a1467e3b776a_stage08_b08_formal_8765f00d.csv","20260810T012702Z_a1467e3b776a_stage08_b08_formal_8765f00d","unit_impulse__unit_impulse_int8_10e3__d62d411ca3c523f5","unit_impulse","INT8",,"request_variant_no_typed_business_input_dtype_argument_ignored_fp64_output","0","request_variant:INT8:dtype_argument_ignored:shape=1024:idx=512:mode=mid",,,,"d62d411ca3c523f5800c841124a8c674a59124a9bca82577b518914f8212bac7","bit_pattern_write",,"not_applicable","FP64",,,,,,,,"PASS","OK"
"stage08","stage08_b08_rerun_unit_impulse_a1467e3b776a","formal","dtype_and_input_contract","runs/stage08_b08_rerun_unit_impulse_a1467e3b776a/formal/20260810T012703Z_a1467e3b776a_stage08_b08_formal_8765f00e/operator_dtype_evidence_unit_impulse_not_applicable_20260810T012703Z_a1467e3b776a_stage08_b08_formal_8765f00e.csv","20260810T012703Z_a1467e3b776a_stage08_b08_formal_8765f00e","unit_impulse__unit_impulse_int8_10e4__f5f4e14d7481aa2c","unit_impulse","INT8",,"request_variant_no_typed_business_input_dtype_argument_ignored_fp64_output","0","request_variant:INT8:dtype_argument_ignored:shape=10000:idx=10000:mode=out_of_range",,,,"f5f4e14d7481aa2c074af814bb7ffceaedcc523481e47a6489d5d3abb2605f3b","bit_pattern_write",,"not_applicable","FP64",,,,,,,,"PASS","OK"
"stage08","stage08_b08_unit_impulse_a1467e3b776a","formal","dtype_and_input_contract","runs/stage08_b08_unit_impulse_a1467e3b776a/formal/20260810T011837Z_a1467e3b776a_stage08_b08_formal_8753f000/operator_dtype_evidence_unit_impulse_not_applicable_20260810T011837Z_a1467e3b776a_stage08_b08_formal_8753f000.csv","20260810T011837Z_a1467e3b776a_stage08_b08_formal_8753f000","unit_impulse__unit_impulse_fp32_10e2__f4602dbd2e5d4fe2","unit_impulse","FP32",,"request_variant_no_typed_business_input_dtype_argument_ignored_fp64_output","0","request_variant:FP32:dtype_argument_ignored:shape=100:idx=0:mode=zero",,,,"f4602dbd2e5d4fe2d437ce71c953bd5b207182e4049e0a168b6990ed0e0cae07","bit_pattern_write",,"not_applicable","FP64",,,,,,,,"PASS","OK"
"stage08","stage08_b08_unit_impulse_a1467e3b776a","formal","dtype_and_input_contract","runs/stage08_b08_unit_impulse_a1467e3b776a/formal/20260810T011837Z_a1467e3b776a_stage08_b08_formal_8753f001/operator_dtype_evidence_unit_impulse_not_applicable_20260810T011837Z_a1467e3b776a_stage08_b08_formal_8753f001.csv","20260810T011837Z_a1467e3b776a_stage08_b08_formal_8753f001","unit_impulse__unit_impulse_fp32_10e3__1f2979ecc66cbd57","unit_impulse","FP32",,"request_variant_no_typed_business_input_dtype_argument_ignored_fp64_output","0","request_variant:FP32:dtype_argument_ignored:shape=1024:idx=512:mode=mid",,,,"1f2979ecc66cbd57142aa763547a285cabc7b1fdbac113bceaa39745d15ec2ab","bit_pattern_write",,"not_applicable","FP64",,,,,,,,"PASS","OK"
"stage08","stage08_b08_unit_impulse_a1467e3b776a","formal","dtype_and_input_contract","runs/stage08_b08_unit_impulse_a1467e3b776a/formal/20260810T011838Z_a1467e3b776a_stage08_b08_formal_8753f002/operator_dtype_evidence_unit_impulse_not_applicable_20260810T011838Z_a1467e3b776a_stage08_b08_formal_8753f002.csv","20260810T011838Z_a1467e3b776a_stage08_b08_formal_8753f002","unit_impulse__unit_impulse_fp32_10e4__ec62101a6c94fda0","unit_impulse","FP32",,"request_variant_no_typed_business_input_dtype_argument_ignored_fp64_output","0","request_variant:FP32:dtype_argument_ignored:shape=10000:idx=10000:mode=out_of_range",,,,"ec62101a6c94fda08e239f79ddbfe5aa28acc341765e9dd3194c23d87d9fba78","bit_pattern_write",,"not_applicable","FP64",,,,,,,,"PASS","OK"
"stage08","stage08_b08_unit_impulse_a1467e3b776a","formal","dtype_and_input_contract","runs/stage08_b08_unit_impulse_a1467e3b776a/formal/20260810T011838Z_a1467e3b776a_stage08_b08_formal_8753f003/operator_dtype_evidence_unit_impulse_not_applicable_20260810T011838Z_a1467e3b776a_stage08_b08_formal_8753f003.csv","20260810T011838Z_a1467e3b776a_stage08_b08_formal_8753f003","unit_impulse__unit_impulse_fp16_10e2__303d7e21aecbad8f","unit_impulse","FP16",,"request_variant_no_typed_business_input_dtype_argument_ignored_fp64_output","0","request_variant:FP16:dtype_argument_ignored:shape=100:idx=0:mode=zero",,,,"303d7e21aecbad8fb4ecd2d114ace00e6a50f9eb76bcb37775c12e04c17452a5","bit_pattern_write",,"not_applicable","FP64",,,,,,,,"PASS","OK"
"stage08","stage08_b08_unit_impulse_a1467e3b776a","formal","dtype_and_input_contract","runs/stage08_b08_unit_impulse_a1467e3b776a/formal/20260810T011838Z_a1467e3b776a_stage08_b08_formal_8753f004/operator_dtype_evidence_unit_impulse_not_applicable_20260810T011838Z_a1467e3b776a_stage08_b08_formal_8753f004.csv","20260810T011838Z_a1467e3b776a_stage08_b08_formal_8753f004","unit_impulse__unit_impulse_fp16_10e3__7b7fb54aadee3b85","unit_impulse","FP16",,"request_variant_no_typed_business_input_dtype_argument_ignored_fp64_output","0","request_variant:FP16:dtype_argument_ignored:shape=1024:idx=512:mode=mid",,,,"7b7fb54aadee3b8562dd39c745610e57d8529df39936cf295c51bfd76d9ff04c","bit_pattern_write",,"not_applicable","FP64",,,,,,,,"PASS","OK"
"stage08","stage08_b08_unit_impulse_a1467e3b776a","formal","dtype_and_input_contract","runs/stage08_b08_unit_impulse_a1467e3b776a/formal/20260810T011838Z_a1467e3b776a_stage08_b08_formal_8753f005/operator_dtype_evidence_unit_impulse_not_applicable_20260810T011838Z_a1467e3b776a_stage08_b08_formal_8753f005.csv","20260810T011838Z_a1467e3b776a_stage08_b08_formal_8753f005","unit_impulse__unit_impulse_fp16_10e4__9d8fe8f1df684073","unit_impulse","FP16",,"request_variant_no_typed_business_input_dtype_argument_ignored_fp64_output","0","request_variant:FP16:dtype_argument_ignored:shape=10000:idx=10000:mode=out_of_range",,,,"9d8fe8f1df68407372fbd84a2abfcfcb6c31da2a6d29e40bb180fc2ab8ca38aa","bit_pattern_write",,"not_applicable","FP64",,,,,,,,"PASS","OK"
"stage08","stage08_b08_unit_impulse_a1467e3b776a","formal","dtype_and_input_contract","runs/stage08_b08_unit_impulse_a1467e3b776a/formal/20260810T011838Z_a1467e3b776a_stage08_b08_formal_8753f006/operator_dtype_evidence_unit_impulse_not_applicable_20260810T011838Z_a1467e3b776a_stage08_b08_formal_8753f006.csv","20260810T011838Z_a1467e3b776a_stage08_b08_formal_8753f006","unit_impulse__unit_impulse_int32_10e2__b4dc181f4f061f1a","unit_impulse","INT32",,"request_variant_no_typed_business_input_dtype_argument_ignored_fp64_output","0","request_variant:INT32:dtype_argument_ignored:shape=100:idx=0:mode=zero",,,,"b4dc181f4f061f1adedd50c3d0410b95194b28126fb33ddd16af01e4ea68f970","bit_pattern_write",,"not_applicable","FP64",,,,,,,,"PASS","OK"
"stage08","stage08_b08_unit_impulse_a1467e3b776a","formal","dtype_and_input_contract","runs/stage08_b08_unit_impulse_a1467e3b776a/formal/20260810T011838Z_a1467e3b776a_stage08_b08_formal_8753f007/operator_dtype_evidence_unit_impulse_not_applicable_20260810T011838Z_a1467e3b776a_stage08_b08_formal_8753f007.csv","20260810T011838Z_a1467e3b776a_stage08_b08_formal_8753f007","unit_impulse__unit_impulse_int32_10e3__c769fc8095e89351","unit_impulse","INT32",,"request_variant_no_typed_business_input_dtype_argument_ignored_fp64_output","0","request_variant:INT32:dtype_argument_ignored:shape=1024:idx=512:mode=mid",,,,"c769fc8095e893516bb13d7e117130dbd1d08ba3434e0f688d44b40e5b26c856","bit_pattern_write",,"not_applicable","FP64",,,,,,,,"PASS","OK"
"stage08","stage08_b08_unit_impulse_a1467e3b776a","formal","dtype_and_input_contract","runs/stage08_b08_unit_impulse_a1467e3b776a/formal/20260810T011838Z_a1467e3b776a_stage08_b08_formal_8753f008/operator_dtype_evidence_unit_impulse_not_applicable_20260810T011838Z_a1467e3b776a_stage08_b08_formal_8753f008.csv","20260810T011838Z_a1467e3b776a_stage08_b08_formal_8753f008","unit_impulse__unit_impulse_int32_10e4__7acd50ebaf8c72e2","unit_impulse","INT32",,"request_variant_no_typed_business_input_dtype_argument_ignored_fp64_output","0","request_variant:INT32:dtype_argument_ignored:shape=10000:idx=10000:mode=out_of_range",,,,"7acd50ebaf8c72e2d4fc39b75d565f8e6c8be7927e77faea02f0a254830fabf1","bit_pattern_write",,"not_applicable","FP64",,,,,,,,"PASS","OK"
"stage08","stage08_b08_unit_impulse_a1467e3b776a","formal","dtype_and_input_contract","runs/stage08_b08_unit_impulse_a1467e3b776a/formal/20260810T011839Z_a1467e3b776a_stage08_b08_formal_8753f009/operator_dtype_evidence_unit_impulse_not_applicable_20260810T011839Z_a1467e3b776a_stage08_b08_formal_8753f009.csv","20260810T011839Z_a1467e3b776a_stage08_b08_formal_8753f009","unit_impulse__unit_impulse_int16_10e2__85fd16b4b95c3dff","unit_impulse","INT16",,"request_variant_no_typed_business_input_dtype_argument_ignored_fp64_output","0","request_variant:INT16:dtype_argument_ignored:shape=100:idx=0:mode=zero",,,,"85fd16b4b95c3dffc24c55c49bea5a306d19c0bdf44e4442644b0eccf354aa1d","bit_pattern_write",,"not_applicable","FP64",,,,,,,,"PASS","OK"
"stage08","stage08_b08_unit_impulse_a1467e3b776a","formal","dtype_and_input_contract","runs/stage08_b08_unit_impulse_a1467e3b776a/formal/20260810T011839Z_a1467e3b776a_stage08_b08_formal_8753f00a/operator_dtype_evidence_unit_impulse_not_applicable_20260810T011839Z_a1467e3b776a_stage08_b08_formal_8753f00a.csv","20260810T011839Z_a1467e3b776a_stage08_b08_formal_8753f00a","unit_impulse__unit_impulse_int16_10e3__fec9023306c82972","unit_impulse","INT16",,"request_variant_no_typed_business_input_dtype_argument_ignored_fp64_output","0","request_variant:INT16:dtype_argument_ignored:shape=1024:idx=512:mode=mid",,,,"fec9023306c829724010ea522d07ac668aa529f2d5761400292e050825b9f82e","bit_pattern_write",,"not_applicable","FP64",,,,,,,,"PASS","OK"
"stage08","stage08_b08_unit_impulse_a1467e3b776a","formal","dtype_and_input_contract","runs/stage08_b08_unit_impulse_a1467e3b776a/formal/20260810T011839Z_a1467e3b776a_stage08_b08_formal_8753f00b/operator_dtype_evidence_unit_impulse_not_applicable_20260810T011839Z_a1467e3b776a_stage08_b08_formal_8753f00b.csv","20260810T011839Z_a1467e3b776a_stage08_b08_formal_8753f00b","unit_impulse__unit_impulse_int16_10e4__dc7d30267ad397c8","unit_impulse","INT16",,"request_variant_no_typed_business_input_dtype_argument_ignored_fp64_output","0","request_variant:INT16:dtype_argument_ignored:shape=10000:idx=10000:mode=out_of_range",,,,"dc7d30267ad397c8376568ff63a86bc438f9438ae78a8cfab7be98d630032a00","bit_pattern_write",,"not_applicable","FP64",,,,,,,,"PASS","OK"
"stage08","stage08_b08_unit_impulse_a1467e3b776a","formal","dtype_and_input_contract","runs/stage08_b08_unit_impulse_a1467e3b776a/formal/20260810T011839Z_a1467e3b776a_stage08_b08_formal_8753f00c/operator_dtype_evidence_unit_impulse_not_applicable_20260810T011839Z_a1467e3b776a_stage08_b08_formal_8753f00c.csv","20260810T011839Z_a1467e3b776a_stage08_b08_formal_8753f00c","unit_impulse__unit_impulse_int8_10e2__17efe972682b3130","unit_impulse","INT8",,"request_variant_no_typed_business_input_dtype_argument_ignored_fp64_output","0","request_variant:INT8:dtype_argument_ignored:shape=100:idx=0:mode=zero",,,,"17efe972682b31307df45404c78122f1936be90634651530bdbfa10ac3e80e24","bit_pattern_write",,"not_applicable","FP64",,,,,,,,"PASS","OK"
"stage08","stage08_b08_unit_impulse_a1467e3b776a","formal","dtype_and_input_contract","runs/stage08_b08_unit_impulse_a1467e3b776a/formal/20260810T011839Z_a1467e3b776a_stage08_b08_formal_8753f00d/operator_dtype_evidence_unit_impulse_not_applicable_20260810T011839Z_a1467e3b776a_stage08_b08_formal_8753f00d.csv","20260810T011839Z_a1467e3b776a_stage08_b08_formal_8753f00d","unit_impulse__unit_impulse_int8_10e3__d62d411ca3c523f5","unit_impulse","INT8",,"request_variant_no_typed_business_input_dtype_argument_ignored_fp64_output","0","request_variant:INT8:dtype_argument_ignored:shape=1024:idx=512:mode=mid",,,,"d62d411ca3c523f5800c841124a8c674a59124a9bca82577b518914f8212bac7","bit_pattern_write",,"not_applicable","FP64",,,,,,,,"PASS","OK"
"stage08","stage08_b08_unit_impulse_a1467e3b776a","formal","dtype_and_input_contract","runs/stage08_b08_unit_impulse_a1467e3b776a/formal/20260810T011839Z_a1467e3b776a_stage08_b08_formal_8753f00e/operator_dtype_evidence_unit_impulse_not_applicable_20260810T011839Z_a1467e3b776a_stage08_b08_formal_8753f00e.csv","20260810T011839Z_a1467e3b776a_stage08_b08_formal_8753f00e","unit_impulse__unit_impulse_int8_10e4__f5f4e14d7481aa2c","unit_impulse","INT8",,"request_variant_no_typed_business_input_dtype_argument_ignored_fp64_output","0","request_variant:INT8:dtype_argument_ignored:shape=10000:idx=10000:mode=out_of_range",,,,"f5f4e14d7481aa2c074af814bb7ffceaedcc523481e47a6489d5d3abb2605f3b","bit_pattern_write",,"not_applicable","FP64",,,,,,,,"PASS","OK"
"stage08","stage08_csvread_windows_smoke_47ebe13410d3","smoke","dtype_and_input_contract","runs/stage08_csvread_windows_smoke_47ebe13410d3/smoke/20260810T040000Z_47ebe13410d3_stage08_b01_smoke_88000004/operator_dtype_evidence_general_cosine_not_applicable_20260810T040000Z_47ebe13410d3_stage08_b01_smoke_88000004.csv","20260810T040000Z_47ebe13410d3_stage08_b01_smoke_88000004","general_cosine__general_cosine_fp32_10e2__7aea9ce1217a0525__sym","general_cosine","FP32","FP32","actual_typed_array_input","3","length:INT32=100|sym:BOOL=true|coefficient_values:FP32:bytes=0000803f;00000040;0000803f;",,,,"7aea9ce1217a052519180c6753897bccd990fec0c5b4981f1dfe2709bb981540",,,,"FP64",,,,,,,,"PASS","OK"
"stage08","stage08_input_preview_b01_chebwin_8b745f9a6864","formal","dtype_and_input_contract","runs/stage08_input_preview_b01_chebwin_8b745f9a6864/formal/20260810T082000Z_8b745f9a6864_stage08_b01_formal_a1010001/operator_dtype_evidence_chebwin_fft_thrust_20260810T082000Z_8b745f9a6864_stage08_b01_formal_a1010001.csv","20260810T082000Z_8b745f9a6864_stage08_b01_formal_a1010001","chebwin__chebwin_fp32_10e2__37f607f8470837ce__sym","chebwin","FP32","FP32","actual_typed_scalar_input","1","length:INT32=100|sym:BOOL=true|attenuation_db:FP32:bytes=0000a042",,"[{""input_name"":""window_positions"",""shape"":""[100]"",""dtype"":""INDEX_INT64"",""element_count"":""100"",""generator"":""implicit_window_index_domain(no_materialized_array)"",""preview_head4_tail2"":""i=0:position=0;i=1:position=1;i=2:position=2;i=3:position=3;i=98:position=98;i=99:position=99""},{""input_name"":""attenuation_db"",""shape"":""scalar"",""dtype"":""FP32"",""element_count"":""1"",""generator"":""exact_config_scalar"",""preview_head4_tail2"":""value=80""}]","{""length"":100,""requested_dtype"":""FP32"",""sym"":true,""attenuation_db"":80,""algorithm"":""fft_thrust""}","37f607f8470837cec7654ff6bc53e232897f3290174c1e7eb004ee8f2413f934",,,,"FP64",,,,,,,,"PASS","OK"
"stage08","stage08_input_preview_b01_chebwin_8b745f9a6864","formal","input_preview","runs/stage08_input_preview_b01_chebwin_8b745f9a6864/formal/20260810T082000Z_8b745f9a6864_stage08_b01_formal_a1010001/operator_input_evidence_chebwin_fft_thrust_20260810T082000Z_8b745f9a6864_stage08_b01_formal_a1010001.csv","20260810T082000Z_8b745f9a6864_stage08_b01_formal_a1010001","chebwin__chebwin_fp32_10e2__37f607f8470837ce__sym","chebwin",,,,,,,,,,,,,,,"window_positions","[100]","INDEX_INT64","100","implicit_window_index_domain(no_materialized_array)","i=0:position=0;i=1:position=1;i=2:position=2;i=3:position=3;i=98:position=98;i=99:position=99","PASS","OK"
"stage08","stage08_input_preview_b01_chebwin_8b745f9a6864","formal","input_preview","runs/stage08_input_preview_b01_chebwin_8b745f9a6864/formal/20260810T082000Z_8b745f9a6864_stage08_b01_formal_a1010001/operator_input_evidence_chebwin_fft_thrust_20260810T082000Z_8b745f9a6864_stage08_b01_formal_a1010001.csv","20260810T082000Z_8b745f9a6864_stage08_b01_formal_a1010001","chebwin__chebwin_fp32_10e2__37f607f8470837ce__sym","chebwin",,,,,,,,,,,,,,,"attenuation_db","scalar","FP32","1","exact_config_scalar","value=80","PASS","OK"
"stage08","stage08_input_preview_b01_chebwin_8b745f9a6864","formal","dtype_and_input_contract","runs/stage08_input_preview_b01_chebwin_8b745f9a6864/formal/20260810T082000Z_8b745f9a6864_stage08_b01_formal_a1010002/operator_dtype_evidence_chebwin_fft_thrust_20260810T082000Z_8b745f9a6864_stage08_b01_formal_a1010002.csv","20260810T082000Z_8b745f9a6864_stage08_b01_formal_a1010002","chebwin__chebwin_fp32_10e2__de6e3209bcd5075b__periodic","chebwin","FP32","FP32","actual_typed_scalar_input","1","length:INT32=100|sym:BOOL=false|attenuation_db:FP32:bytes=0000a042",,"[{""input_name"":""window_positions"",""shape"":""[100]"",""dtype"":""INDEX_INT64"",""element_count"":""100"",""generator"":""implicit_window_index_domain(no_materialized_array)"",""preview_head4_tail2"":""i=0:position=0;i=1:position=1;i=2:position=2;i=3:position=3;i=98:position=98;i=99:position=99""},{""input_name"":""attenuation_db"",""shape"":""scalar"",""dtype"":""FP32"",""element_count"":""1"",""generator"":""exact_config_scalar"",""preview_head4_tail2"":""value=80""}]","{""length"":100,""requested_dtype"":""FP32"",""sym"":false,""attenuation_db"":80,""algorithm"":""fft_thrust""}","de6e3209bcd5075baaff1536c3ee3eefd4bc80ff68bca3a0816dd8438a3545bc",,,,"FP64",,,,,,,,"PASS","OK"
"stage08","stage08_input_preview_b01_chebwin_8b745f9a6864","formal","input_preview","runs/stage08_input_preview_b01_chebwin_8b745f9a6864/formal/20260810T082000Z_8b745f9a6864_stage08_b01_formal_a1010002/operator_input_evidence_chebwin_fft_thrust_20260810T082000Z_8b745f9a6864_stage08_b01_formal_a1010002.csv","20260810T082000Z_8b745f9a6864_stage08_b01_formal_a1010002","chebwin__chebwin_fp32_10e2__de6e3209bcd5075b__periodic","chebwin",,,,,,,,,,,,,,,"window_positions","[100]","INDEX_INT64","100","implicit_window_index_domain(no_materialized_array)","i=0:position=0;i=1:position=1;i=2:position=2;i=3:position=3;i=98:position=98;i=99:position=99","PASS","OK"
"stage08","stage08_input_preview_b01_chebwin_8b745f9a6864","formal","input_preview","runs/stage08_input_preview_b01_chebwin_8b745f9a6864/formal/20260810T082000Z_8b745f9a6864_stage08_b01_formal_a1010002/operator_input_evidence_chebwin_fft_thrust_20260810T082000Z_8b745f9a6864_stage08_b01_formal_a1010002.csv","20260810T082000Z_8b745f9a6864_stage08_b01_formal_a1010002","chebwin__chebwin_fp32_10e2__de6e3209bcd5075b__periodic","chebwin",,,,,,,,,,,,,,,"attenuation_db","scalar","FP32","1","exact_config_scalar","value=80","PASS","OK"
"stage08","stage08_input_preview_b01_chebwin_8b745f9a6864","formal","dtype_and_input_contract","runs/stage08_input_preview_b01_chebwin_8b745f9a6864/formal/20260810T082000Z_8b745f9a6864_stage08_b01_formal_a1010003/operator_dtype_evidence_chebwin_fft_thrust_20260810T082000Z_8b745f9a6864_stage08_b01_formal_a1010003.csv","20260810T082000Z_8b745f9a6864_stage08_b01_formal_a1010003","chebwin__chebwin_fp32_10e3__2d3bd4477d72df14__sym","chebwin","FP32","FP32","actual_typed_scalar_input","1","length:INT32=1000|sym:BOOL=true|attenuation_db:FP32:bytes=0000a042",,"[{""input_name"":""window_positions"",""shape"":""[1000]"",""dtype"":""INDEX_INT64"",""element_count"":""1000"",""generator"":""implicit_window_index_domain(no_materialized_array)"",""preview_head4_tail2"":""i=0:position=0;i=1:position=1;i=2:position=2;i=3:position=3;i=998:position=998;i=999:position=999""},{""input_name"":""attenuation_db"",""shape"":""scalar"",""dtype"":""FP32"",""element_count"":""1"",""generator"":""exact_config_scalar"",""preview_head4_tail2"":""value=80""}]","{""length"":1000,""requested_dtype"":""FP32"",""sym"":true,""attenuation_db"":80,""algorithm"":""fft_thrust""}","2d3bd4477d72df14c8e8b1ffdf107e3d82e5734db3b368e3a55a97a18743303a",,,,"FP64",,,,,,,,"PASS","OK"
"stage08","stage08_input_preview_b01_chebwin_8b745f9a6864","formal","input_preview","runs/stage08_input_preview_b01_chebwin_8b745f9a6864/formal/20260810T082000Z_8b745f9a6864_stage08_b01_formal_a1010003/operator_input_evidence_chebwin_fft_thrust_20260810T082000Z_8b745f9a6864_stage08_b01_formal_a1010003.csv","20260810T082000Z_8b745f9a6864_stage08_b01_formal_a1010003","chebwin__chebwin_fp32_10e3__2d3bd4477d72df14__sym","chebwin",,,,,,,,,,,,,,,"window_positions","[1000]","INDEX_INT64","1000","implicit_window_index_domain(no_materialized_array)","i=0:position=0;i=1:position=1;i=2:position=2;i=3:position=3;i=998:position=998;i=999:position=999","PASS","OK"
"stage08","stage08_input_preview_b01_chebwin_8b745f9a6864","formal","input_preview","runs/stage08_input_preview_b01_chebwin_8b745f9a6864/formal/20260810T082000Z_8b745f9a6864_stage08_b01_formal_a1010003/operator_input_evidence_chebwin_fft_thrust_20260810T082000Z_8b745f9a6864_stage08_b01_formal_a1010003.csv","20260810T082000Z_8b745f9a6864_stage08_b01_formal_a1010003","chebwin__chebwin_fp32_10e3__2d3bd4477d72df14__sym","chebwin",,,,,,,,,,,,,,,"attenuation_db","scalar","FP32","1","exact_config_scalar","value=80","PASS","OK"
"stage08","stage08_input_preview_b01_chebwin_8b745f9a6864","formal","dtype_and_input_contract","runs/stage08_input_preview_b01_chebwin_8b745f9a6864/formal/20260810T082001Z_8b745f9a6864_stage08_b01_formal_a1010004/operator_dtype_evidence_chebwin_fft_thrust_20260810T082001Z_8b745f9a6864_stage08_b01_formal_a1010004.csv","20260810T082001Z_8b745f9a6864_stage08_b01_formal_a1010004","chebwin__chebwin_fp32_10e3__8bf0445b00675f8b__periodic","chebwin","FP32","FP32","actual_typed_scalar_input","1","length:INT32=1000|sym:BOOL=false|attenuation_db:FP32:bytes=0000a042",,"[{""input_name"":""window_positions"",""shape"":""[1000]"",""dtype"":""INDEX_INT64"",""element_count"":""1000"",""generator"":""implicit_window_index_domain(no_materialized_array)"",""preview_head4_tail2"":""i=0:position=0;i=1:position=1;i=2:position=2;i=3:position=3;i=998:position=998;i=999:position=999""},{""input_name"":""attenuation_db"",""shape"":""scalar"",""dtype"":""FP32"",""element_count"":""1"",""generator"":""exact_config_scalar"",""preview_head4_tail2"":""value=80""}]","{""length"":1000,""requested_dtype"":""FP32"",""sym"":false,""attenuation_db"":80,""algorithm"":""fft_thrust""}","8bf0445b00675f8b42dc71b75c9240f96a386131b00cde740641e8a55769475b",,,,"FP64",,,,,,,,"PASS","OK"
"stage08","stage08_input_preview_b01_chebwin_8b745f9a6864","formal","input_preview","runs/stage08_input_preview_b01_chebwin_8b745f9a6864/formal/20260810T082001Z_8b745f9a6864_stage08_b01_formal_a1010004/operator_input_evidence_chebwin_fft_thrust_20260810T082001Z_8b745f9a6864_stage08_b01_formal_a1010004.csv","20260810T082001Z_8b745f9a6864_stage08_b01_formal_a1010004","chebwin__chebwin_fp32_10e3__8bf0445b00675f8b__periodic","chebwin",,,,,,,,,,,,,,,"window_positions","[1000]","INDEX_INT64","1000","implicit_window_index_domain(no_materialized_array)","i=0:position=0;i=1:position=1;i=2:position=2;i=3:position=3;i=998:position=998;i=999:position=999","PASS","OK"
"stage08","stage08_input_preview_b01_chebwin_8b745f9a6864","formal","input_preview","runs/stage08_input_preview_b01_chebwin_8b745f9a6864/formal/20260810T082001Z_8b745f9a6864_stage08_b01_formal_a1010004/operator_input_evidence_chebwin_fft_thrust_20260810T082001Z_8b745f9a6864_stage08_b01_formal_a1010004.csv","20260810T082001Z_8b745f9a6864_stage08_b01_formal_a1010004","chebwin__chebwin_fp32_10e3__8bf0445b00675f8b__periodic","chebwin",,,,,,,,,,,,,,,"attenuation_db","scalar","FP32","1","exact_config_scalar","value=80","PASS","OK"
"stage08","stage08_input_preview_b01_chebwin_8b745f9a6864","formal","dtype_and_input_contract","runs/stage08_input_preview_b01_chebwin_8b745f9a6864/formal/20260810T082001Z_8b745f9a6864_stage08_b01_formal_a1010005/operator_dtype_evidence_chebwin_fft_thrust_20260810T082001Z_8b745f9a6864_stage08_b01_formal_a1010005.csv","20260810T082001Z_8b745f9a6864_stage08_b01_formal_a1010005","chebwin__chebwin_fp32_10e4__80c7c57cc423e4a9__sym","chebwin","FP32","FP32","actual_typed_scalar_input","1","length:INT32=10000|sym:BOOL=true|attenuation_db:FP32:bytes=0000a042",,"[{""input_name"":""window_positions"",""shape"":""[10000]"",""dtype"":""INDEX_INT64"",""element_count"":""10000"",""generator"":""implicit_window_index_domain(no_materialized_array)"",""preview_head4_tail2"":""i=0:position=0;i=1:position=1;i=2:position=2;i=3:position=3;i=9998:position=9998;i=9999:position=9999""},{""input_name"":""attenuation_db"",""shape"":""scalar"",""dtype"":""FP32"",""element_count"":""1"",""generator"":""exact_config_scalar"",""preview_head4_tail2"":""value=80""}]","{""length"":10000,""requested_dtype"":""FP32"",""sym"":true,""attenuation_db"":80,""algorithm"":""fft_thrust""}","80c7c57cc423e4a9900db3a7f6233952058ed1b846cf35f7ae6d0615b0d51c09",,,,"FP64",,,,,,,,"PASS","OK"
"stage08","stage08_input_preview_b01_chebwin_8b745f9a6864","formal","input_preview","runs/stage08_input_preview_b01_chebwin_8b745f9a6864/formal/20260810T082001Z_8b745f9a6864_stage08_b01_formal_a1010005/operator_input_evidence_chebwin_fft_thrust_20260810T082001Z_8b745f9a6864_stage08_b01_formal_a1010005.csv","20260810T082001Z_8b745f9a6864_stage08_b01_formal_a1010005","chebwin__chebwin_fp32_10e4__80c7c57cc423e4a9__sym","chebwin",,,,,,,,,,,,,,,"window_positions","[10000]","INDEX_INT64","10000","implicit_window_index_domain(no_materialized_array)","i=0:position=0;i=1:position=1;i=2:position=2;i=3:position=3;i=9998:position=9998;i=9999:position=9999","PASS","OK"
"stage08","stage08_input_preview_b01_chebwin_8b745f9a6864","formal","input_preview","runs/stage08_input_preview_b01_chebwin_8b745f9a6864/formal/20260810T082001Z_8b745f9a6864_stage08_b01_formal_a1010005/operator_input_evidence_chebwin_fft_thrust_20260810T082001Z_8b745f9a6864_stage08_b01_formal_a1010005.csv","20260810T082001Z_8b745f9a6864_stage08_b01_formal_a1010005","chebwin__chebwin_fp32_10e4__80c7c57cc423e4a9__sym","chebwin",,,,,,,,,,,,,,,"attenuation_db","scalar","FP32","1","exact_config_scalar","value=80","PASS","OK"
"stage08","stage08_input_preview_b01_chebwin_8b745f9a6864","formal","dtype_and_input_contract","runs/stage08_input_preview_b01_chebwin_8b745f9a6864/formal/20260810T082008Z_8b745f9a6864_stage08_b01_formal_a1010006/operator_dtype_evidence_chebwin_fft_thrust_20260810T082008Z_8b745f9a6864_stage08_b01_formal_a1010006.csv","20260810T082008Z_8b745f9a6864_stage08_b01_formal_a1010006","chebwin__chebwin_fp32_10e4__b9947a1e8fa67ec5__periodic","chebwin","FP32","FP32","actual_typed_scalar_input","1","length:INT32=10000|sym:BOOL=false|attenuation_db:FP32:bytes=0000a042",,"[{""input_name"":""window_positions"",""shape"":""[10000]"",""dtype"":""INDEX_INT64"",""element_count"":""10000"",""generator"":""implicit_window_index_domain(no_materialized_array)"",""preview_head4_tail2"":""i=0:position=0;i=1:position=1;i=2:position=2;i=3:position=3;i=9998:position=9998;i=9999:position=9999""},{""input_name"":""attenuation_db"",""shape"":""scalar"",""dtype"":""FP32"",""element_count"":""1"",""generator"":""exact_config_scalar"",""preview_head4_tail2"":""value=80""}]","{""length"":10000,""requested_dtype"":""FP32"",""sym"":false,""attenuation_db"":80,""algorithm"":""fft_thrust""}","b9947a1e8fa67ec584441617aebb4882207c38613dd81e7860b166abe38eeead",,,,"FP64",,,,,,,,"PASS","OK"
"stage08","stage08_input_preview_b01_chebwin_8b745f9a6864","formal","input_preview","runs/stage08_input_preview_b01_chebwin_8b745f9a6864/formal/20260810T082008Z_8b745f9a6864_stage08_b01_formal_a1010006/operator_input_evidence_chebwin_fft_thrust_20260810T082008Z_8b745f9a6864_stage08_b01_formal_a1010006.csv","20260810T082008Z_8b745f9a6864_stage08_b01_formal_a1010006","chebwin__chebwin_fp32_10e4__b9947a1e8fa67ec5__periodic","chebwin",,,,,,,,,,,,,,,"window_positions","[10000]","INDEX_INT64","10000","implicit_window_index_domain(no_materialized_array)","i=0:position=0;i=1:position=1;i=2:position=2;i=3:position=3;i=9998:position=9998;i=9999:position=9999","PASS","OK"
"stage08","stage08_input_preview_b01_chebwin_8b745f9a6864","formal","input_preview","runs/stage08_input_preview_b01_chebwin_8b745f9a6864/formal/20260810T082008Z_8b745f9a6864_stage08_b01_formal_a1010006/operator_input_evidence_chebwin_fft_thrust_20260810T082008Z_8b745f9a6864_stage08_b01_formal_a1010006.csv","20260810T082008Z_8b745f9a6864_stage08_b01_formal_a1010006","chebwin__chebwin_fp32_10e4__b9947a1e8fa67ec5__periodic","chebwin",,,,,,,,,,,,,,,"attenuation_db","scalar","FP32","1","exact_config_scalar","value=80","PASS","OK"
"stage08","stage08_input_preview_b01_chebwin_8b745f9a6864","formal","dtype_and_input_contract","runs/stage08_input_preview_b01_chebwin_8b745f9a6864/formal/20260810T082014Z_8b745f9a6864_stage08_b01_formal_a1010007/operator_dtype_evidence_chebwin_fft_thrust_20260810T082014Z_8b745f9a6864_stage08_b01_formal_a1010007.csv","20260810T082014Z_8b745f9a6864_stage08_b01_formal_a1010007","chebwin__chebwin_fp16_10e2__17a4f44a1aba3dbe__sym","chebwin","FP16","FP16","actual_typed_scalar_input","1","length:INT32=100|sym:BOOL=true|attenuation_db:FP16:bytes=0055",,"[{""input_name"":""window_positions"",""shape"":""[100]"",""dtype"":""INDEX_INT64"",""element_count"":""100"",""generator"":""implicit_window_index_domain(no_materialized_array)"",""preview_head4_tail2"":""i=0:position=0;i=1:position=1;i=2:position=2;i=3:position=3;i=98:position=98;i=99:position=99""},{""input_name"":""attenuation_db"",""shape"":""scalar"",""dtype"":""FP16"",""element_count"":""1"",""generator"":""exact_config_scalar"",""preview_head4_tail2"":""value=80""}]","{""length"":100,""requested_dtype"":""FP16"",""sym"":true,""attenuation_db"":80,""algorithm"":""fft_thrust""}","17a4f44a1aba3dbe359a6ad8abc9a70cb86499f1496fd25d572038b04fa654b4",,,,"FP64",,,,,,,,"PASS","OK"
"stage08","stage08_input_preview_b01_chebwin_8b745f9a6864","formal","input_preview","runs/stage08_input_preview_b01_chebwin_8b745f9a6864/formal/20260810T082014Z_8b745f9a6864_stage08_b01_formal_a1010007/operator_input_evidence_chebwin_fft_thrust_20260810T082014Z_8b745f9a6864_stage08_b01_formal_a1010007.csv","20260810T082014Z_8b745f9a6864_stage08_b01_formal_a1010007","chebwin__chebwin_fp16_10e2__17a4f44a1aba3dbe__sym","chebwin",,,,,,,,,,,,,,,"window_positions","[100]","INDEX_INT64","100","implicit_window_index_domain(no_materialized_array)","i=0:position=0;i=1:position=1;i=2:position=2;i=3:position=3;i=98:position=98;i=99:position=99","PASS","OK"
"stage08","stage08_input_preview_b01_chebwin_8b745f9a6864","formal","input_preview","runs/stage08_input_preview_b01_chebwin_8b745f9a6864/formal/20260810T082014Z_8b745f9a6864_stage08_b01_formal_a1010007/operator_input_evidence_chebwin_fft_thrust_20260810T082014Z_8b745f9a6864_stage08_b01_formal_a1010007.csv","20260810T082014Z_8b745f9a6864_stage08_b01_formal_a1010007","chebwin__chebwin_fp16_10e2__17a4f44a1aba3dbe__sym","chebwin",,,,,,,,,,,,,,,"attenuation_db","scalar","FP16","1","exact_config_scalar","value=80","PASS","OK"
"stage08","stage08_input_preview_b01_chebwin_8b745f9a6864","formal","dtype_and_input_contract","runs/stage08_input_preview_b01_chebwin_8b745f9a6864/formal/20260810T082014Z_8b745f9a6864_stage08_b01_formal_a1010008/operator_dtype_evidence_chebwin_fft_thrust_20260810T082014Z_8b745f9a6864_stage08_b01_formal_a1010008.csv","20260810T082014Z_8b745f9a6864_stage08_b01_formal_a1010008","chebwin__chebwin_fp16_10e2__ec81a8ff7b4ac7c4__periodic","chebwin","FP16","FP16","actual_typed_scalar_input","1","length:INT32=100|sym:BOOL=false|attenuation_db:FP16:bytes=0055",,"[{""input_name"":""window_positions"",""shape"":""[100]"",""dtype"":""INDEX_INT64"",""element_count"":""100"",""generator"":""implicit_window_index_domain(no_materialized_array)"",""preview_head4_tail2"":""i=0:position=0;i=1:position=1;i=2:position=2;i=3:position=3;i=98:position=98;i=99:position=99""},{""input_name"":""attenuation_db"",""shape"":""scalar"",""dtype"":""FP16"",""element_count"":""1"",""generator"":""exact_config_scalar"",""preview_head4_tail2"":""value=80""}]","{""length"":100,""requested_dtype"":""FP16"",""sym"":false,""attenuation_db"":80,""algorithm"":""fft_thrust""}","ec81a8ff7b4ac7c4bb272d41b2e9c093f4390ffb1541c920bce7f670d4e2dc10",,,,"FP64",,,,,,,,"PASS","OK"
"stage08","stage08_input_preview_b01_chebwin_8b745f9a6864","formal","input_preview","runs/stage08_input_preview_b01_chebwin_8b745f9a6864/formal/20260810T082014Z_8b745f9a6864_stage08_b01_formal_a1010008/operator_input_evidence_chebwin_fft_thrust_20260810T082014Z_8b745f9a6864_stage08_b01_formal_a1010008.csv","20260810T082014Z_8b745f9a6864_stage08_b01_formal_a1010008","chebwin__chebwin_fp16_10e2__ec81a8ff7b4ac7c4__periodic","chebwin",,,,,,,,,,,,,,,"window_positions","[100]","INDEX_INT64","100","implicit_window_index_domain(no_materialized_array)","i=0:position=0;i=1:position=1;i=2:position=2;i=3:position=3;i=98:position=98;i=99:position=99","PASS","OK"
"stage08","stage08_input_preview_b01_chebwin_8b745f9a6864","formal","input_preview","runs/stage08_input_preview_b01_chebwin_8b745f9a6864/formal/20260810T082014Z_8b745f9a6864_stage08_b01_formal_a1010008/operator_input_evidence_chebwin_fft_thrust_20260810T082014Z_8b745f9a6864_stage08_b01_formal_a1010008.csv","20260810T082014Z_8b745f9a6864_stage08_b01_formal_a1010008","chebwin__chebwin_fp16_10e2__ec81a8ff7b4ac7c4__periodic","chebwin",,,,,,,,,,,,,,,"attenuation_db","scalar","FP16","1","exact_config_scalar","value=80","PASS","OK"
"stage08","stage08_input_preview_b01_chebwin_8b745f9a6864","formal","dtype_and_input_contract","runs/stage08_input_preview_b01_chebwin_8b745f9a6864/formal/20260810T082014Z_8b745f9a6864_stage08_b01_formal_a1010009/operator_dtype_evidence_chebwin_fft_thrust_20260810T082014Z_8b745f9a6864_stage08_b01_formal_a1010009.csv","20260810T082014Z_8b745f9a6864_stage08_b01_formal_a1010009","chebwin__chebwin_fp16_10e3__cb2810da22b08443__sym","chebwin","FP16","FP16","actual_typed_scalar_input","1","length:INT32=1000|sym:BOOL=true|attenuation_db:FP16:bytes=0055",,"[{""input_name"":""window_positions"",""shape"":""[1000]"",""dtype"":""INDEX_INT64"",""element_count"":""1000"",""generator"":""implicit_window_index_domain(no_materialized_array)"",""preview_head4_tail2"":""i=0:position=0;i=1:position=1;i=2:position=2;i=3:position=3;i=998:position=998;i=999:position=999""},{""input_name"":""attenuation_db"",""shape"":""scalar"",""dtype"":""FP16"",""element_count"":""1"",""generator"":""exact_config_scalar"",""preview_head4_tail2"":""value=80""}]","{""length"":1000,""requested_dtype"":""FP16"",""sym"":true,""attenuation_db"":80,""algorithm"":""fft_thrust""}","cb2810da22b084433895cac5d32fbf30c04431e0bae69eb3775ff5656bc167db",,,,"FP64",,,,,,,,"PASS","OK"
"stage08","stage08_input_preview_b01_chebwin_8b745f9a6864","formal","input_preview","runs/stage08_input_preview_b01_chebwin_8b745f9a6864/formal/20260810T082014Z_8b745f9a6864_stage08_b01_formal_a1010009/operator_input_evidence_chebwin_fft_thrust_20260810T082014Z_8b745f9a6864_stage08_b01_formal_a1010009.csv","20260810T082014Z_8b745f9a6864_stage08_b01_formal_a1010009","chebwin__chebwin_fp16_10e3__cb2810da22b08443__sym","chebwin",,,,,,,,,,,,,,,"window_positions","[1000]","INDEX_INT64","1000","implicit_window_index_domain(no_materialized_array)","i=0:position=0;i=1:position=1;i=2:position=2;i=3:position=3;i=998:position=998;i=999:position=999","PASS","OK"
"stage08","stage08_input_preview_b01_chebwin_8b745f9a6864","formal","input_preview","runs/stage08_input_preview_b01_chebwin_8b745f9a6864/formal/20260810T082014Z_8b745f9a6864_stage08_b01_formal_a1010009/operator_input_evidence_chebwin_fft_thrust_20260810T082014Z_8b745f9a6864_stage08_b01_formal_a1010009.csv","20260810T082014Z_8b745f9a6864_stage08_b01_formal_a1010009","chebwin__chebwin_fp16_10e3__cb2810da22b08443__sym","chebwin",,,,,,,,,,,,,,,"attenuation_db","scalar","FP16","1","exact_config_scalar","value=80","PASS","OK"
"stage08","stage08_input_preview_b01_chebwin_8b745f9a6864","formal","dtype_and_input_contract","runs/stage08_input_preview_b01_chebwin_8b745f9a6864/formal/20260810T082015Z_8b745f9a6864_stage08_b01_formal_a101000a/operator_dtype_evidence_chebwin_fft_thrust_20260810T082015Z_8b745f9a6864_stage08_b01_formal_a101000a.csv","20260810T082015Z_8b745f9a6864_stage08_b01_formal_a101000a","chebwin__chebwin_fp16_10e3__e62fae54eb073c8a__periodic","chebwin","FP16","FP16","actual_typed_scalar_input","1","length:INT32=1000|sym:BOOL=false|attenuation_db:FP16:bytes=0055",,"[{""input_name"":""window_positions"",""shape"":""[1000]"",""dtype"":""INDEX_INT64"",""element_count"":""1000"",""generator"":""implicit_window_index_domain(no_materialized_array)"",""preview_head4_tail2"":""i=0:position=0;i=1:position=1;i=2:position=2;i=3:position=3;i=998:position=998;i=999:position=999""},{""input_name"":""attenuation_db"",""shape"":""scalar"",""dtype"":""FP16"",""element_count"":""1"",""generator"":""exact_config_scalar"",""preview_head4_tail2"":""value=80""}]","{""length"":1000,""requested_dtype"":""FP16"",""sym"":false,""attenuation_db"":80,""algorithm"":""fft_thrust""}","e62fae54eb073c8a7a2cb6a0cf27998cf257a8ef7a1b176352d5d7a22c397ee4",,,,"FP64",,,,,,,,"PASS","OK"
"stage08","stage08_input_preview_b01_chebwin_8b745f9a6864","formal","input_preview","runs/stage08_input_preview_b01_chebwin_8b745f9a6864/formal/20260810T082015Z_8b745f9a6864_stage08_b01_formal_a101000a/operator_input_evidence_chebwin_fft_thrust_20260810T082015Z_8b745f9a6864_stage08_b01_formal_a101000a.csv","20260810T082015Z_8b745f9a6864_stage08_b01_formal_a101000a","chebwin__chebwin_fp16_10e3__e62fae54eb073c8a__periodic","chebwin",,,,,,,,,,,,,,,"window_positions","[1000]","INDEX_INT64","1000","implicit_window_index_domain(no_materialized_array)","i=0:position=0;i=1:position=1;i=2:position=2;i=3:position=3;i=998:position=998;i=999:position=999","PASS","OK"
"stage08","stage08_input_preview_b01_chebwin_8b745f9a6864","formal","input_preview","runs/stage08_input_preview_b01_chebwin_8b745f9a6864/formal/20260810T082015Z_8b745f9a6864_stage08_b01_formal_a101000a/operator_input_evidence_chebwin_fft_thrust_20260810T082015Z_8b745f9a6864_stage08_b01_formal_a101000a.csv","20260810T082015Z_8b745f9a6864_stage08_b01_formal_a101000a","chebwin__chebwin_fp16_10e3__e62fae54eb073c8a__periodic","chebwin",,,,,,,,,,,,,,,"attenuation_db","scalar","FP16","1","exact_config_scalar","value=80","PASS","OK"
"stage08","stage08_input_preview_b01_chebwin_8b745f9a6864","formal","dtype_and_input_contract","runs/stage08_input_preview_b01_chebwin_8b745f9a6864/formal/20260810T082016Z_8b745f9a6864_stage08_b01_formal_a101000b/operator_dtype_evidence_chebwin_fft_thrust_20260810T082016Z_8b745f9a6864_stage08_b01_formal_a101000b.csv","20260810T082016Z_8b745f9a6864_stage08_b01_formal_a101000b","chebwin__chebwin_fp16_10e4__f38390ff054a4fff__sym","chebwin","FP16","FP16","actual_typed_scalar_input","1","length:INT32=10000|sym:BOOL=true|attenuation_db:FP16:bytes=0055",,"[{""input_name"":""window_positions"",""shape"":""[10000]"",""dtype"":""INDEX_INT64"",""element_count"":""10000"",""generator"":""implicit_window_index_domain(no_materialized_array)"",""preview_head4_tail2"":""i=0:position=0;i=1:position=1;i=2:position=2;i=3:position=3;i=9998:position=9998;i=9999:position=9999""},{""input_name"":""attenuation_db"",""shape"":""scalar"",""dtype"":""FP16"",""element_count"":""1"",""generator"":""exact_config_scalar"",""preview_head4_tail2"":""value=80""}]","{""length"":10000,""requested_dtype"":""FP16"",""sym"":true,""attenuation_db"":80,""algorithm"":""fft_thrust""}","f38390ff054a4fff7b8c58f029033e9cc8ff550444bee1b7fcf361818060adcd",,,,"FP64",,,,,,,,"PASS","OK"
"stage08","stage08_input_preview_b01_chebwin_8b745f9a6864","formal","input_preview","runs/stage08_input_preview_b01_chebwin_8b745f9a6864/formal/20260810T082016Z_8b745f9a6864_stage08_b01_formal_a101000b/operator_input_evidence_chebwin_fft_thrust_20260810T082016Z_8b745f9a6864_stage08_b01_formal_a101000b.csv","20260810T082016Z_8b745f9a6864_stage08_b01_formal_a101000b","chebwin__chebwin_fp16_10e4__f38390ff054a4fff__sym","chebwin",,,,,,,,,,,,,,,"window_positions","[10000]","INDEX_INT64","10000","implicit_window_index_domain(no_materialized_array)","i=0:position=0;i=1:position=1;i=2:position=2;i=3:position=3;i=9998:position=9998;i=9999:position=9999","PASS","OK"
"stage08","stage08_input_preview_b01_chebwin_8b745f9a6864","formal","input_preview","runs/stage08_input_preview_b01_chebwin_8b745f9a6864/formal/20260810T082016Z_8b745f9a6864_stage08_b01_formal_a101000b/operator_input_evidence_chebwin_fft_thrust_20260810T082016Z_8b745f9a6864_stage08_b01_formal_a101000b.csv","20260810T082016Z_8b745f9a6864_stage08_b01_formal_a101000b","chebwin__chebwin_fp16_10e4__f38390ff054a4fff__sym","chebwin",,,,,,,,,,,,,,,"attenuation_db","scalar","FP16","1","exact_config_scalar","value=80","PASS","OK"
"stage08","stage08_input_preview_b01_chebwin_8b745f9a6864","formal","dtype_and_input_contract","runs/stage08_input_preview_b01_chebwin_8b745f9a6864/formal/20260810T082022Z_8b745f9a6864_stage08_b01_formal_a101000c/operator_dtype_evidence_chebwin_fft_thrust_20260810T082022Z_8b745f9a6864_stage08_b01_formal_a101000c.csv","20260810T082022Z_8b745f9a6864_stage08_b01_formal_a101000c","chebwin__chebwin_fp16_10e4__873e547f85695604__periodic","chebwin","FP16","FP16","actual_typed_scalar_input","1","length:INT32=10000|sym:BOOL=false|attenuation_db:FP16:bytes=0055",,"[{""input_name"":""window_positions"",""shape"":""[10000]"",""dtype"":""INDEX_INT64"",""element_count"":""10000"",""generator"":""implicit_window_index_domain(no_materialized_array)"",""preview_head4_tail2"":""i=0:position=0;i=1:position=1;i=2:position=2;i=3:position=3;i=9998:position=9998;i=9999:position=9999""},{""input_name"":""attenuation_db"",""shape"":""scalar"",""dtype"":""FP16"",""element_count"":""1"",""generator"":""exact_config_scalar"",""preview_head4_tail2"":""value=80""}]","{""length"":10000,""requested_dtype"":""FP16"",""sym"":false,""attenuation_db"":80,""algorithm"":""fft_thrust""}","873e547f8569560419384877bf0752aaea232e2d82e146b3dbab1ed95c37cf37",,,,"FP64",,,,,,,,"PASS","OK"
"stage08","stage08_input_preview_b01_chebwin_8b745f9a6864","formal","input_preview","runs/stage08_input_preview_b01_chebwin_8b745f9a6864/formal/20260810T082022Z_8b745f9a6864_stage08_b01_formal_a101000c/operator_input_evidence_chebwin_fft_thrust_20260810T082022Z_8b745f9a6864_stage08_b01_formal_a101000c.csv","20260810T082022Z_8b745f9a6864_stage08_b01_formal_a101000c","chebwin__chebwin_fp16_10e4__873e547f85695604__periodic","chebwin",,,,,,,,,,,,,,,"window_positions","[10000]","INDEX_INT64","10000","implicit_window_index_domain(no_materialized_array)","i=0:position=0;i=1:position=1;i=2:position=2;i=3:position=3;i=9998:position=9998;i=9999:position=9999","PASS","OK"
"stage08","stage08_input_preview_b01_chebwin_8b745f9a6864","formal","input_preview","runs/stage08_input_preview_b01_chebwin_8b745f9a6864/formal/20260810T082022Z_8b745f9a6864_stage08_b01_formal_a101000c/operator_input_evidence_chebwin_fft_thrust_20260810T082022Z_8b745f9a6864_stage08_b01_formal_a101000c.csv","20260810T082022Z_8b745f9a6864_stage08_b01_formal_a101000c","chebwin__chebwin_fp16_10e4__873e547f85695604__periodic","chebwin",,,,,,,,,,,,,,,"attenuation_db","scalar","FP16","1","exact_config_scalar","value=80","PASS","OK"
"stage08","stage08_input_preview_b01_chebwin_8b745f9a6864","formal","dtype_and_input_contract","runs/stage08_input_preview_b01_chebwin_8b745f9a6864/formal/20260810T082028Z_8b745f9a6864_stage08_b01_formal_a101000d/operator_dtype_evidence_chebwin_fft_thrust_20260810T082028Z_8b745f9a6864_stage08_b01_formal_a101000d.csv","20260810T082028Z_8b745f9a6864_stage08_b01_formal_a101000d","chebwin__chebwin_int32_10e2__5a8da06ace1f450e__sym","chebwin","INT32","INT32","actual_typed_scalar_input","1","length:INT32=100|sym:BOOL=true|attenuation_db:INT32:bytes=50000000",,"[{""input_name"":""window_positions"",""shape"":""[100]"",""dtype"":""INDEX_INT64"",""element_count"":""100"",""generator"":""implicit_window_index_domain(no_materialized_array)"",""preview_head4_tail2"":""i=0:position=0;i=1:position=1;i=2:position=2;i=3:position=3;i=98:position=98;i=99:position=99""},{""input_name"":""attenuation_db"",""shape"":""scalar"",""dtype"":""INT32"",""element_count"":""1"",""generator"":""exact_config_scalar"",""preview_head4_tail2"":""value=80""}]","{""length"":100,""requested_dtype"":""INT32"",""sym"":true,""attenuation_db"":80,""algorithm"":""fft_thrust""}","5a8da06ace1f450e45f59b4ff6e2523fa72e51c4c255d29375112efdc7eebdd7",,,,"FP64",,,,,,,,"PASS","OK"
"stage08","stage08_input_preview_b01_chebwin_8b745f9a6864","formal","input_preview","runs/stage08_input_preview_b01_chebwin_8b745f9a6864/formal/20260810T082028Z_8b745f9a6864_stage08_b01_formal_a101000d/operator_input_evidence_chebwin_fft_thrust_20260810T082028Z_8b745f9a6864_stage08_b01_formal_a101000d.csv","20260810T082028Z_8b745f9a6864_stage08_b01_formal_a101000d","chebwin__chebwin_int32_10e2__5a8da06ace1f450e__sym","chebwin",,,,,,,,,,,,,,,"window_positions","[100]","INDEX_INT64","100","implicit_window_index_domain(no_materialized_array)","i=0:position=0;i=1:position=1;i=2:position=2;i=3:position=3;i=98:position=98;i=99:position=99","PASS","OK"
"stage08","stage08_input_preview_b01_chebwin_8b745f9a6864","formal","input_preview","runs/stage08_input_preview_b01_chebwin_8b745f9a6864/formal/20260810T082028Z_8b745f9a6864_stage08_b01_formal_a101000d/operator_input_evidence_chebwin_fft_thrust_20260810T082028Z_8b745f9a6864_stage08_b01_formal_a101000d.csv","20260810T082028Z_8b745f9a6864_stage08_b01_formal_a101000d","chebwin__chebwin_int32_10e2__5a8da06ace1f450e__sym","chebwin",,,,,,,,,,,,,,,"attenuation_db","scalar","INT32","1","exact_config_scalar","value=80","PASS","OK"
"stage08","stage08_input_preview_b01_chebwin_8b745f9a6864","formal","dtype_and_input_contract","runs/stage08_input_preview_b01_chebwin_8b745f9a6864/formal/20260810T082028Z_8b745f9a6864_stage08_b01_formal_a101000e/operator_dtype_evidence_chebwin_fft_thrust_20260810T082028Z_8b745f9a6864_stage08_b01_formal_a101000e.csv","20260810T082028Z_8b745f9a6864_stage08_b01_formal_a101000e","chebwin__chebwin_int32_10e2__e9b3c9a67cf57302__periodic","chebwin","INT32","INT32","actual_typed_scalar_input","1","length:INT32=100|sym:BOOL=false|attenuation_db:INT32:bytes=50000000",,"[{""input_name"":""window_positions"",""shape"":""[100]"",""dtype"":""INDEX_INT64"",""element_count"":""100"",""generator"":""implicit_window_index_domain(no_materialized_array)"",""preview_head4_tail2"":""i=0:position=0;i=1:position=1;i=2:position=2;i=3:position=3;i=98:position=98;i=99:position=99""},{""input_name"":""attenuation_db"",""shape"":""scalar"",""dtype"":""INT32"",""element_count"":""1"",""generator"":""exact_config_scalar"",""preview_head4_tail2"":""value=80""}]","{""length"":100,""requested_dtype"":""INT32"",""sym"":false,""attenuation_db"":80,""algorithm"":""fft_thrust""}","e9b3c9a67cf573027c3ef8b6a1cc5d776c8801982a505286b3dcd4dda37d987e",,,,"FP64",,,,,,,,"PASS","OK"
"stage08","stage08_input_preview_b01_chebwin_8b745f9a6864","formal","input_preview","runs/stage08_input_preview_b01_chebwin_8b745f9a6864/formal/20260810T082028Z_8b745f9a6864_stage08_b01_formal_a101000e/operator_input_evidence_chebwin_fft_thrust_20260810T082028Z_8b745f9a6864_stage08_b01_formal_a101000e.csv","20260810T082028Z_8b745f9a6864_stage08_b01_formal_a101000e","chebwin__chebwin_int32_10e2__e9b3c9a67cf57302__periodic","chebwin",,,,,,,,,,,,,,,"window_positions","[100]","INDEX_INT64","100","implicit_window_index_domain(no_materialized_array)","i=0:position=0;i=1:position=1;i=2:position=2;i=3:position=3;i=98:position=98;i=99:position=99","PASS","OK"
"stage08","stage08_input_preview_b01_chebwin_8b745f9a6864","formal","input_preview","runs/stage08_input_preview_b01_chebwin_8b745f9a6864/formal/20260810T082028Z_8b745f9a6864_stage08_b01_formal_a101000e/operator_input_evidence_chebwin_fft_thrust_20260810T082028Z_8b745f9a6864_stage08_b01_formal_a101000e.csv","20260810T082028Z_8b745f9a6864_stage08_b01_formal_a101000e","chebwin__chebwin_int32_10e2__e9b3c9a67cf57302__periodic","chebwin",,,,,,,,,,,,,,,"attenuation_db","scalar","INT32","1","exact_config_scalar","value=80","PASS","OK"
"stage08","stage08_input_preview_b01_chebwin_8b745f9a6864","formal","dtype_and_input_contract","runs/stage08_input_preview_b01_chebwin_8b745f9a6864/formal/20260810T082029Z_8b745f9a6864_stage08_b01_formal_a101000f/operator_dtype_evidence_chebwin_fft_thrust_20260810T082029Z_8b745f9a6864_stage08_b01_formal_a101000f.csv","20260810T082029Z_8b745f9a6864_stage08_b01_formal_a101000f","chebwin__chebwin_int32_10e3__ae560294278e1695__sym","chebwin","INT32","INT32","actual_typed_scalar_input","1","length:INT32=1000|sym:BOOL=true|attenuation_db:INT32:bytes=50000000",,"[{""input_name"":""window_positions"",""shape"":""[1000]"",""dtype"":""INDEX_INT64"",""element_count"":""1000"",""generator"":""implicit_window_index_domain(no_materialized_array)"",""preview_head4_tail2"":""i=0:position=0;i=1:position=1;i=2:position=2;i=3:position=3;i=998:position=998;i=999:position=999""},{""input_name"":""attenuation_db"",""shape"":""scalar"",""dtype"":""INT32"",""element_count"":""1"",""generator"":""exact_config_scalar"",""preview_head4_tail2"":""value=80""}]","{""length"":1000,""requested_dtype"":""INT32"",""sym"":true,""attenuation_db"":80,""algorithm"":""fft_thrust""}","ae560294278e16954f6bc32858422de5204e2ad11e6764aa2bb9105d845a4a8c",,,,"FP64",,,,,,,,"PASS","OK"
"stage08","stage08_input_preview_b01_chebwin_8b745f9a6864","formal","input_preview","runs/stage08_input_preview_b01_chebwin_8b745f9a6864/formal/20260810T082029Z_8b745f9a6864_stage08_b01_formal_a101000f/operator_input_evidence_chebwin_fft_thrust_20260810T082029Z_8b745f9a6864_stage08_b01_formal_a101000f.csv","20260810T082029Z_8b745f9a6864_stage08_b01_formal_a101000f","chebwin__chebwin_int32_10e3__ae560294278e1695__sym","chebwin",,,,,,,,,,,,,,,"window_positions","[1000]","INDEX_INT64","1000","implicit_window_index_domain(no_materialized_array)","i=0:position=0;i=1:position=1;i=2:position=2;i=3:position=3;i=998:position=998;i=999:position=999","PASS","OK"
"stage08","stage08_input_preview_b01_chebwin_8b745f9a6864","formal","input_preview","runs/stage08_input_preview_b01_chebwin_8b745f9a6864/formal/20260810T082029Z_8b745f9a6864_stage08_b01_formal_a101000f/operator_input_evidence_chebwin_fft_thrust_20260810T082029Z_8b745f9a6864_stage08_b01_formal_a101000f.csv","20260810T082029Z_8b745f9a6864_stage08_b01_formal_a101000f","chebwin__chebwin_int32_10e3__ae560294278e1695__sym","chebwin",,,,,,,,,,,,,,,"attenuation_db","scalar","INT32","1","exact_config_scalar","value=80","PASS","OK"
"stage08","stage08_input_preview_b01_chebwin_8b745f9a6864","formal","dtype_and_input_contract","runs/stage08_input_preview_b01_chebwin_8b745f9a6864/formal/20260810T082029Z_8b745f9a6864_stage08_b01_formal_a1010010/operator_dtype_evidence_chebwin_fft_thrust_20260810T082029Z_8b745f9a6864_stage08_b01_formal_a1010010.csv","20260810T082029Z_8b745f9a6864_stage08_b01_formal_a1010010","chebwin__chebwin_int32_10e3__3a39e86e3532fa2f__periodic","chebwin","INT32","INT32","actual_typed_scalar_input","1","length:INT32=1000|sym:BOOL=false|attenuation_db:INT32:bytes=50000000",,"[{""input_name"":""window_positions"",""shape"":""[1000]"",""dtype"":""INDEX_INT64"",""element_count"":""1000"",""generator"":""implicit_window_index_domain(no_materialized_array)"",""preview_head4_tail2"":""i=0:position=0;i=1:position=1;i=2:position=2;i=3:position=3;i=998:position=998;i=999:position=999""},{""input_name"":""attenuation_db"",""shape"":""scalar"",""dtype"":""INT32"",""element_count"":""1"",""generator"":""exact_config_scalar"",""preview_head4_tail2"":""value=80""}]","{""length"":1000,""requested_dtype"":""INT32"",""sym"":false,""attenuation_db"":80,""algorithm"":""fft_thrust""}","3a39e86e3532fa2f9b35dd881a7b654f863e20cef0c98a9b7220b5aa9abf1eb8",,,,"FP64",,,,,,,,"PASS","OK"
"stage08","stage08_input_preview_b01_chebwin_8b745f9a6864","formal","input_preview","runs/stage08_input_preview_b01_chebwin_8b745f9a6864/formal/20260810T082029Z_8b745f9a6864_stage08_b01_formal_a1010010/operator_input_evidence_chebwin_fft_thrust_20260810T082029Z_8b745f9a6864_stage08_b01_formal_a1010010.csv","20260810T082029Z_8b745f9a6864_stage08_b01_formal_a1010010","chebwin__chebwin_int32_10e3__3a39e86e3532fa2f__periodic","chebwin",,,,,,,,,,,,,,,"window_positions","[1000]","INDEX_INT64","1000","implicit_window_index_domain(no_materialized_array)","i=0:position=0;i=1:position=1;i=2:position=2;i=3:position=3;i=998:position=998;i=999:position=999","PASS","OK"
"stage08","stage08_input_preview_b01_chebwin_8b745f9a6864","formal","input_preview","runs/stage08_input_preview_b01_chebwin_8b745f9a6864/formal/20260810T082029Z_8b745f9a6864_stage08_b01_formal_a1010010/operator_input_evidence_chebwin_fft_thrust_20260810T082029Z_8b745f9a6864_stage08_b01_formal_a1010010.csv","20260810T082029Z_8b745f9a6864_stage08_b01_formal_a1010010","chebwin__chebwin_int32_10e3__3a39e86e3532fa2f__periodic","chebwin",,,,,,,,,,,,,,,"attenuation_db","scalar","INT32","1","exact_config_scalar","value=80","PASS","OK"
"stage08","stage08_input_preview_b01_chebwin_8b745f9a6864","formal","dtype_and_input_contract","runs/stage08_input_preview_b01_chebwin_8b745f9a6864/formal/20260810T082030Z_8b745f9a6864_stage08_b01_formal_a1010011/operator_dtype_evidence_chebwin_fft_thrust_20260810T082030Z_8b745f9a6864_stage08_b01_formal_a1010011.csv","20260810T082030Z_8b745f9a6864_stage08_b01_formal_a1010011","chebwin__chebwin_int32_10e4__b073d3d1217d94e5__sym","chebwin","INT32","INT32","actual_typed_scalar_input","1","length:INT32=10000|sym:BOOL=true|attenuation_db:INT32:bytes=50000000",,"[{""input_name"":""window_positions"",""shape"":""[10000]"",""dtype"":""INDEX_INT64"",""element_count"":""10000"",""generator"":""implicit_window_index_domain(no_materialized_array)"",""preview_head4_tail2"":""i=0:position=0;i=1:position=1;i=2:position=2;i=3:position=3;i=9998:position=9998;i=9999:position=9999""},{""input_name"":""attenuation_db"",""shape"":""scalar"",""dtype"":""INT32"",""element_count"":""1"",""generator"":""exact_config_scalar"",""preview_head4_tail2"":""value=80""}]","{""length"":10000,""requested_dtype"":""INT32"",""sym"":true,""attenuation_db"":80,""algorithm"":""fft_thrust""}","b073d3d1217d94e53c799853257c0bd4354d30a02285fb8c5be8b2c0394265d4",,,,"FP64",,,,,,,,"PASS","OK"
"stage08","stage08_input_preview_b01_chebwin_8b745f9a6864","formal","input_preview","runs/stage08_input_preview_b01_chebwin_8b745f9a6864/formal/20260810T082030Z_8b745f9a6864_stage08_b01_formal_a1010011/operator_input_evidence_chebwin_fft_thrust_20260810T082030Z_8b745f9a6864_stage08_b01_formal_a1010011.csv","20260810T082030Z_8b745f9a6864_stage08_b01_formal_a1010011","chebwin__chebwin_int32_10e4__b073d3d1217d94e5__sym","chebwin",,,,,,,,,,,,,,,"window_positions","[10000]","INDEX_INT64","10000","implicit_window_index_domain(no_materialized_array)","i=0:position=0;i=1:position=1;i=2:position=2;i=3:position=3;i=9998:position=9998;i=9999:position=9999","PASS","OK"
"stage08","stage08_input_preview_b01_chebwin_8b745f9a6864","formal","input_preview","runs/stage08_input_preview_b01_chebwin_8b745f9a6864/formal/20260810T082030Z_8b745f9a6864_stage08_b01_formal_a1010011/operator_input_evidence_chebwin_fft_thrust_20260810T082030Z_8b745f9a6864_stage08_b01_formal_a1010011.csv","20260810T082030Z_8b745f9a6864_stage08_b01_formal_a1010011","chebwin__chebwin_int32_10e4__b073d3d1217d94e5__sym","chebwin",,,,,,,,,,,,,,,"attenuation_db","scalar","INT32","1","exact_config_scalar","value=80","PASS","OK"
"stage08","stage08_input_preview_b01_chebwin_8b745f9a6864","formal","dtype_and_input_contract","runs/stage08_input_preview_b01_chebwin_8b745f9a6864/formal/20260810T082036Z_8b745f9a6864_stage08_b01_formal_a1010012/operator_dtype_evidence_chebwin_fft_thrust_20260810T082036Z_8b745f9a6864_stage08_b01_formal_a1010012.csv","20260810T082036Z_8b745f9a6864_stage08_b01_formal_a1010012","chebwin__chebwin_int32_10e4__1ba8a7fc4d622b65__periodic","chebwin","INT32","INT32","actual_typed_scalar_input","1","length:INT32=10000|sym:BOOL=false|attenuation_db:INT32:bytes=50000000",,"[{""input_name"":""window_positions"",""shape"":""[10000]"",""dtype"":""INDEX_INT64"",""element_count"":""10000"",""generator"":""implicit_window_index_domain(no_materialized_array)"",""preview_head4_tail2"":""i=0:position=0;i=1:position=1;i=2:position=2;i=3:position=3;i=9998:position=9998;i=9999:position=9999""},{""input_name"":""attenuation_db"",""shape"":""scalar"",""dtype"":""INT32"",""element_count"":""1"",""generator"":""exact_config_scalar"",""preview_head4_tail2"":""value=80""}]","{""length"":10000,""requested_dtype"":""INT32"",""sym"":false,""attenuation_db"":80,""algorithm"":""fft_thrust""}","1ba8a7fc4d622b654cd1a803b216f99c1323cf45a7d6f499aa692b1fddd747c1",,,,"FP64",,,,,,,,"PASS","OK"
"stage08","stage08_input_preview_b01_chebwin_8b745f9a6864","formal","input_preview","runs/stage08_input_preview_b01_chebwin_8b745f9a6864/formal/20260810T082036Z_8b745f9a6864_stage08_b01_formal_a1010012/operator_input_evidence_chebwin_fft_thrust_20260810T082036Z_8b745f9a6864_stage08_b01_formal_a1010012.csv","20260810T082036Z_8b745f9a6864_stage08_b01_formal_a1010012","chebwin__chebwin_int32_10e4__1ba8a7fc4d622b65__periodic","chebwin",,,,,,,,,,,,,,,"window_positions","[10000]","INDEX_INT64","10000","implicit_window_index_domain(no_materialized_array)","i=0:position=0;i=1:position=1;i=2:position=2;i=3:position=3;i=9998:position=9998;i=9999:position=9999","PASS","OK"
"stage08","stage08_input_preview_b01_chebwin_8b745f9a6864","formal","input_preview","runs/stage08_input_preview_b01_chebwin_8b745f9a6864/formal/20260810T082036Z_8b745f9a6864_stage08_b01_formal_a1010012/operator_input_evidence_chebwin_fft_thrust_20260810T082036Z_8b745f9a6864_stage08_b01_formal_a1010012.csv","20260810T082036Z_8b745f9a6864_stage08_b01_formal_a1010012","chebwin__chebwin_int32_10e4__1ba8a7fc4d622b65__periodic","chebwin",,,,,,,,,,,,,,,"attenuation_db","scalar","INT32","1","exact_config_scalar","value=80","PASS","OK"
"stage08","stage08_input_preview_b01_chebwin_8b745f9a6864","formal","dtype_and_input_contract","runs/stage08_input_preview_b01_chebwin_8b745f9a6864/formal/20260810T082042Z_8b745f9a6864_stage08_b01_formal_a1010013/operator_dtype_evidence_chebwin_fft_thrust_20260810T082042Z_8b745f9a6864_stage08_b01_formal_a1010013.csv","20260810T082042Z_8b745f9a6864_stage08_b01_formal_a1010013","chebwin__chebwin_int16_10e2__ad4c0b8fac821e0e__sym","chebwin","INT16","INT16","actual_typed_scalar_input","1","length:INT32=100|sym:BOOL=true|attenuation_db:INT16:bytes=5000",,"[{""input_name"":""window_positions"",""shape"":""[100]"",""dtype"":""INDEX_INT64"",""element_count"":""100"",""generator"":""implicit_window_index_domain(no_materialized_array)"",""preview_head4_tail2"":""i=0:position=0;i=1:position=1;i=2:position=2;i=3:position=3;i=98:position=98;i=99:position=99""},{""input_name"":""attenuation_db"",""shape"":""scalar"",""dtype"":""INT16"",""element_count"":""1"",""generator"":""exact_config_scalar"",""preview_head4_tail2"":""value=80""}]","{""length"":100,""requested_dtype"":""INT16"",""sym"":true,""attenuation_db"":80,""algorithm"":""fft_thrust""}","ad4c0b8fac821e0e97b19164bb3fcf2e029dd17253ea50cf20366c2280b48a7a",,,,"FP64",,,,,,,,"PASS","OK"
"stage08","stage08_input_preview_b01_chebwin_8b745f9a6864","formal","input_preview","runs/stage08_input_preview_b01_chebwin_8b745f9a6864/formal/20260810T082042Z_8b745f9a6864_stage08_b01_formal_a1010013/operator_input_evidence_chebwin_fft_thrust_20260810T082042Z_8b745f9a6864_stage08_b01_formal_a1010013.csv","20260810T082042Z_8b745f9a6864_stage08_b01_formal_a1010013","chebwin__chebwin_int16_10e2__ad4c0b8fac821e0e__sym","chebwin",,,,,,,,,,,,,,,"window_positions","[100]","INDEX_INT64","100","implicit_window_index_domain(no_materialized_array)","i=0:position=0;i=1:position=1;i=2:position=2;i=3:position=3;i=98:position=98;i=99:position=99","PASS","OK"
"stage08","stage08_input_preview_b01_chebwin_8b745f9a6864","formal","input_preview","runs/stage08_input_preview_b01_chebwin_8b745f9a6864/formal/20260810T082042Z_8b745f9a6864_stage08_b01_formal_a1010013/operator_input_evidence_chebwin_fft_thrust_20260810T082042Z_8b745f9a6864_stage08_b01_formal_a1010013.csv","20260810T082042Z_8b745f9a6864_stage08_b01_formal_a1010013","chebwin__chebwin_int16_10e2__ad4c0b8fac821e0e__sym","chebwin",,,,,,,,,,,,,,,"attenuation_db","scalar","INT16","1","exact_config_scalar","value=80","PASS","OK"
"stage08","stage08_input_preview_b01_chebwin_8b745f9a6864","formal","dtype_and_input_contract","runs/stage08_input_preview_b01_chebwin_8b745f9a6864/formal/20260810T082043Z_8b745f9a6864_stage08_b01_formal_a1010014/operator_dtype_evidence_chebwin_fft_thrust_20260810T082043Z_8b745f9a6864_stage08_b01_formal_a1010014.csv","20260810T082043Z_8b745f9a6864_stage08_b01_formal_a1010014","chebwin__chebwin_int16_10e2__2d7869025924cd07__periodic","chebwin","INT16","INT16","actual_typed_scalar_input","1","length:INT32=100|sym:BOOL=false|attenuation_db:INT16:bytes=5000",,"[{""input_name"":""window_positions"",""shape"":""[100]"",""dtype"":""INDEX_INT64"",""element_count"":""100"",""generator"":""implicit_window_index_domain(no_materialized_array)"",""preview_head4_tail2"":""i=0:position=0;i=1:position=1;i=2:position=2;i=3:position=3;i=98:position=98;i=99:position=99""},{""input_name"":""attenuation_db"",""shape"":""scalar"",""dtype"":""INT16"",""element_count"":""1"",""generator"":""exact_config_scalar"",""preview_head4_tail2"":""value=80""}]","{""length"":100,""requested_dtype"":""INT16"",""sym"":false,""attenuation_db"":80,""algorithm"":""fft_thrust""}","2d7869025924cd076760189f2e018ff35a5914e86d747350f6668cc0e2133f03",,,,"FP64",,,,,,,,"PASS","OK"
"stage08","stage08_input_preview_b01_chebwin_8b745f9a6864","formal","input_preview","runs/stage08_input_preview_b01_chebwin_8b745f9a6864/formal/20260810T082043Z_8b745f9a6864_stage08_b01_formal_a1010014/operator_input_evidence_chebwin_fft_thrust_20260810T082043Z_8b745f9a6864_stage08_b01_formal_a1010014.csv","20260810T082043Z_8b745f9a6864_stage08_b01_formal_a1010014","chebwin__chebwin_int16_10e2__2d7869025924cd07__periodic","chebwin",,,,,,,,,,,,,,,"window_positions","[100]","INDEX_INT64","100","implicit_window_index_domain(no_materialized_array)","i=0:position=0;i=1:position=1;i=2:position=2;i=3:position=3;i=98:position=98;i=99:position=99","PASS","OK"
"stage08","stage08_input_preview_b01_chebwin_8b745f9a6864","formal","input_preview","runs/stage08_input_preview_b01_chebwin_8b745f9a6864/formal/20260810T082043Z_8b745f9a6864_stage08_b01_formal_a1010014/operator_input_evidence_chebwin_fft_thrust_20260810T082043Z_8b745f9a6864_stage08_b01_formal_a1010014.csv","20260810T082043Z_8b745f9a6864_stage08_b01_formal_a1010014","chebwin__chebwin_int16_10e2__2d7869025924cd07__periodic","chebwin",,,,,,,,,,,,,,,"attenuation_db","scalar","INT16","1","exact_config_scalar","value=80","PASS","OK"
"stage08","stage08_input_preview_b01_chebwin_8b745f9a6864","formal","dtype_and_input_contract","runs/stage08_input_preview_b01_chebwin_8b745f9a6864/formal/20260810T082043Z_8b745f9a6864_stage08_b01_formal_a1010015/operator_dtype_evidence_chebwin_fft_thrust_20260810T082043Z_8b745f9a6864_stage08_b01_formal_a1010015.csv","20260810T082043Z_8b745f9a6864_stage08_b01_formal_a1010015","chebwin__chebwin_int16_10e3__2bd6556ea2c25c06__sym","chebwin","INT16","INT16","actual_typed_scalar_input","1","length:INT32=1000|sym:BOOL=true|attenuation_db:INT16:bytes=5000",,"[{""input_name"":""window_positions"",""shape"":""[1000]"",""dtype"":""INDEX_INT64"",""element_count"":""1000"",""generator"":""implicit_window_index_domain(no_materialized_array)"",""preview_head4_tail2"":""i=0:position=0;i=1:position=1;i=2:position=2;i=3:position=3;i=998:position=998;i=999:position=999""},{""input_name"":""attenuation_db"",""shape"":""scalar"",""dtype"":""INT16"",""element_count"":""1"",""generator"":""exact_config_scalar"",""preview_head4_tail2"":""value=80""}]","{""length"":1000,""requested_dtype"":""INT16"",""sym"":true,""attenuation_db"":80,""algorithm"":""fft_thrust""}","2bd6556ea2c25c06a2b333e24aa10c2e97a21c313254fad6b82a5fb4ca7bf415",,,,"FP64",,,,,,,,"PASS","OK"
"stage08","stage08_input_preview_b01_chebwin_8b745f9a6864","formal","input_preview","runs/stage08_input_preview_b01_chebwin_8b745f9a6864/formal/20260810T082043Z_8b745f9a6864_stage08_b01_formal_a1010015/operator_input_evidence_chebwin_fft_thrust_20260810T082043Z_8b745f9a6864_stage08_b01_formal_a1010015.csv","20260810T082043Z_8b745f9a6864_stage08_b01_formal_a1010015","chebwin__chebwin_int16_10e3__2bd6556ea2c25c06__sym","chebwin",,,,,,,,,,,,,,,"window_positions","[1000]","INDEX_INT64","1000","implicit_window_index_domain(no_materialized_array)","i=0:position=0;i=1:position=1;i=2:position=2;i=3:position=3;i=998:position=998;i=999:position=999","PASS","OK"
"stage08","stage08_input_preview_b01_chebwin_8b745f9a6864","formal","input_preview","runs/stage08_input_preview_b01_chebwin_8b745f9a6864/formal/20260810T082043Z_8b745f9a6864_stage08_b01_formal_a1010015/operator_input_evidence_chebwin_fft_thrust_20260810T082043Z_8b745f9a6864_stage08_b01_formal_a1010015.csv","20260810T082043Z_8b745f9a6864_stage08_b01_formal_a1010015","chebwin__chebwin_int16_10e3__2bd6556ea2c25c06__sym","chebwin",,,,,,,,,,,,,,,"attenuation_db","scalar","INT16","1","exact_config_scalar","value=80","PASS","OK"
"stage08","stage08_input_preview_b01_chebwin_8b745f9a6864","formal","dtype_and_input_contract","runs/stage08_input_preview_b01_chebwin_8b745f9a6864/formal/20260810T082044Z_8b745f9a6864_stage08_b01_formal_a1010016/operator_dtype_evidence_chebwin_fft_thrust_20260810T082044Z_8b745f9a6864_stage08_b01_formal_a1010016.csv","20260810T082044Z_8b745f9a6864_stage08_b01_formal_a1010016","chebwin__chebwin_int16_10e3__7e3cd92367bd1436__periodic","chebwin","INT16","INT16","actual_typed_scalar_input","1","length:INT32=1000|sym:BOOL=false|attenuation_db:INT16:bytes=5000",,"[{""input_name"":""window_positions"",""shape"":""[1000]"",""dtype"":""INDEX_INT64"",""element_count"":""1000"",""generator"":""implicit_window_index_domain(no_materialized_array)"",""preview_head4_tail2"":""i=0:position=0;i=1:position=1;i=2:position=2;i=3:position=3;i=998:position=998;i=999:position=999""},{""input_name"":""attenuation_db"",""shape"":""scalar"",""dtype"":""INT16"",""element_count"":""1"",""generator"":""exact_config_scalar"",""preview_head4_tail2"":""value=80""}]","{""length"":1000,""requested_dtype"":""INT16"",""sym"":false,""attenuation_db"":80,""algorithm"":""fft_thrust""}","7e3cd92367bd14367b9f3a18b925bd36453848f095f8137ff9494209a27b8d37",,,,"FP64",,,,,,,,"PASS","OK"
"stage08","stage08_input_preview_b01_chebwin_8b745f9a6864","formal","input_preview","runs/stage08_input_preview_b01_chebwin_8b745f9a6864/formal/20260810T082044Z_8b745f9a6864_stage08_b01_formal_a1010016/operator_input_evidence_chebwin_fft_thrust_20260810T082044Z_8b745f9a6864_stage08_b01_formal_a1010016.csv","20260810T082044Z_8b745f9a6864_stage08_b01_formal_a1010016","chebwin__chebwin_int16_10e3__7e3cd92367bd1436__periodic","chebwin",,,,,,,,,,,,,,,"window_positions","[1000]","INDEX_INT64","1000","implicit_window_index_domain(no_materialized_array)","i=0:position=0;i=1:position=1;i=2:position=2;i=3:position=3;i=998:position=998;i=999:position=999","PASS","OK"
"stage08","stage08_input_preview_b01_chebwin_8b745f9a6864","formal","input_preview","runs/stage08_input_preview_b01_chebwin_8b745f9a6864/formal/20260810T082044Z_8b745f9a6864_stage08_b01_formal_a1010016/operator_input_evidence_chebwin_fft_thrust_20260810T082044Z_8b745f9a6864_stage08_b01_formal_a1010016.csv","20260810T082044Z_8b745f9a6864_stage08_b01_formal_a1010016","chebwin__chebwin_int16_10e3__7e3cd92367bd1436__periodic","chebwin",,,,,,,,,,,,,,,"attenuation_db","scalar","INT16","1","exact_config_scalar","value=80","PASS","OK"
"stage08","stage08_input_preview_b01_chebwin_8b745f9a6864","formal","dtype_and_input_contract","runs/stage08_input_preview_b01_chebwin_8b745f9a6864/formal/20260810T082044Z_8b745f9a6864_stage08_b01_formal_a1010017/operator_dtype_evidence_chebwin_fft_thrust_20260810T082044Z_8b745f9a6864_stage08_b01_formal_a1010017.csv","20260810T082044Z_8b745f9a6864_stage08_b01_formal_a1010017","chebwin__chebwin_int16_10e4__38f2e4980de120a0__sym","chebwin","INT16","INT16","actual_typed_scalar_input","1","length:INT32=10000|sym:BOOL=true|attenuation_db:INT16:bytes=5000",,"[{""input_name"":""window_positions"",""shape"":""[10000]"",""dtype"":""INDEX_INT64"",""element_count"":""10000"",""generator"":""implicit_window_index_domain(no_materialized_array)"",""preview_head4_tail2"":""i=0:position=0;i=1:position=1;i=2:position=2;i=3:position=3;i=9998:position=9998;i=9999:position=9999""},{""input_name"":""attenuation_db"",""shape"":""scalar"",""dtype"":""INT16"",""element_count"":""1"",""generator"":""exact_config_scalar"",""preview_head4_tail2"":""value=80""}]","{""length"":10000,""requested_dtype"":""INT16"",""sym"":true,""attenuation_db"":80,""algorithm"":""fft_thrust""}","38f2e4980de120a0dc68dc1f2811892f5bde050a895ca3182c640dd4ac50b9f7",,,,"FP64",,,,,,,,"PASS","OK"
"stage08","stage08_input_preview_b01_chebwin_8b745f9a6864","formal","input_preview","runs/stage08_input_preview_b01_chebwin_8b745f9a6864/formal/20260810T082044Z_8b745f9a6864_stage08_b01_formal_a1010017/operator_input_evidence_chebwin_fft_thrust_20260810T082044Z_8b745f9a6864_stage08_b01_formal_a1010017.csv","20260810T082044Z_8b745f9a6864_stage08_b01_formal_a1010017","chebwin__chebwin_int16_10e4__38f2e4980de120a0__sym","chebwin",,,,,,,,,,,,,,,"window_positions","[10000]","INDEX_INT64","10000","implicit_window_index_domain(no_materialized_array)","i=0:position=0;i=1:position=1;i=2:position=2;i=3:position=3;i=9998:position=9998;i=9999:position=9999","PASS","OK"
"stage08","stage08_input_preview_b01_chebwin_8b745f9a6864","formal","input_preview","runs/stage08_input_preview_b01_chebwin_8b745f9a6864/formal/20260810T082044Z_8b745f9a6864_stage08_b01_formal_a1010017/operator_input_evidence_chebwin_fft_thrust_20260810T082044Z_8b745f9a6864_stage08_b01_formal_a1010017.csv","20260810T082044Z_8b745f9a6864_stage08_b01_formal_a1010017","chebwin__chebwin_int16_10e4__38f2e4980de120a0__sym","chebwin",,,,,,,,,,,,,,,"attenuation_db","scalar","INT16","1","exact_config_scalar","value=80","PASS","OK"
"stage08","stage08_input_preview_b01_chebwin_8b745f9a6864","formal","dtype_and_input_contract","runs/stage08_input_preview_b01_chebwin_8b745f9a6864/formal/20260810T082050Z_8b745f9a6864_stage08_b01_formal_a1010018/operator_dtype_evidence_chebwin_fft_thrust_20260810T082050Z_8b745f9a6864_stage08_b01_formal_a1010018.csv","20260810T082050Z_8b745f9a6864_stage08_b01_formal_a1010018","chebwin__chebwin_int16_10e4__3b0050110043e7cd__periodic","chebwin","INT16","INT16","actual_typed_scalar_input","1","length:INT32=10000|sym:BOOL=false|attenuation_db:INT16:bytes=5000",,"[{""input_name"":""window_positions"",""shape"":""[10000]"",""dtype"":""INDEX_INT64"",""element_count"":""10000"",""generator"":""implicit_window_index_domain(no_materialized_array)"",""preview_head4_tail2"":""i=0:position=0;i=1:position=1;i=2:position=2;i=3:position=3;i=9998:position=9998;i=9999:position=9999""},{""input_name"":""attenuation_db"",""shape"":""scalar"",""dtype"":""INT16"",""element_count"":""1"",""generator"":""exact_config_scalar"",""preview_head4_tail2"":""value=80""}]","{""length"":10000,""requested_dtype"":""INT16"",""sym"":false,""attenuation_db"":80,""algorithm"":""fft_thrust""}","3b0050110043e7cd4b079e1470bdb7c7a8cccb1c02c25b643494967b36361eed",,,,"FP64",,,,,,,,"PASS","OK"
"stage08","stage08_input_preview_b01_chebwin_8b745f9a6864","formal","input_preview","runs/stage08_input_preview_b01_chebwin_8b745f9a6864/formal/20260810T082050Z_8b745f9a6864_stage08_b01_formal_a1010018/operator_input_evidence_chebwin_fft_thrust_20260810T082050Z_8b745f9a6864_stage08_b01_formal_a1010018.csv","20260810T082050Z_8b745f9a6864_stage08_b01_formal_a1010018","chebwin__chebwin_int16_10e4__3b0050110043e7cd__periodic","chebwin",,,,,,,,,,,,,,,"window_positions","[10000]","INDEX_INT64","10000","implicit_window_index_domain(no_materialized_array)","i=0:position=0;i=1:position=1;i=2:position=2;i=3:position=3;i=9998:position=9998;i=9999:position=9999","PASS","OK"
"stage08","stage08_input_preview_b01_chebwin_8b745f9a6864","formal","input_preview","runs/stage08_input_preview_b01_chebwin_8b745f9a6864/formal/20260810T082050Z_8b745f9a6864_stage08_b01_formal_a1010018/operator_input_evidence_chebwin_fft_thrust_20260810T082050Z_8b745f9a6864_stage08_b01_formal_a1010018.csv","20260810T082050Z_8b745f9a6864_stage08_b01_formal_a1010018","chebwin__chebwin_int16_10e4__3b0050110043e7cd__periodic","chebwin",,,,,,,,,,,,,,,"attenuation_db","scalar","INT16","1","exact_config_scalar","value=80","PASS","OK"
"stage08","stage08_input_preview_b01_chebwin_8b745f9a6864","formal","dtype_and_input_contract","runs/stage08_input_preview_b01_chebwin_8b745f9a6864/formal/20260810T082057Z_8b745f9a6864_stage08_b01_formal_a1010019/operator_dtype_evidence_chebwin_fft_thrust_20260810T082057Z_8b745f9a6864_stage08_b01_formal_a1010019.csv","20260810T082057Z_8b745f9a6864_stage08_b01_formal_a1010019","chebwin__chebwin_int8_10e2__a2db05d294329fa9__sym","chebwin","INT8","INT8","actual_typed_scalar_input","1","length:INT32=100|sym:BOOL=true|attenuation_db:INT8:bytes=50",,"[{""input_name"":""window_positions"",""shape"":""[100]"",""dtype"":""INDEX_INT64"",""element_count"":""100"",""generator"":""implicit_window_index_domain(no_materialized_array)"",""preview_head4_tail2"":""i=0:position=0;i=1:position=1;i=2:position=2;i=3:position=3;i=98:position=98;i=99:position=99""},{""input_name"":""attenuation_db"",""shape"":""scalar"",""dtype"":""INT8"",""element_count"":""1"",""generator"":""exact_config_scalar"",""preview_head4_tail2"":""value=80""}]","{""length"":100,""requested_dtype"":""INT8"",""sym"":true,""attenuation_db"":80,""algorithm"":""fft_thrust""}","a2db05d294329fa9ae7fbf13986de5d9df54d108546ec727139161662d690792",,,,"FP64",,,,,,,,"PASS","OK"
"stage08","stage08_input_preview_b01_chebwin_8b745f9a6864","formal","input_preview","runs/stage08_input_preview_b01_chebwin_8b745f9a6864/formal/20260810T082057Z_8b745f9a6864_stage08_b01_formal_a1010019/operator_input_evidence_chebwin_fft_thrust_20260810T082057Z_8b745f9a6864_stage08_b01_formal_a1010019.csv","20260810T082057Z_8b745f9a6864_stage08_b01_formal_a1010019","chebwin__chebwin_int8_10e2__a2db05d294329fa9__sym","chebwin",,,,,,,,,,,,,,,"window_positions","[100]","INDEX_INT64","100","implicit_window_index_domain(no_materialized_array)","i=0:position=0;i=1:position=1;i=2:position=2;i=3:position=3;i=98:position=98;i=99:position=99","PASS","OK"
"stage08","stage08_input_preview_b01_chebwin_8b745f9a6864","formal","input_preview","runs/stage08_input_preview_b01_chebwin_8b745f9a6864/formal/20260810T082057Z_8b745f9a6864_stage08_b01_formal_a1010019/operator_input_evidence_chebwin_fft_thrust_20260810T082057Z_8b745f9a6864_stage08_b01_formal_a1010019.csv","20260810T082057Z_8b745f9a6864_stage08_b01_formal_a1010019","chebwin__chebwin_int8_10e2__a2db05d294329fa9__sym","chebwin",,,,,,,,,,,,,,,"attenuation_db","scalar","INT8","1","exact_config_scalar","value=80","PASS","OK"
"stage08","stage08_input_preview_b01_chebwin_8b745f9a6864","formal","dtype_and_input_contract","runs/stage08_input_preview_b01_chebwin_8b745f9a6864/formal/20260810T082057Z_8b745f9a6864_stage08_b01_formal_a101001a/operator_dtype_evidence_chebwin_fft_thrust_20260810T082057Z_8b745f9a6864_stage08_b01_formal_a101001a.csv","20260810T082057Z_8b745f9a6864_stage08_b01_formal_a101001a","chebwin__chebwin_int8_10e2__29458e34ccdf657d__periodic","chebwin","INT8","INT8","actual_typed_scalar_input","1","length:INT32=100|sym:BOOL=false|attenuation_db:INT8:bytes=50",,"[{""input_name"":""window_positions"",""shape"":""[100]"",""dtype"":""INDEX_INT64"",""element_count"":""100"",""generator"":""implicit_window_index_domain(no_materialized_array)"",""preview_head4_tail2"":""i=0:position=0;i=1:position=1;i=2:position=2;i=3:position=3;i=98:position=98;i=99:position=99""},{""input_name"":""attenuation_db"",""shape"":""scalar"",""dtype"":""INT8"",""element_count"":""1"",""generator"":""exact_config_scalar"",""preview_head4_tail2"":""value=80""}]","{""length"":100,""requested_dtype"":""INT8"",""sym"":false,""attenuation_db"":80,""algorithm"":""fft_thrust""}","29458e34ccdf657d7725aace20115cb68be211715560d9c17921043defa1017b",,,,"FP64",,,,,,,,"PASS","OK"
"stage08","stage08_input_preview_b01_chebwin_8b745f9a6864","formal","input_preview","runs/stage08_input_preview_b01_chebwin_8b745f9a6864/formal/20260810T082057Z_8b745f9a6864_stage08_b01_formal_a101001a/operator_input_evidence_chebwin_fft_thrust_20260810T082057Z_8b745f9a6864_stage08_b01_formal_a101001a.csv","20260810T082057Z_8b745f9a6864_stage08_b01_formal_a101001a","chebwin__chebwin_int8_10e2__29458e34ccdf657d__periodic","chebwin",,,,,,,,,,,,,,,"window_positions","[100]","INDEX_INT64","100","implicit_window_index_domain(no_materialized_array)","i=0:position=0;i=1:position=1;i=2:position=2;i=3:position=3;i=98:position=98;i=99:position=99","PASS","OK"
"stage08","stage08_input_preview_b01_chebwin_8b745f9a6864","formal","input_preview","runs/stage08_input_preview_b01_chebwin_8b745f9a6864/formal/20260810T082057Z_8b745f9a6864_stage08_b01_formal_a101001a/operator_input_evidence_chebwin_fft_thrust_20260810T082057Z_8b745f9a6864_stage08_b01_formal_a101001a.csv","20260810T082057Z_8b745f9a6864_stage08_b01_formal_a101001a","chebwin__chebwin_int8_10e2__29458e34ccdf657d__periodic","chebwin",,,,,,,,,,,,,,,"attenuation_db","scalar","INT8","1","exact_config_scalar","value=80","PASS","OK"
"stage08","stage08_input_preview_b01_chebwin_8b745f9a6864","formal","dtype_and_input_contract","runs/stage08_input_preview_b01_chebwin_8b745f9a6864/formal/20260810T082057Z_8b745f9a6864_stage08_b01_formal_a101001b/operator_dtype_evidence_chebwin_fft_thrust_20260810T082057Z_8b745f9a6864_stage08_b01_formal_a101001b.csv","20260810T082057Z_8b745f9a6864_stage08_b01_formal_a101001b","chebwin__chebwin_int8_10e3__38ca565c850299ea__sym","chebwin","INT8","INT8","actual_typed_scalar_input","1","length:INT32=1000|sym:BOOL=true|attenuation_db:INT8:bytes=50",,"[{""input_name"":""window_positions"",""shape"":""[1000]"",""dtype"":""INDEX_INT64"",""element_count"":""1000"",""generator"":""implicit_window_index_domain(no_materialized_array)"",""preview_head4_tail2"":""i=0:position=0;i=1:position=1;i=2:position=2;i=3:position=3;i=998:position=998;i=999:position=999""},{""input_name"":""attenuation_db"",""shape"":""scalar"",""dtype"":""INT8"",""element_count"":""1"",""generator"":""exact_config_scalar"",""preview_head4_tail2"":""value=80""}]","{""length"":1000,""requested_dtype"":""INT8"",""sym"":true,""attenuation_db"":80,""algorithm"":""fft_thrust""}","38ca565c850299eadb5de664af212d93bcd7b7b68d570521f5704e1467924857",,,,"FP64",,,,,,,,"PASS","OK"
"stage08","stage08_input_preview_b01_chebwin_8b745f9a6864","formal","input_preview","runs/stage08_input_preview_b01_chebwin_8b745f9a6864/formal/20260810T082057Z_8b745f9a6864_stage08_b01_formal_a101001b/operator_input_evidence_chebwin_fft_thrust_20260810T082057Z_8b745f9a6864_stage08_b01_formal_a101001b.csv","20260810T082057Z_8b745f9a6864_stage08_b01_formal_a101001b","chebwin__chebwin_int8_10e3__38ca565c850299ea__sym","chebwin",,,,,,,,,,,,,,,"window_positions","[1000]","INDEX_INT64","1000","implicit_window_index_domain(no_materialized_array)","i=0:position=0;i=1:position=1;i=2:position=2;i=3:position=3;i=998:position=998;i=999:position=999","PASS","OK"
"stage08","stage08_input_preview_b01_chebwin_8b745f9a6864","formal","input_preview","runs/stage08_input_preview_b01_chebwin_8b745f9a6864/formal/20260810T082057Z_8b745f9a6864_stage08_b01_formal_a101001b/operator_input_evidence_chebwin_fft_thrust_20260810T082057Z_8b745f9a6864_stage08_b01_formal_a101001b.csv","20260810T082057Z_8b745f9a6864_stage08_b01_formal_a101001b","chebwin__chebwin_int8_10e3__38ca565c850299ea__sym","chebwin",,,,,,,,,,,,,,,"attenuation_db","scalar","INT8","1","exact_config_scalar","value=80","PASS","OK"
"stage08","stage08_input_preview_b01_chebwin_8b745f9a6864","formal","dtype_and_input_contract","runs/stage08_input_preview_b01_chebwin_8b745f9a6864/formal/20260810T082058Z_8b745f9a6864_stage08_b01_formal_a101001c/operator_dtype_evidence_chebwin_fft_thrust_20260810T082058Z_8b745f9a6864_stage08_b01_formal_a101001c.csv","20260810T082058Z_8b745f9a6864_stage08_b01_formal_a101001c","chebwin__chebwin_int8_10e3__91c480d438f67a9d__periodic","chebwin","INT8","INT8","actual_typed_scalar_input","1","length:INT32=1000|sym:BOOL=false|attenuation_db:INT8:bytes=50",,"[{""input_name"":""window_positions"",""shape"":""[1000]"",""dtype"":""INDEX_INT64"",""element_count"":""1000"",""generator"":""implicit_window_index_domain(no_materialized_array)"",""preview_head4_tail2"":""i=0:position=0;i=1:position=1;i=2:position=2;i=3:position=3;i=998:position=998;i=999:position=999""},{""input_name"":""attenuation_db"",""shape"":""scalar"",""dtype"":""INT8"",""element_count"":""1"",""generator"":""exact_config_scalar"",""preview_head4_tail2"":""value=80""}]","{""length"":1000,""requested_dtype"":""INT8"",""sym"":false,""attenuation_db"":80,""algorithm"":""fft_thrust""}","91c480d438f67a9dd8e82e8a87a39f8b9829f4daae70305902059e4309b40b6b",,,,"FP64",,,,,,,,"PASS","OK"
"stage08","stage08_input_preview_b01_chebwin_8b745f9a6864","formal","input_preview","runs/stage08_input_preview_b01_chebwin_8b745f9a6864/formal/20260810T082058Z_8b745f9a6864_stage08_b01_formal_a101001c/operator_input_evidence_chebwin_fft_thrust_20260810T082058Z_8b745f9a6864_stage08_b01_formal_a101001c.csv","20260810T082058Z_8b745f9a6864_stage08_b01_formal_a101001c","chebwin__chebwin_int8_10e3__91c480d438f67a9d__periodic","chebwin",,,,,,,,,,,,,,,"window_positions","[1000]","INDEX_INT64","1000","implicit_window_index_domain(no_materialized_array)","i=0:position=0;i=1:position=1;i=2:position=2;i=3:position=3;i=998:position=998;i=999:position=999","PASS","OK"
"stage08","stage08_input_preview_b01_chebwin_8b745f9a6864","formal","input_preview","runs/stage08_input_preview_b01_chebwin_8b745f9a6864/formal/20260810T082058Z_8b745f9a6864_stage08_b01_formal_a101001c/operator_input_evidence_chebwin_fft_thrust_20260810T082058Z_8b745f9a6864_stage08_b01_formal_a101001c.csv","20260810T082058Z_8b745f9a6864_stage08_b01_formal_a101001c","chebwin__chebwin_int8_10e3__91c480d438f67a9d__periodic","chebwin",,,,,,,,,,,,,,,"attenuation_db","scalar","INT8","1","exact_config_scalar","value=80","PASS","OK"
"stage08","stage08_input_preview_b01_chebwin_8b745f9a6864","formal","dtype_and_input_contract","runs/stage08_input_preview_b01_chebwin_8b745f9a6864/formal/20260810T082058Z_8b745f9a6864_stage08_b01_formal_a101001d/operator_dtype_evidence_chebwin_fft_thrust_20260810T082058Z_8b745f9a6864_stage08_b01_formal_a101001d.csv","20260810T082058Z_8b745f9a6864_stage08_b01_formal_a101001d","chebwin__chebwin_int8_10e4__d9fb3c03f5bd4e1e__sym","chebwin","INT8","INT8","actual_typed_scalar_input","1","length:INT32=10000|sym:BOOL=true|attenuation_db:INT8:bytes=50",,"[{""input_name"":""window_positions"",""shape"":""[10000]"",""dtype"":""INDEX_INT64"",""element_count"":""10000"",""generator"":""implicit_window_index_domain(no_materialized_array)"",""preview_head4_tail2"":""i=0:position=0;i=1:position=1;i=2:position=2;i=3:position=3;i=9998:position=9998;i=9999:position=9999""},{""input_name"":""attenuation_db"",""shape"":""scalar"",""dtype"":""INT8"",""element_count"":""1"",""generator"":""exact_config_scalar"",""preview_head4_tail2"":""value=80""}]","{""length"":10000,""requested_dtype"":""INT8"",""sym"":true,""attenuation_db"":80,""algorithm"":""fft_thrust""}","d9fb3c03f5bd4e1ee98846770a6ff91c8c360d24681cb96921d5d72696a5d140",,,,"FP64",,,,,,,,"PASS","OK"
"stage08","stage08_input_preview_b01_chebwin_8b745f9a6864","formal","input_preview","runs/stage08_input_preview_b01_chebwin_8b745f9a6864/formal/20260810T082058Z_8b745f9a6864_stage08_b01_formal_a101001d/operator_input_evidence_chebwin_fft_thrust_20260810T082058Z_8b745f9a6864_stage08_b01_formal_a101001d.csv","20260810T082058Z_8b745f9a6864_stage08_b01_formal_a101001d","chebwin__chebwin_int8_10e4__d9fb3c03f5bd4e1e__sym","chebwin",,,,,,,,,,,,,,,"window_positions","[10000]","INDEX_INT64","10000","implicit_window_index_domain(no_materialized_array)","i=0:position=0;i=1:position=1;i=2:position=2;i=3:position=3;i=9998:position=9998;i=9999:position=9999","PASS","OK"
"stage08","stage08_input_preview_b01_chebwin_8b745f9a6864","formal","input_preview","runs/stage08_input_preview_b01_chebwin_8b745f9a6864/formal/20260810T082058Z_8b745f9a6864_stage08_b01_formal_a101001d/operator_input_evidence_chebwin_fft_thrust_20260810T082058Z_8b745f9a6864_stage08_b01_formal_a101001d.csv","20260810T082058Z_8b745f9a6864_stage08_b01_formal_a101001d","chebwin__chebwin_int8_10e4__d9fb3c03f5bd4e1e__sym","chebwin",,,,,,,,,,,,,,,"attenuation_db","scalar","INT8","1","exact_config_scalar","value=80","PASS","OK"
"stage08","stage08_input_preview_b01_chebwin_8b745f9a6864","formal","dtype_and_input_contract","runs/stage08_input_preview_b01_chebwin_8b745f9a6864/formal/20260810T082105Z_8b745f9a6864_stage08_b01_formal_a101001e/operator_dtype_evidence_chebwin_fft_thrust_20260810T082105Z_8b745f9a6864_stage08_b01_formal_a101001e.csv","20260810T082105Z_8b745f9a6864_stage08_b01_formal_a101001e","chebwin__chebwin_int8_10e4__72856d381d1d5251__periodic","chebwin","INT8","INT8","actual_typed_scalar_input","1","length:INT32=10000|sym:BOOL=false|attenuation_db:INT8:bytes=50",,"[{""input_name"":""window_positions"",""shape"":""[10000]"",""dtype"":""INDEX_INT64"",""element_count"":""10000"",""generator"":""implicit_window_index_domain(no_materialized_array)"",""preview_head4_tail2"":""i=0:position=0;i=1:position=1;i=2:position=2;i=3:position=3;i=9998:position=9998;i=9999:position=9999""},{""input_name"":""attenuation_db"",""shape"":""scalar"",""dtype"":""INT8"",""element_count"":""1"",""generator"":""exact_config_scalar"",""preview_head4_tail2"":""value=80""}]","{""length"":10000,""requested_dtype"":""INT8"",""sym"":false,""attenuation_db"":80,""algorithm"":""fft_thrust""}","72856d381d1d5251809da70968db2f463ca8a4c57aed8dffb7e5178f81864075",,,,"FP64",,,,,,,,"PASS","OK"
"stage08","stage08_input_preview_b01_chebwin_8b745f9a6864","formal","input_preview","runs/stage08_input_preview_b01_chebwin_8b745f9a6864/formal/20260810T082105Z_8b745f9a6864_stage08_b01_formal_a101001e/operator_input_evidence_chebwin_fft_thrust_20260810T082105Z_8b745f9a6864_stage08_b01_formal_a101001e.csv","20260810T082105Z_8b745f9a6864_stage08_b01_formal_a101001e","chebwin__chebwin_int8_10e4__72856d381d1d5251__periodic","chebwin",,,,,,,,,,,,,,,"window_positions","[10000]","INDEX_INT64","10000","implicit_window_index_domain(no_materialized_array)","i=0:position=0;i=1:position=1;i=2:position=2;i=3:position=3;i=9998:position=9998;i=9999:position=9999","PASS","OK"
"stage08","stage08_input_preview_b01_chebwin_8b745f9a6864","formal","input_preview","runs/stage08_input_preview_b01_chebwin_8b745f9a6864/formal/20260810T082105Z_8b745f9a6864_stage08_b01_formal_a101001e/operator_input_evidence_chebwin_fft_thrust_20260810T082105Z_8b745f9a6864_stage08_b01_formal_a101001e.csv","20260810T082105Z_8b745f9a6864_stage08_b01_formal_a101001e","chebwin__chebwin_int8_10e4__72856d381d1d5251__periodic","chebwin",,,,,,,,,,,,,,,"attenuation_db","scalar","INT8","1","exact_config_scalar","value=80","PASS","OK"
"stage08","stage08_input_preview_b01_general_cosine_8b745f9a6864","formal","dtype_and_input_contract","runs/stage08_input_preview_b01_general_cosine_8b745f9a6864/formal/20260810T082113Z_8b745f9a6864_stage08_b01_formal_a1020001/operator_dtype_evidence_general_cosine_not_applicable_20260810T082113Z_8b745f9a6864_stage08_b01_formal_a1020001.csv","20260810T082113Z_8b745f9a6864_stage08_b01_formal_a1020001","general_cosine__general_cosine_fp32_10e2__7aea9ce1217a0525__sym","general_cosine","FP32","FP32","actual_typed_array_input","3","length:INT32=100|sym:BOOL=true|coefficient_values:FP32:bytes=0000803f;00000040;0000803f;",,"[{""input_name"":""window_positions"",""shape"":""[100]"",""dtype"":""INDEX_INT64"",""element_count"":""100"",""generator"":""implicit_window_index_domain(no_materialized_array)"",""preview_head4_tail2"":""i=0:position=0;i=1:position=1;i=2:position=2;i=3:position=3;i=98:position=98;i=99:position=99""},{""input_name"":""coefficient_values"",""shape"":""[3]"",""dtype"":""FP32"",""element_count"":""3"",""generator"":""exact_config_array"",""preview_head4_tail2"":""i=0:1;i=1:2;i=2:1""}]","{""length"":100,""requested_dtype"":""FP32"",""sym"":true,""coefficient_values"":[1,2,1]}","7aea9ce1217a052519180c6753897bccd990fec0c5b4981f1dfe2709bb981540",,,,"FP64",,,,,,,,"PASS","OK"
"stage08","stage08_input_preview_b01_general_cosine_8b745f9a6864","formal","input_preview","runs/stage08_input_preview_b01_general_cosine_8b745f9a6864/formal/20260810T082113Z_8b745f9a6864_stage08_b01_formal_a1020001/operator_input_evidence_general_cosine_not_applicable_20260810T082113Z_8b745f9a6864_stage08_b01_formal_a1020001.csv","20260810T082113Z_8b745f9a6864_stage08_b01_formal_a1020001","general_cosine__general_cosine_fp32_10e2__7aea9ce1217a0525__sym","general_cosine",,,,,,,,,,,,,,,"window_positions","[100]","INDEX_INT64","100","implicit_window_index_domain(no_materialized_array)","i=0:position=0;i=1:position=1;i=2:position=2;i=3:position=3;i=98:position=98;i=99:position=99","PASS","OK"
"stage08","stage08_input_preview_b01_general_cosine_8b745f9a6864","formal","input_preview","runs/stage08_input_preview_b01_general_cosine_8b745f9a6864/formal/20260810T082113Z_8b745f9a6864_stage08_b01_formal_a1020001/operator_input_evidence_general_cosine_not_applicable_20260810T082113Z_8b745f9a6864_stage08_b01_formal_a1020001.csv","20260810T082113Z_8b745f9a6864_stage08_b01_formal_a1020001","general_cosine__general_cosine_fp32_10e2__7aea9ce1217a0525__sym","general_cosine",,,,,,,,,,,,,,,"coefficient_values","[3]","FP32","3","exact_config_array","i=0:1;i=1:2;i=2:1","PASS","OK"
"stage08","stage08_input_preview_b01_general_cosine_8b745f9a6864","formal","dtype_and_input_contract","runs/stage08_input_preview_b01_general_cosine_8b745f9a6864/formal/20260810T082113Z_8b745f9a6864_stage08_b01_formal_a1020002/operator_dtype_evidence_general_cosine_not_applicable_20260810T082113Z_8b745f9a6864_stage08_b01_formal_a1020002.csv","20260810T082113Z_8b745f9a6864_stage08_b01_formal_a1020002","general_cosine__general_cosine_fp32_10e2__ac11ae94c983f490__periodic","general_cosine","FP32","FP32","actual_typed_array_input","3","length:INT32=100|sym:BOOL=false|coefficient_values:FP32:bytes=0000803f;00000040;0000803f;",,"[{""input_name"":""window_positions"",""shape"":""[100]"",""dtype"":""INDEX_INT64"",""element_count"":""100"",""generator"":""implicit_window_index_domain(no_materialized_array)"",""preview_head4_tail2"":""i=0:position=0;i=1:position=1;i=2:position=2;i=3:position=3;i=98:position=98;i=99:position=99""},{""input_name"":""coefficient_values"",""shape"":""[3]"",""dtype"":""FP32"",""element_count"":""3"",""generator"":""exact_config_array"",""preview_head4_tail2"":""i=0:1;i=1:2;i=2:1""}]","{""length"":100,""requested_dtype"":""FP32"",""sym"":false,""coefficient_values"":[1,2,1]}","ac11ae94c983f4900269967b5eb4ecee8ce7e369f7d8286effc18232087ce59d",,,,"FP64",,,,,,,,"PASS","OK"
"stage08","stage08_input_preview_b01_general_cosine_8b745f9a6864","formal","input_preview","runs/stage08_input_preview_b01_general_cosine_8b745f9a6864/formal/20260810T082113Z_8b745f9a6864_stage08_b01_formal_a1020002/operator_input_evidence_general_cosine_not_applicable_20260810T082113Z_8b745f9a6864_stage08_b01_formal_a1020002.csv","20260810T082113Z_8b745f9a6864_stage08_b01_formal_a1020002","general_cosine__general_cosine_fp32_10e2__ac11ae94c983f490__periodic","general_cosine",,,,,,,,,,,,,,,"window_positions","[100]","INDEX_INT64","100","implicit_window_index_domain(no_materialized_array)","i=0:position=0;i=1:position=1;i=2:position=2;i=3:position=3;i=98:position=98;i=99:position=99","PASS","OK"
"stage08","stage08_input_preview_b01_general_cosine_8b745f9a6864","formal","input_preview","runs/stage08_input_preview_b01_general_cosine_8b745f9a6864/formal/20260810T082113Z_8b745f9a6864_stage08_b01_formal_a1020002/operator_input_evidence_general_cosine_not_applicable_20260810T082113Z_8b745f9a6864_stage08_b01_formal_a1020002.csv","20260810T082113Z_8b745f9a6864_stage08_b01_formal_a1020002","general_cosine__general_cosine_fp32_10e2__ac11ae94c983f490__periodic","general_cosine",,,,,,,,,,,,,,,"coefficient_values","[3]","FP32","3","exact_config_array","i=0:1;i=1:2;i=2:1","PASS","OK"
"stage08","stage08_input_preview_b01_general_cosine_8b745f9a6864","formal","dtype_and_input_contract","runs/stage08_input_preview_b01_general_cosine_8b745f9a6864/formal/20260810T082113Z_8b745f9a6864_stage08_b01_formal_a1020003/operator_dtype_evidence_general_cosine_not_applicable_20260810T082113Z_8b745f9a6864_stage08_b01_formal_a1020003.csv","20260810T082113Z_8b745f9a6864_stage08_b01_formal_a1020003","general_cosine__general_cosine_fp32_10e3__3371f01af8a20862__sym","general_cosine","FP32","FP32","actual_typed_array_input","3","length:INT32=1000|sym:BOOL=true|coefficient_values:FP32:bytes=0000803f;00000040;0000803f;",,"[{""input_name"":""window_positions"",""shape"":""[1000]"",""dtype"":""INDEX_INT64"",""element_count"":""1000"",""generator"":""implicit_window_index_domain(no_materialized_array)"",""preview_head4_tail2"":""i=0:position=0;i=1:position=1;i=2:position=2;i=3:position=3;i=998:position=998;i=999:position=999""},{""input_name"":""coefficient_values"",""shape"":""[3]"",""dtype"":""FP32"",""element_count"":""3"",""generator"":""exact_config_array"",""preview_head4_tail2"":""i=0:1;i=1:2;i=2:1""}]","{""length"":1000,""requested_dtype"":""FP32"",""sym"":true,""coefficient_values"":[1,2,1]}","3371f01af8a20862c86d233046b7cbd6d1a130d16136c6ad414b3e0fe7878c92",,,,"FP64",,,,,,,,"PASS","OK"
"stage08","stage08_input_preview_b01_general_cosine_8b745f9a6864","formal","input_preview","runs/stage08_input_preview_b01_general_cosine_8b745f9a6864/formal/20260810T082113Z_8b745f9a6864_stage08_b01_formal_a1020003/operator_input_evidence_general_cosine_not_applicable_20260810T082113Z_8b745f9a6864_stage08_b01_formal_a1020003.csv","20260810T082113Z_8b745f9a6864_stage08_b01_formal_a1020003","general_cosine__general_cosine_fp32_10e3__3371f01af8a20862__sym","general_cosine",,,,,,,,,,,,,,,"window_positions","[1000]","INDEX_INT64","1000","implicit_window_index_domain(no_materialized_array)","i=0:position=0;i=1:position=1;i=2:position=2;i=3:position=3;i=998:position=998;i=999:position=999","PASS","OK"
"stage08","stage08_input_preview_b01_general_cosine_8b745f9a6864","formal","input_preview","runs/stage08_input_preview_b01_general_cosine_8b745f9a6864/formal/20260810T082113Z_8b745f9a6864_stage08_b01_formal_a1020003/operator_input_evidence_general_cosine_not_applicable_20260810T082113Z_8b745f9a6864_stage08_b01_formal_a1020003.csv","20260810T082113Z_8b745f9a6864_stage08_b01_formal_a1020003","general_cosine__general_cosine_fp32_10e3__3371f01af8a20862__sym","general_cosine",,,,,,,,,,,,,,,"coefficient_values","[3]","FP32","3","exact_config_array","i=0:1;i=1:2;i=2:1","PASS","OK"
"stage08","stage08_input_preview_b01_general_cosine_8b745f9a6864","formal","dtype_and_input_contract","runs/stage08_input_preview_b01_general_cosine_8b745f9a6864/formal/20260810T082113Z_8b745f9a6864_stage08_b01_formal_a1020004/operator_dtype_evidence_general_cosine_not_applicable_20260810T082113Z_8b745f9a6864_stage08_b01_formal_a1020004.csv","20260810T082113Z_8b745f9a6864_stage08_b01_formal_a1020004","general_cosine__general_cosine_fp32_10e3__edf6c19a3f837d3b__periodic","general_cosine","FP32","FP32","actual_typed_array_input","3","length:INT32=1000|sym:BOOL=false|coefficient_values:FP32:bytes=0000803f;00000040;0000803f;",,"[{""input_name"":""window_positions"",""shape"":""[1000]"",""dtype"":""INDEX_INT64"",""element_count"":""1000"",""generator"":""implicit_window_index_domain(no_materialized_array)"",""preview_head4_tail2"":""i=0:position=0;i=1:position=1;i=2:position=2;i=3:position=3;i=998:position=998;i=999:position=999""},{""input_name"":""coefficient_values"",""shape"":""[3]"",""dtype"":""FP32"",""element_count"":""3"",""generator"":""exact_config_array"",""preview_head4_tail2"":""i=0:1;i=1:2;i=2:1""}]","{""length"":1000,""requested_dtype"":""FP32"",""sym"":false,""coefficient_values"":[1,2,1]}","edf6c19a3f837d3bfaaf3bff17cb21d93195b71c7bd51bbd28117cb793ed0489",,,,"FP64",,,,,,,,"PASS","OK"
"stage08","stage08_input_preview_b01_general_cosine_8b745f9a6864","formal","input_preview","runs/stage08_input_preview_b01_general_cosine_8b745f9a6864/formal/20260810T082113Z_8b745f9a6864_stage08_b01_formal_a1020004/operator_input_evidence_general_cosine_not_applicable_20260810T082113Z_8b745f9a6864_stage08_b01_formal_a1020004.csv","20260810T082113Z_8b745f9a6864_stage08_b01_formal_a1020004","general_cosine__general_cosine_fp32_10e3__edf6c19a3f837d3b__periodic","general_cosine",,,,,,,,,,,,,,,"window_positions","[1000]","INDEX_INT64","1000","implicit_window_index_domain(no_materialized_array)","i=0:position=0;i=1:position=1;i=2:position=2;i=3:position=3;i=998:position=998;i=999:position=999","PASS","OK"
"stage08","stage08_input_preview_b01_general_cosine_8b745f9a6864","formal","input_preview","runs/stage08_input_preview_b01_general_cosine_8b745f9a6864/formal/20260810T082113Z_8b745f9a6864_stage08_b01_formal_a1020004/operator_input_evidence_general_cosine_not_applicable_20260810T082113Z_8b745f9a6864_stage08_b01_formal_a1020004.csv","20260810T082113Z_8b745f9a6864_stage08_b01_formal_a1020004","general_cosine__general_cosine_fp32_10e3__edf6c19a3f837d3b__periodic","general_cosine",,,,,,,,,,,,,,,"coefficient_values","[3]","FP32","3","exact_config_array","i=0:1;i=1:2;i=2:1","PASS","OK"
"stage08","stage08_input_preview_b01_general_cosine_8b745f9a6864","formal","dtype_and_input_contract","runs/stage08_input_preview_b01_general_cosine_8b745f9a6864/formal/20260810T082114Z_8b745f9a6864_stage08_b01_formal_a1020005/operator_dtype_evidence_general_cosine_not_applicable_20260810T082114Z_8b745f9a6864_stage08_b01_formal_a1020005.csv","20260810T082114Z_8b745f9a6864_stage08_b01_formal_a1020005","general_cosine__general_cosine_fp32_10e4__543f4ff0b4bfb4cd__sym","general_cosine","FP32","FP32","actual_typed_array_input","3","length:INT32=10000|sym:BOOL=true|coefficient_values:FP32:bytes=0000803f;00000040;0000803f;",,"[{""input_name"":""window_positions"",""shape"":""[10000]"",""dtype"":""INDEX_INT64"",""element_count"":""10000"",""generator"":""implicit_window_index_domain(no_materialized_array)"",""preview_head4_tail2"":""i=0:position=0;i=1:position=1;i=2:position=2;i=3:position=3;i=9998:position=9998;i=9999:position=9999""},{""input_name"":""coefficient_values"",""shape"":""[3]"",""dtype"":""FP32"",""element_count"":""3"",""generator"":""exact_config_array"",""preview_head4_tail2"":""i=0:1;i=1:2;i=2:1""}]","{""length"":10000,""requested_dtype"":""FP32"",""sym"":true,""coefficient_values"":[1,2,1]}","543f4ff0b4bfb4cd16116c89ec5676af64b91226e5b22241af7affd650aae9d2",,,,"FP64",,,,,,,,"PASS","OK"
"stage08","stage08_input_preview_b01_general_cosine_8b745f9a6864","formal","input_preview","runs/stage08_input_preview_b01_general_cosine_8b745f9a6864/formal/20260810T082114Z_8b745f9a6864_stage08_b01_formal_a1020005/operator_input_evidence_general_cosine_not_applicable_20260810T082114Z_8b745f9a6864_stage08_b01_formal_a1020005.csv","20260810T082114Z_8b745f9a6864_stage08_b01_formal_a1020005","general_cosine__general_cosine_fp32_10e4__543f4ff0b4bfb4cd__sym","general_cosine",,,,,,,,,,,,,,,"window_positions","[10000]","INDEX_INT64","10000","implicit_window_index_domain(no_materialized_array)","i=0:position=0;i=1:position=1;i=2:position=2;i=3:position=3;i=9998:position=9998;i=9999:position=9999","PASS","OK"
"stage08","stage08_input_preview_b01_general_cosine_8b745f9a6864","formal","input_preview","runs/stage08_input_preview_b01_general_cosine_8b745f9a6864/formal/20260810T082114Z_8b745f9a6864_stage08_b01_formal_a1020005/operator_input_evidence_general_cosine_not_applicable_20260810T082114Z_8b745f9a6864_stage08_b01_formal_a1020005.csv","20260810T082114Z_8b745f9a6864_stage08_b01_formal_a1020005","general_cosine__general_cosine_fp32_10e4__543f4ff0b4bfb4cd__sym","general_cosine",,,,,,,,,,,,,,,"coefficient_values","[3]","FP32","3","exact_config_array","i=0:1;i=1:2;i=2:1","PASS","OK"
"stage08","stage08_input_preview_b01_general_cosine_8b745f9a6864","formal","dtype_and_input_contract","runs/stage08_input_preview_b01_general_cosine_8b745f9a6864/formal/20260810T082114Z_8b745f9a6864_stage08_b01_formal_a1020006/operator_dtype_evidence_general_cosine_not_applicable_20260810T082114Z_8b745f9a6864_stage08_b01_formal_a1020006.csv","20260810T082114Z_8b745f9a6864_stage08_b01_formal_a1020006","general_cosine__general_cosine_fp32_10e4__c4af90d29b5e55e9__periodic","general_cosine","FP32","FP32","actual_typed_array_input","3","length:INT32=10000|sym:BOOL=false|coefficient_values:FP32:bytes=0000803f;00000040;0000803f;",,"[{""input_name"":""window_positions"",""shape"":""[10000]"",""dtype"":""INDEX_INT64"",""element_count"":""10000"",""generator"":""implicit_window_index_domain(no_materialized_array)"",""preview_head4_tail2"":""i=0:position=0;i=1:position=1;i=2:position=2;i=3:position=3;i=9998:position=9998;i=9999:position=9999""},{""input_name"":""coefficient_values"",""shape"":""[3]"",""dtype"":""FP32"",""element_count"":""3"",""generator"":""exact_config_array"",""preview_head4_tail2"":""i=0:1;i=1:2;i=2:1""}]","{""length"":10000,""requested_dtype"":""FP32"",""sym"":false,""coefficient_values"":[1,2,1]}","c4af90d29b5e55e9349980ec3bb3e62907c8719913c733eeb27ecaadae46ea8f",,,,"FP64",,,,,,,,"PASS","OK"
"stage08","stage08_input_preview_b01_general_cosine_8b745f9a6864","formal","input_preview","runs/stage08_input_preview_b01_general_cosine_8b745f9a6864/formal/20260810T082114Z_8b745f9a6864_stage08_b01_formal_a1020006/operator_input_evidence_general_cosine_not_applicable_20260810T082114Z_8b745f9a6864_stage08_b01_formal_a1020006.csv","20260810T082114Z_8b745f9a6864_stage08_b01_formal_a1020006","general_cosine__general_cosine_fp32_10e4__c4af90d29b5e55e9__periodic","general_cosine",,,,,,,,,,,,,,,"window_positions","[10000]","INDEX_INT64","10000","implicit_window_index_domain(no_materialized_array)","i=0:position=0;i=1:position=1;i=2:position=2;i=3:position=3;i=9998:position=9998;i=9999:position=9999","PASS","OK"
"stage08","stage08_input_preview_b01_general_cosine_8b745f9a6864","formal","input_preview","runs/stage08_input_preview_b01_general_cosine_8b745f9a6864/formal/20260810T082114Z_8b745f9a6864_stage08_b01_formal_a1020006/operator_input_evidence_general_cosine_not_applicable_20260810T082114Z_8b745f9a6864_stage08_b01_formal_a1020006.csv","20260810T082114Z_8b745f9a6864_stage08_b01_formal_a1020006","general_cosine__general_cosine_fp32_10e4__c4af90d29b5e55e9__periodic","general_cosine",,,,,,,,,,,,,,,"coefficient_values","[3]","FP32","3","exact_config_array","i=0:1;i=1:2;i=2:1","PASS","OK"
"stage08","stage08_input_preview_b01_general_cosine_8b745f9a6864","formal","dtype_and_input_contract","runs/stage08_input_preview_b01_general_cosine_8b745f9a6864/formal/20260810T082114Z_8b745f9a6864_stage08_b01_formal_a1020007/operator_dtype_evidence_general_cosine_not_applicable_20260810T082114Z_8b745f9a6864_stage08_b01_formal_a1020007.csv","20260810T082114Z_8b745f9a6864_stage08_b01_formal_a1020007","general_cosine__general_cosine_fp16_10e2__2d573d30973df350__sym","general_cosine","FP16","FP16","actual_typed_array_input","3","length:INT32=100|sym:BOOL=true|coefficient_values:FP16:bytes=003c;0040;003c;",,"[{""input_name"":""window_positions"",""shape"":""[100]"",""dtype"":""INDEX_INT64"",""element_count"":""100"",""generator"":""implicit_window_index_domain(no_materialized_array)"",""preview_head4_tail2"":""i=0:position=0;i=1:position=1;i=2:position=2;i=3:position=3;i=98:position=98;i=99:position=99""},{""input_name"":""coefficient_values"",""shape"":""[3]"",""dtype"":""FP16"",""element_count"":""3"",""generator"":""exact_config_array"",""preview_head4_tail2"":""i=0:1;i=1:2;i=2:1""}]","{""length"":100,""requested_dtype"":""FP16"",""sym"":true,""coefficient_values"":[1,2,1]}","2d573d30973df3507302e62ed5c5e2880408f50e6f8792619cbef3e57c71834e",,,,"FP64",,,,,,,,"PASS","OK"
"stage08","stage08_input_preview_b01_general_cosine_8b745f9a6864","formal","input_preview","runs/stage08_input_preview_b01_general_cosine_8b745f9a6864/formal/20260810T082114Z_8b745f9a6864_stage08_b01_formal_a1020007/operator_input_evidence_general_cosine_not_applicable_20260810T082114Z_8b745f9a6864_stage08_b01_formal_a1020007.csv","20260810T082114Z_8b745f9a6864_stage08_b01_formal_a1020007","general_cosine__general_cosine_fp16_10e2__2d573d30973df350__sym","general_cosine",,,,,,,,,,,,,,,"window_positions","[100]","INDEX_INT64","100","implicit_window_index_domain(no_materialized_array)","i=0:position=0;i=1:position=1;i=2:position=2;i=3:position=3;i=98:position=98;i=99:position=99","PASS","OK"
"stage08","stage08_input_preview_b01_general_cosine_8b745f9a6864","formal","input_preview","runs/stage08_input_preview_b01_general_cosine_8b745f9a6864/formal/20260810T082114Z_8b745f9a6864_stage08_b01_formal_a1020007/operator_input_evidence_general_cosine_not_applicable_20260810T082114Z_8b745f9a6864_stage08_b01_formal_a1020007.csv","20260810T082114Z_8b745f9a6864_stage08_b01_formal_a1020007","general_cosine__general_cosine_fp16_10e2__2d573d30973df350__sym","general_cosine",,,,,,,,,,,,,,,"coefficient_values","[3]","FP16","3","exact_config_array","i=0:1;i=1:2;i=2:1","PASS","OK"
"stage08","stage08_input_preview_b01_general_cosine_8b745f9a6864","formal","dtype_and_input_contract","runs/stage08_input_preview_b01_general_cosine_8b745f9a6864/formal/20260810T082114Z_8b745f9a6864_stage08_b01_formal_a1020008/operator_dtype_evidence_general_cosine_not_applicable_20260810T082114Z_8b745f9a6864_stage08_b01_formal_a1020008.csv","20260810T082114Z_8b745f9a6864_stage08_b01_formal_a1020008","general_cosine__general_cosine_fp16_10e2__7d4ddcac9625e11a__periodic","general_cosine","FP16","FP16","actual_typed_array_input","3","length:INT32=100|sym:BOOL=false|coefficient_values:FP16:bytes=003c;0040;003c;",,"[{""input_name"":""window_positions"",""shape"":""[100]"",""dtype"":""INDEX_INT64"",""element_count"":""100"",""generator"":""implicit_window_index_domain(no_materialized_array)"",""preview_head4_tail2"":""i=0:position=0;i=1:position=1;i=2:position=2;i=3:position=3;i=98:position=98;i=99:position=99""},{""input_name"":""coefficient_values"",""shape"":""[3]"",""dtype"":""FP16"",""element_count"":""3"",""generator"":""exact_config_array"",""preview_head4_tail2"":""i=0:1;i=1:2;i=2:1""}]","{""length"":100,""requested_dtype"":""FP16"",""sym"":false,""coefficient_values"":[1,2,1]}","7d4ddcac9625e11a9859bfa908c12d23067696ff11f438c857cb4e16daf5848f",,,,"FP64",,,,,,,,"PASS","OK"
"stage08","stage08_input_preview_b01_general_cosine_8b745f9a6864","formal","input_preview","runs/stage08_input_preview_b01_general_cosine_8b745f9a6864/formal/20260810T082114Z_8b745f9a6864_stage08_b01_formal_a1020008/operator_input_evidence_general_cosine_not_applicable_20260810T082114Z_8b745f9a6864_stage08_b01_formal_a1020008.csv","20260810T082114Z_8b745f9a6864_stage08_b01_formal_a1020008","general_cosine__general_cosine_fp16_10e2__7d4ddcac9625e11a__periodic","general_cosine",,,,,,,,,,,,,,,"window_positions","[100]","INDEX_INT64","100","implicit_window_index_domain(no_materialized_array)","i=0:position=0;i=1:position=1;i=2:position=2;i=3:position=3;i=98:position=98;i=99:position=99","PASS","OK"
"stage08","stage08_input_preview_b01_general_cosine_8b745f9a6864","formal","input_preview","runs/stage08_input_preview_b01_general_cosine_8b745f9a6864/formal/20260810T082114Z_8b745f9a6864_stage08_b01_formal_a1020008/operator_input_evidence_general_cosine_not_applicable_20260810T082114Z_8b745f9a6864_stage08_b01_formal_a1020008.csv","20260810T082114Z_8b745f9a6864_stage08_b01_formal_a1020008","general_cosine__general_cosine_fp16_10e2__7d4ddcac9625e11a__periodic","general_cosine",,,,,,,,,,,,,,,"coefficient_values","[3]","FP16","3","exact_config_array","i=0:1;i=1:2;i=2:1","PASS","OK"
"stage08","stage08_input_preview_b01_general_cosine_8b745f9a6864","formal","dtype_and_input_contract","runs/stage08_input_preview_b01_general_cosine_8b745f9a6864/formal/20260810T082114Z_8b745f9a6864_stage08_b01_formal_a1020009/operator_dtype_evidence_general_cosine_not_applicable_20260810T082114Z_8b745f9a6864_stage08_b01_formal_a1020009.csv","20260810T082114Z_8b745f9a6864_stage08_b01_formal_a1020009","general_cosine__general_cosine_fp16_10e3__8e3a195c7bfa638e__sym","general_cosine","FP16","FP16","actual_typed_array_input","3","length:INT32=1000|sym:BOOL=true|coefficient_values:FP16:bytes=003c;0040;003c;",,"[{""input_name"":""window_positions"",""shape"":""[1000]"",""dtype"":""INDEX_INT64"",""element_count"":""1000"",""generator"":""implicit_window_index_domain(no_materialized_array)"",""preview_head4_tail2"":""i=0:position=0;i=1:position=1;i=2:position=2;i=3:position=3;i=998:position=998;i=999:position=999""},{""input_name"":""coefficient_values"",""shape"":""[3]"",""dtype"":""FP16"",""element_count"":""3"",""generator"":""exact_config_array"",""preview_head4_tail2"":""i=0:1;i=1:2;i=2:1""}]","{""length"":1000,""requested_dtype"":""FP16"",""sym"":true,""coefficient_values"":[1,2,1]}","8e3a195c7bfa638e58e37f1b76ea1968b7563c467a2e6ee8c054a260c53959a5",,,,"FP64",,,,,,,,"PASS","OK"
"stage08","stage08_input_preview_b01_general_cosine_8b745f9a6864","formal","input_preview","runs/stage08_input_preview_b01_general_cosine_8b745f9a6864/formal/20260810T082114Z_8b745f9a6864_stage08_b01_formal_a1020009/operator_input_evidence_general_cosine_not_applicable_20260810T082114Z_8b745f9a6864_stage08_b01_formal_a1020009.csv","20260810T082114Z_8b745f9a6864_stage08_b01_formal_a1020009","general_cosine__general_cosine_fp16_10e3__8e3a195c7bfa638e__sym","general_cosine",,,,,,,,,,,,,,,"window_positions","[1000]","INDEX_INT64","1000","implicit_window_index_domain(no_materialized_array)","i=0:position=0;i=1:position=1;i=2:position=2;i=3:position=3;i=998:position=998;i=999:position=999","PASS","OK"
"stage08","stage08_input_preview_b01_general_cosine_8b745f9a6864","formal","input_preview","runs/stage08_input_preview_b01_general_cosine_8b745f9a6864/formal/20260810T082114Z_8b745f9a6864_stage08_b01_formal_a1020009/operator_input_evidence_general_cosine_not_applicable_20260810T082114Z_8b745f9a6864_stage08_b01_formal_a1020009.csv","20260810T082114Z_8b745f9a6864_stage08_b01_formal_a1020009","general_cosine__general_cosine_fp16_10e3__8e3a195c7bfa638e__sym","general_cosine",,,,,,,,,,,,,,,"coefficient_values","[3]","FP16","3","exact_config_array","i=0:1;i=1:2;i=2:1","PASS","OK"
"stage08","stage08_input_preview_b01_general_cosine_8b745f9a6864","formal","dtype_and_input_contract","runs/stage08_input_preview_b01_general_cosine_8b745f9a6864/formal/20260810T082114Z_8b745f9a6864_stage08_b01_formal_a102000a/operator_dtype_evidence_general_cosine_not_applicable_20260810T082114Z_8b745f9a6864_stage08_b01_formal_a102000a.csv","20260810T082114Z_8b745f9a6864_stage08_b01_formal_a102000a","general_cosine__general_cosine_fp16_10e3__7b8144a5e7c1b55a__periodic","general_cosine","FP16","FP16","actual_typed_array_input","3","length:INT32=1000|sym:BOOL=false|coefficient_values:FP16:bytes=003c;0040;003c;",,"[{""input_name"":""window_positions"",""shape"":""[1000]"",""dtype"":""INDEX_INT64"",""element_count"":""1000"",""generator"":""implicit_window_index_domain(no_materialized_array)"",""preview_head4_tail2"":""i=0:position=0;i=1:position=1;i=2:position=2;i=3:position=3;i=998:position=998;i=999:position=999""},{""input_name"":""coefficient_values"",""shape"":""[3]"",""dtype"":""FP16"",""element_count"":""3"",""generator"":""exact_config_array"",""preview_head4_tail2"":""i=0:1;i=1:2;i=2:1""}]","{""length"":1000,""requested_dtype"":""FP16"",""sym"":false,""coefficient_values"":[1,2,1]}","7b8144a5e7c1b55aad5c396833657eacbfdae91301c71740d5494551c5b69872",,,,"FP64",,,,,,,,"PASS","OK"
"stage08","stage08_input_preview_b01_general_cosine_8b745f9a6864","formal","input_preview","runs/stage08_input_preview_b01_general_cosine_8b745f9a6864/formal/20260810T082114Z_8b745f9a6864_stage08_b01_formal_a102000a/operator_input_evidence_general_cosine_not_applicable_20260810T082114Z_8b745f9a6864_stage08_b01_formal_a102000a.csv","20260810T082114Z_8b745f9a6864_stage08_b01_formal_a102000a","general_cosine__general_cosine_fp16_10e3__7b8144a5e7c1b55a__periodic","general_cosine",,,,,,,,,,,,,,,"window_positions","[1000]","INDEX_INT64","1000","implicit_window_index_domain(no_materialized_array)","i=0:position=0;i=1:position=1;i=2:position=2;i=3:position=3;i=998:position=998;i=999:position=999","PASS","OK"
"stage08","stage08_input_preview_b01_general_cosine_8b745f9a6864","formal","input_preview","runs/stage08_input_preview_b01_general_cosine_8b745f9a6864/formal/20260810T082114Z_8b745f9a6864_stage08_b01_formal_a102000a/operator_input_evidence_general_cosine_not_applicable_20260810T082114Z_8b745f9a6864_stage08_b01_formal_a102000a.csv","20260810T082114Z_8b745f9a6864_stage08_b01_formal_a102000a","general_cosine__general_cosine_fp16_10e3__7b8144a5e7c1b55a__periodic","general_cosine",,,,,,,,,,,,,,,"coefficient_values","[3]","FP16","3","exact_config_array","i=0:1;i=1:2;i=2:1","PASS","OK"
"stage08","stage08_input_preview_b01_general_cosine_8b745f9a6864","formal","dtype_and_input_contract","runs/stage08_input_preview_b01_general_cosine_8b745f9a6864/formal/20260810T082115Z_8b745f9a6864_stage08_b01_formal_a102000b/operator_dtype_evidence_general_cosine_not_applicable_20260810T082115Z_8b745f9a6864_stage08_b01_formal_a102000b.csv","20260810T082115Z_8b745f9a6864_stage08_b01_formal_a102000b","general_cosine__general_cosine_fp16_10e4__994f1addb16df798__sym","general_cosine","FP16","FP16","actual_typed_array_input","3","length:INT32=10000|sym:BOOL=true|coefficient_values:FP16:bytes=003c;0040;003c;",,"[{""input_name"":""window_positions"",""shape"":""[10000]"",""dtype"":""INDEX_INT64"",""element_count"":""10000"",""generator"":""implicit_window_index_domain(no_materialized_array)"",""preview_head4_tail2"":""i=0:position=0;i=1:position=1;i=2:position=2;i=3:position=3;i=9998:position=9998;i=9999:position=9999""},{""input_name"":""coefficient_values"",""shape"":""[3]"",""dtype"":""FP16"",""element_count"":""3"",""generator"":""exact_config_array"",""preview_head4_tail2"":""i=0:1;i=1:2;i=2:1""}]","{""length"":10000,""requested_dtype"":""FP16"",""sym"":true,""coefficient_values"":[1,2,1]}","994f1addb16df798b8d259f081585a576b7ee190408cdc07cda3e6323d0a57d6",,,,"FP64",,,,,,,,"PASS","OK"
"stage08","stage08_input_preview_b01_general_cosine_8b745f9a6864","formal","input_preview","runs/stage08_input_preview_b01_general_cosine_8b745f9a6864/formal/20260810T082115Z_8b745f9a6864_stage08_b01_formal_a102000b/operator_input_evidence_general_cosine_not_applicable_20260810T082115Z_8b745f9a6864_stage08_b01_formal_a102000b.csv","20260810T082115Z_8b745f9a6864_stage08_b01_formal_a102000b","general_cosine__general_cosine_fp16_10e4__994f1addb16df798__sym","general_cosine",,,,,,,,,,,,,,,"window_positions","[10000]","INDEX_INT64","10000","implicit_window_index_domain(no_materialized_array)","i=0:position=0;i=1:position=1;i=2:position=2;i=3:position=3;i=9998:position=9998;i=9999:position=9999","PASS","OK"
"stage08","stage08_input_preview_b01_general_cosine_8b745f9a6864","formal","input_preview","runs/stage08_input_preview_b01_general_cosine_8b745f9a6864/formal/20260810T082115Z_8b745f9a6864_stage08_b01_formal_a102000b/operator_input_evidence_general_cosine_not_applicable_20260810T082115Z_8b745f9a6864_stage08_b01_formal_a102000b.csv","20260810T082115Z_8b745f9a6864_stage08_b01_formal_a102000b","general_cosine__general_cosine_fp16_10e4__994f1addb16df798__sym","general_cosine",,,,,,,,,,,,,,,"coefficient_values","[3]","FP16","3","exact_config_array","i=0:1;i=1:2;i=2:1","PASS","OK"
"stage08","stage08_input_preview_b01_general_cosine_8b745f9a6864","formal","dtype_and_input_contract","runs/stage08_input_preview_b01_general_cosine_8b745f9a6864/formal/20260810T082115Z_8b745f9a6864_stage08_b01_formal_a102000c/operator_dtype_evidence_general_cosine_not_applicable_20260810T082115Z_8b745f9a6864_stage08_b01_formal_a102000c.csv","20260810T082115Z_8b745f9a6864_stage08_b01_formal_a102000c","general_cosine__general_cosine_fp16_10e4__f7d4c50b089ead29__periodic","general_cosine","FP16","FP16","actual_typed_array_input","3","length:INT32=10000|sym:BOOL=false|coefficient_values:FP16:bytes=003c;0040;003c;",,"[{""input_name"":""window_positions"",""shape"":""[10000]"",""dtype"":""INDEX_INT64"",""element_count"":""10000"",""generator"":""implicit_window_index_domain(no_materialized_array)"",""preview_head4_tail2"":""i=0:position=0;i=1:position=1;i=2:position=2;i=3:position=3;i=9998:position=9998;i=9999:position=9999""},{""input_name"":""coefficient_values"",""shape"":""[3]"",""dtype"":""FP16"",""element_count"":""3"",""generator"":""exact_config_array"",""preview_head4_tail2"":""i=0:1;i=1:2;i=2:1""}]","{""length"":10000,""requested_dtype"":""FP16"",""sym"":false,""coefficient_values"":[1,2,1]}","f7d4c50b089ead2967f578ae39454710b645e1332e08eee51129010cb4fc8528",,,,"FP64",,,,,,,,"PASS","OK"
"stage08","stage08_input_preview_b01_general_cosine_8b745f9a6864","formal","input_preview","runs/stage08_input_preview_b01_general_cosine_8b745f9a6864/formal/20260810T082115Z_8b745f9a6864_stage08_b01_formal_a102000c/operator_input_evidence_general_cosine_not_applicable_20260810T082115Z_8b745f9a6864_stage08_b01_formal_a102000c.csv","20260810T082115Z_8b745f9a6864_stage08_b01_formal_a102000c","general_cosine__general_cosine_fp16_10e4__f7d4c50b089ead29__periodic","general_cosine",,,,,,,,,,,,,,,"window_positions","[10000]","INDEX_INT64","10000","implicit_window_index_domain(no_materialized_array)","i=0:position=0;i=1:position=1;i=2:position=2;i=3:position=3;i=9998:position=9998;i=9999:position=9999","PASS","OK"
"stage08","stage08_input_preview_b01_general_cosine_8b745f9a6864","formal","input_preview","runs/stage08_input_preview_b01_general_cosine_8b745f9a6864/formal/20260810T082115Z_8b745f9a6864_stage08_b01_formal_a102000c/operator_input_evidence_general_cosine_not_applicable_20260810T082115Z_8b745f9a6864_stage08_b01_formal_a102000c.csv","20260810T082115Z_8b745f9a6864_stage08_b01_formal_a102000c","general_cosine__general_cosine_fp16_10e4__f7d4c50b089ead29__periodic","general_cosine",,,,,,,,,,,,,,,"coefficient_values","[3]","FP16","3","exact_config_array","i=0:1;i=1:2;i=2:1","PASS","OK"
"stage08","stage08_input_preview_b01_general_cosine_8b745f9a6864","formal","dtype_and_input_contract","runs/stage08_input_preview_b01_general_cosine_8b745f9a6864/formal/20260810T082115Z_8b745f9a6864_stage08_b01_formal_a102000d/operator_dtype_evidence_general_cosine_not_applicable_20260810T082115Z_8b745f9a6864_stage08_b01_formal_a102000d.csv","20260810T082115Z_8b745f9a6864_stage08_b01_formal_a102000d","general_cosine__general_cosine_int32_10e2__3750a6ec96cd0818__sym","general_cosine","INT32","INT32","actual_typed_array_input","3","length:INT32=100|sym:BOOL=true|coefficient_values:INT32:bytes=01000000;02000000;01000000;",,"[{""input_name"":""window_positions"",""shape"":""[100]"",""dtype"":""INDEX_INT64"",""element_count"":""100"",""generator"":""implicit_window_index_domain(no_materialized_array)"",""preview_head4_tail2"":""i=0:position=0;i=1:position=1;i=2:position=2;i=3:position=3;i=98:position=98;i=99:position=99""},{""input_name"":""coefficient_values"",""shape"":""[3]"",""dtype"":""INT32"",""element_count"":""3"",""generator"":""exact_config_array"",""preview_head4_tail2"":""i=0:1;i=1:2;i=2:1""}]","{""length"":100,""requested_dtype"":""INT32"",""sym"":true,""coefficient_values"":[1,2,1]}","3750a6ec96cd08182dbe26794032421003e837907ae310991b0af2265cb93f97",,,,"FP64",,,,,,,,"PASS","OK"
"stage08","stage08_input_preview_b01_general_cosine_8b745f9a6864","formal","input_preview","runs/stage08_input_preview_b01_general_cosine_8b745f9a6864/formal/20260810T082115Z_8b745f9a6864_stage08_b01_formal_a102000d/operator_input_evidence_general_cosine_not_applicable_20260810T082115Z_8b745f9a6864_stage08_b01_formal_a102000d.csv","20260810T082115Z_8b745f9a6864_stage08_b01_formal_a102000d","general_cosine__general_cosine_int32_10e2__3750a6ec96cd0818__sym","general_cosine",,,,,,,,,,,,,,,"window_positions","[100]","INDEX_INT64","100","implicit_window_index_domain(no_materialized_array)","i=0:position=0;i=1:position=1;i=2:position=2;i=3:position=3;i=98:position=98;i=99:position=99","PASS","OK"
"stage08","stage08_input_preview_b01_general_cosine_8b745f9a6864","formal","input_preview","runs/stage08_input_preview_b01_general_cosine_8b745f9a6864/formal/20260810T082115Z_8b745f9a6864_stage08_b01_formal_a102000d/operator_input_evidence_general_cosine_not_applicable_20260810T082115Z_8b745f9a6864_stage08_b01_formal_a102000d.csv","20260810T082115Z_8b745f9a6864_stage08_b01_formal_a102000d","general_cosine__general_cosine_int32_10e2__3750a6ec96cd0818__sym","general_cosine",,,,,,,,,,,,,,,"coefficient_values","[3]","INT32","3","exact_config_array","i=0:1;i=1:2;i=2:1","PASS","OK"
"stage08","stage08_input_preview_b01_general_cosine_8b745f9a6864","formal","dtype_and_input_contract","runs/stage08_input_preview_b01_general_cosine_8b745f9a6864/formal/20260810T082115Z_8b745f9a6864_stage08_b01_formal_a102000e/operator_dtype_evidence_general_cosine_not_applicable_20260810T082115Z_8b745f9a6864_stage08_b01_formal_a102000e.csv","20260810T082115Z_8b745f9a6864_stage08_b01_formal_a102000e","general_cosine__general_cosine_int32_10e2__8408efbb516368c6__periodic","general_cosine","INT32","INT32","actual_typed_array_input","3","length:INT32=100|sym:BOOL=false|coefficient_values:INT32:bytes=01000000;02000000;01000000;",,"[{""input_name"":""window_positions"",""shape"":""[100]"",""dtype"":""INDEX_INT64"",""element_count"":""100"",""generator"":""implicit_window_index_domain(no_materialized_array)"",""preview_head4_tail2"":""i=0:position=0;i=1:position=1;i=2:position=2;i=3:position=3;i=98:position=98;i=99:position=99""},{""input_name"":""coefficient_values"",""shape"":""[3]"",""dtype"":""INT32"",""element_count"":""3"",""generator"":""exact_config_array"",""preview_head4_tail2"":""i=0:1;i=1:2;i=2:1""}]","{""length"":100,""requested_dtype"":""INT32"",""sym"":false,""coefficient_values"":[1,2,1]}","8408efbb516368c699f9a6180f5099b88f66c827028044bad34287ca22433a7d",,,,"FP64",,,,,,,,"PASS","OK"
"stage08","stage08_input_preview_b01_general_cosine_8b745f9a6864","formal","input_preview","runs/stage08_input_preview_b01_general_cosine_8b745f9a6864/formal/20260810T082115Z_8b745f9a6864_stage08_b01_formal_a102000e/operator_input_evidence_general_cosine_not_applicable_20260810T082115Z_8b745f9a6864_stage08_b01_formal_a102000e.csv","20260810T082115Z_8b745f9a6864_stage08_b01_formal_a102000e","general_cosine__general_cosine_int32_10e2__8408efbb516368c6__periodic","general_cosine",,,,,,,,,,,,,,,"window_positions","[100]","INDEX_INT64","100","implicit_window_index_domain(no_materialized_array)","i=0:position=0;i=1:position=1;i=2:position=2;i=3:position=3;i=98:position=98;i=99:position=99","PASS","OK"
"stage08","stage08_input_preview_b01_general_cosine_8b745f9a6864","formal","input_preview","runs/stage08_input_preview_b01_general_cosine_8b745f9a6864/formal/20260810T082115Z_8b745f9a6864_stage08_b01_formal_a102000e/operator_input_evidence_general_cosine_not_applicable_20260810T082115Z_8b745f9a6864_stage08_b01_formal_a102000e.csv","20260810T082115Z_8b745f9a6864_stage08_b01_formal_a102000e","general_cosine__general_cosine_int32_10e2__8408efbb516368c6__periodic","general_cosine",,,,,,,,,,,,,,,"coefficient_values","[3]","INT32","3","exact_config_array","i=0:1;i=1:2;i=2:1","PASS","OK"
"stage08","stage08_input_preview_b01_general_cosine_8b745f9a6864","formal","dtype_and_input_contract","runs/stage08_input_preview_b01_general_cosine_8b745f9a6864/formal/20260810T082115Z_8b745f9a6864_stage08_b01_formal_a102000f/operator_dtype_evidence_general_cosine_not_applicable_20260810T082115Z_8b745f9a6864_stage08_b01_formal_a102000f.csv","20260810T082115Z_8b745f9a6864_stage08_b01_formal_a102000f","general_cosine__general_cosine_int32_10e3__b96876cf375b4231__sym","general_cosine","INT32","INT32","actual_typed_array_input","3","length:INT32=1000|sym:BOOL=true|coefficient_values:INT32:bytes=01000000;02000000;01000000;",,"[{""input_name"":""window_positions"",""shape"":""[1000]"",""dtype"":""INDEX_INT64"",""element_count"":""1000"",""generator"":""implicit_window_index_domain(no_materialized_array)"",""preview_head4_tail2"":""i=0:position=0;i=1:position=1;i=2:position=2;i=3:position=3;i=998:position=998;i=999:position=999""},{""input_name"":""coefficient_values"",""shape"":""[3]"",""dtype"":""INT32"",""element_count"":""3"",""generator"":""exact_config_array"",""preview_head4_tail2"":""i=0:1;i=1:2;i=2:1""}]","{""length"":1000,""requested_dtype"":""INT32"",""sym"":true,""coefficient_values"":[1,2,1]}","b96876cf375b42319f98fd4a889e25a4a0121440c5d78f1bbc3dcc70fee9bf4b",,,,"FP64",,,,,,,,"PASS","OK"
"stage08","stage08_input_preview_b01_general_cosine_8b745f9a6864","formal","input_preview","runs/stage08_input_preview_b01_general_cosine_8b745f9a6864/formal/20260810T082115Z_8b745f9a6864_stage08_b01_formal_a102000f/operator_input_evidence_general_cosine_not_applicable_20260810T082115Z_8b745f9a6864_stage08_b01_formal_a102000f.csv","20260810T082115Z_8b745f9a6864_stage08_b01_formal_a102000f","general_cosine__general_cosine_int32_10e3__b96876cf375b4231__sym","general_cosine",,,,,,,,,,,,,,,"window_positions","[1000]","INDEX_INT64","1000","implicit_window_index_domain(no_materialized_array)","i=0:position=0;i=1:position=1;i=2:position=2;i=3:position=3;i=998:position=998;i=999:position=999","PASS","OK"
"stage08","stage08_input_preview_b01_general_cosine_8b745f9a6864","formal","input_preview","runs/stage08_input_preview_b01_general_cosine_8b745f9a6864/formal/20260810T082115Z_8b745f9a6864_stage08_b01_formal_a102000f/operator_input_evidence_general_cosine_not_applicable_20260810T082115Z_8b745f9a6864_stage08_b01_formal_a102000f.csv","20260810T082115Z_8b745f9a6864_stage08_b01_formal_a102000f","general_cosine__general_cosine_int32_10e3__b96876cf375b4231__sym","general_cosine",,,,,,,,,,,,,,,"coefficient_values","[3]","INT32","3","exact_config_array","i=0:1;i=1:2;i=2:1","PASS","OK"
"stage08","stage08_input_preview_b01_general_cosine_8b745f9a6864","formal","dtype_and_input_contract","runs/stage08_input_preview_b01_general_cosine_8b745f9a6864/formal/20260810T082116Z_8b745f9a6864_stage08_b01_formal_a1020010/operator_dtype_evidence_general_cosine_not_applicable_20260810T082116Z_8b745f9a6864_stage08_b01_formal_a1020010.csv","20260810T082116Z_8b745f9a6864_stage08_b01_formal_a1020010","general_cosine__general_cosine_int32_10e3__b1be76fd77128c1b__periodic","general_cosine","INT32","INT32","actual_typed_array_input","3","length:INT32=1000|sym:BOOL=false|coefficient_values:INT32:bytes=01000000;02000000;01000000;",,"[{""input_name"":""window_positions"",""shape"":""[1000]"",""dtype"":""INDEX_INT64"",""element_count"":""1000"",""generator"":""implicit_window_index_domain(no_materialized_array)"",""preview_head4_tail2"":""i=0:position=0;i=1:position=1;i=2:position=2;i=3:position=3;i=998:position=998;i=999:position=999""},{""input_name"":""coefficient_values"",""shape"":""[3]"",""dtype"":""INT32"",""element_count"":""3"",""generator"":""exact_config_array"",""preview_head4_tail2"":""i=0:1;i=1:2;i=2:1""}]","{""length"":1000,""requested_dtype"":""INT32"",""sym"":false,""coefficient_values"":[1,2,1]}","b1be76fd77128c1be7e20be112a97dea0806e5187316be1a03f45bd2450ba1fa",,,,"FP64",,,,,,,,"PASS","OK"
"stage08","stage08_input_preview_b01_general_cosine_8b745f9a6864","formal","input_preview","runs/stage08_input_preview_b01_general_cosine_8b745f9a6864/formal/20260810T082116Z_8b745f9a6864_stage08_b01_formal_a1020010/operator_input_evidence_general_cosine_not_applicable_20260810T082116Z_8b745f9a6864_stage08_b01_formal_a1020010.csv","20260810T082116Z_8b745f9a6864_stage08_b01_formal_a1020010","general_cosine__general_cosine_int32_10e3__b1be76fd77128c1b__periodic","general_cosine",,,,,,,,,,,,,,,"window_positions","[1000]","INDEX_INT64","1000","implicit_window_index_domain(no_materialized_array)","i=0:position=0;i=1:position=1;i=2:position=2;i=3:position=3;i=998:position=998;i=999:position=999","PASS","OK"
"stage08","stage08_input_preview_b01_general_cosine_8b745f9a6864","formal","input_preview","runs/stage08_input_preview_b01_general_cosine_8b745f9a6864/formal/20260810T082116Z_8b745f9a6864_stage08_b01_formal_a1020010/operator_input_evidence_general_cosine_not_applicable_20260810T082116Z_8b745f9a6864_stage08_b01_formal_a1020010.csv","20260810T082116Z_8b745f9a6864_stage08_b01_formal_a1020010","general_cosine__general_cosine_int32_10e3__b1be76fd77128c1b__periodic","general_cosine",,,,,,,,,,,,,,,"coefficient_values","[3]","INT32","3","exact_config_array","i=0:1;i=1:2;i=2:1","PASS","OK"
"stage08","stage08_input_preview_b01_general_cosine_8b745f9a6864","formal","dtype_and_input_contract","runs/stage08_input_preview_b01_general_cosine_8b745f9a6864/formal/20260810T082116Z_8b745f9a6864_stage08_b01_formal_a1020011/operator_dtype_evidence_general_cosine_not_applicable_20260810T082116Z_8b745f9a6864_stage08_b01_formal_a1020011.csv","20260810T082116Z_8b745f9a6864_stage08_b01_formal_a1020011","general_cosine__general_cosine_int32_10e4__a578e584249da81c__sym","general_cosine","INT32","INT32","actual_typed_array_input","3","length:INT32=10000|sym:BOOL=true|coefficient_values:INT32:bytes=01000000;02000000;01000000;",,"[{""input_name"":""window_positions"",""shape"":""[10000]"",""dtype"":""INDEX_INT64"",""element_count"":""10000"",""generator"":""implicit_window_index_domain(no_materialized_array)"",""preview_head4_tail2"":""i=0:position=0;i=1:position=1;i=2:position=2;i=3:position=3;i=9998:position=9998;i=9999:position=9999""},{""input_name"":""coefficient_values"",""shape"":""[3]"",""dtype"":""INT32"",""element_count"":""3"",""generator"":""exact_config_array"",""preview_head4_tail2"":""i=0:1;i=1:2;i=2:1""}]","{""length"":10000,""requested_dtype"":""INT32"",""sym"":true,""coefficient_values"":[1,2,1]}","a578e584249da81c23b0e768bf9257121b160233828a48c34c2b0f6e26c9e256",,,,"FP64",,,,,,,,"PASS","OK"
"stage08","stage08_input_preview_b01_general_cosine_8b745f9a6864","formal","input_preview","runs/stage08_input_preview_b01_general_cosine_8b745f9a6864/formal/20260810T082116Z_8b745f9a6864_stage08_b01_formal_a1020011/operator_input_evidence_general_cosine_not_applicable_20260810T082116Z_8b745f9a6864_stage08_b01_formal_a1020011.csv","20260810T082116Z_8b745f9a6864_stage08_b01_formal_a1020011","general_cosine__general_cosine_int32_10e4__a578e584249da81c__sym","general_cosine",,,,,,,,,,,,,,,"window_positions","[10000]","INDEX_INT64","10000","implicit_window_index_domain(no_materialized_array)","i=0:position=0;i=1:position=1;i=2:position=2;i=3:position=3;i=9998:position=9998;i=9999:position=9999","PASS","OK"
"stage08","stage08_input_preview_b01_general_cosine_8b745f9a6864","formal","input_preview","runs/stage08_input_preview_b01_general_cosine_8b745f9a6864/formal/20260810T082116Z_8b745f9a6864_stage08_b01_formal_a1020011/operator_input_evidence_general_cosine_not_applicable_20260810T082116Z_8b745f9a6864_stage08_b01_formal_a1020011.csv","20260810T082116Z_8b745f9a6864_stage08_b01_formal_a1020011","general_cosine__general_cosine_int32_10e4__a578e584249da81c__sym","general_cosine",,,,,,,,,,,,,,,"coefficient_values","[3]","INT32","3","exact_config_array","i=0:1;i=1:2;i=2:1","PASS","OK"
"stage08","stage08_input_preview_b01_general_cosine_8b745f9a6864","formal","dtype_and_input_contract","runs/stage08_input_preview_b01_general_cosine_8b745f9a6864/formal/20260810T082116Z_8b745f9a6864_stage08_b01_formal_a1020012/operator_dtype_evidence_general_cosine_not_applicable_20260810T082116Z_8b745f9a6864_stage08_b01_formal_a1020012.csv","20260810T082116Z_8b745f9a6864_stage08_b01_formal_a1020012","general_cosine__general_cosine_int32_10e4__79bc0500db6ba6ef__periodic","general_cosine","INT32","INT32","actual_typed_array_input","3","length:INT32=10000|sym:BOOL=false|coefficient_values:INT32:bytes=01000000;02000000;01000000;",,"[{""input_name"":""window_positions"",""shape"":""[10000]"",""dtype"":""INDEX_INT64"",""element_count"":""10000"",""generator"":""implicit_window_index_domain(no_materialized_array)"",""preview_head4_tail2"":""i=0:position=0;i=1:position=1;i=2:position=2;i=3:position=3;i=9998:position=9998;i=9999:position=9999""},{""input_name"":""coefficient_values"",""shape"":""[3]"",""dtype"":""INT32"",""element_count"":""3"",""generator"":""exact_config_array"",""preview_head4_tail2"":""i=0:1;i=1:2;i=2:1""}]","{""length"":10000,""requested_dtype"":""INT32"",""sym"":false,""coefficient_values"":[1,2,1]}","79bc0500db6ba6ef7a4a94266dce2a3ac7a9dc96a6dc664ea15e607f5f099da9",,,,"FP64",,,,,,,,"PASS","OK"
"stage08","stage08_input_preview_b01_general_cosine_8b745f9a6864","formal","input_preview","runs/stage08_input_preview_b01_general_cosine_8b745f9a6864/formal/20260810T082116Z_8b745f9a6864_stage08_b01_formal_a1020012/operator_input_evidence_general_cosine_not_applicable_20260810T082116Z_8b745f9a6864_stage08_b01_formal_a1020012.csv","20260810T082116Z_8b745f9a6864_stage08_b01_formal_a1020012","general_cosine__general_cosine_int32_10e4__79bc0500db6ba6ef__periodic","general_cosine",,,,,,,,,,,,,,,"window_positions","[10000]","INDEX_INT64","10000","implicit_window_index_domain(no_materialized_array)","i=0:position=0;i=1:position=1;i=2:position=2;i=3:position=3;i=9998:position=9998;i=9999:position=9999","PASS","OK"
"stage08","stage08_input_preview_b01_general_cosine_8b745f9a6864","formal","input_preview","runs/stage08_input_preview_b01_general_cosine_8b745f9a6864/formal/20260810T082116Z_8b745f9a6864_stage08_b01_formal_a1020012/operator_input_evidence_general_cosine_not_applicable_20260810T082116Z_8b745f9a6864_stage08_b01_formal_a1020012.csv","20260810T082116Z_8b745f9a6864_stage08_b01_formal_a1020012","general_cosine__general_cosine_int32_10e4__79bc0500db6ba6ef__periodic","general_cosine",,,,,,,,,,,,,,,"coefficient_values","[3]","INT32","3","exact_config_array","i=0:1;i=1:2;i=2:1","PASS","OK"
"stage08","stage08_input_preview_b01_general_cosine_8b745f9a6864","formal","dtype_and_input_contract","runs/stage08_input_preview_b01_general_cosine_8b745f9a6864/formal/20260810T082116Z_8b745f9a6864_stage08_b01_formal_a1020013/operator_dtype_evidence_general_cosine_not_applicable_20260810T082116Z_8b745f9a6864_stage08_b01_formal_a1020013.csv","20260810T082116Z_8b745f9a6864_stage08_b01_formal_a1020013","general_cosine__general_cosine_int16_10e2__8c49df377462ab44__sym","general_cosine","INT16","INT16","actual_typed_array_input","3","length:INT32=100|sym:BOOL=true|coefficient_values:INT16:bytes=0100;0200;0100;",,"[{""input_name"":""window_positions"",""shape"":""[100]"",""dtype"":""INDEX_INT64"",""element_count"":""100"",""generator"":""implicit_window_index_domain(no_materialized_array)"",""preview_head4_tail2"":""i=0:position=0;i=1:position=1;i=2:position=2;i=3:position=3;i=98:position=98;i=99:position=99""},{""input_name"":""coefficient_values"",""shape"":""[3]"",""dtype"":""INT16"",""element_count"":""3"",""generator"":""exact_config_array"",""preview_head4_tail2"":""i=0:1;i=1:2;i=2:1""}]","{""length"":100,""requested_dtype"":""INT16"",""sym"":true,""coefficient_values"":[1,2,1]}","8c49df377462ab443205036722e52905efb4620c8de3ea02c00cf2a3e4f083f7",,,,"FP64",,,,,,,,"PASS","OK"
"stage08","stage08_input_preview_b01_general_cosine_8b745f9a6864","formal","input_preview","runs/stage08_input_preview_b01_general_cosine_8b745f9a6864/formal/20260810T082116Z_8b745f9a6864_stage08_b01_formal_a1020013/operator_input_evidence_general_cosine_not_applicable_20260810T082116Z_8b745f9a6864_stage08_b01_formal_a1020013.csv","20260810T082116Z_8b745f9a6864_stage08_b01_formal_a1020013","general_cosine__general_cosine_int16_10e2__8c49df377462ab44__sym","general_cosine",,,,,,,,,,,,,,,"window_positions","[100]","INDEX_INT64","100","implicit_window_index_domain(no_materialized_array)","i=0:position=0;i=1:position=1;i=2:position=2;i=3:position=3;i=98:position=98;i=99:position=99","PASS","OK"
"stage08","stage08_input_preview_b01_general_cosine_8b745f9a6864","formal","input_preview","runs/stage08_input_preview_b01_general_cosine_8b745f9a6864/formal/20260810T082116Z_8b745f9a6864_stage08_b01_formal_a1020013/operator_input_evidence_general_cosine_not_applicable_20260810T082116Z_8b745f9a6864_stage08_b01_formal_a1020013.csv","20260810T082116Z_8b745f9a6864_stage08_b01_formal_a1020013","general_cosine__general_cosine_int16_10e2__8c49df377462ab44__sym","general_cosine",,,,,,,,,,,,,,,"coefficient_values","[3]","INT16","3","exact_config_array","i=0:1;i=1:2;i=2:1","PASS","OK"
"stage08","stage08_input_preview_b01_general_cosine_8b745f9a6864","formal","dtype_and_input_contract","runs/stage08_input_preview_b01_general_cosine_8b745f9a6864/formal/20260810T082116Z_8b745f9a6864_stage08_b01_formal_a1020014/operator_dtype_evidence_general_cosine_not_applicable_20260810T082116Z_8b745f9a6864_stage08_b01_formal_a1020014.csv","20260810T082116Z_8b745f9a6864_stage08_b01_formal_a1020014","general_cosine__general_cosine_int16_10e2__91756d0fdb5fe9f0__periodic","general_cosine","INT16","INT16","actual_typed_array_input","3","length:INT32=100|sym:BOOL=false|coefficient_values:INT16:bytes=0100;0200;0100;",,"[{""input_name"":""window_positions"",""shape"":""[100]"",""dtype"":""INDEX_INT64"",""element_count"":""100"",""generator"":""implicit_window_index_domain(no_materialized_array)"",""preview_head4_tail2"":""i=0:position=0;i=1:position=1;i=2:position=2;i=3:position=3;i=98:position=98;i=99:position=99""},{""input_name"":""coefficient_values"",""shape"":""[3]"",""dtype"":""INT16"",""element_count"":""3"",""generator"":""exact_config_array"",""preview_head4_tail2"":""i=0:1;i=1:2;i=2:1""}]","{""length"":100,""requested_dtype"":""INT16"",""sym"":false,""coefficient_values"":[1,2,1]}","91756d0fdb5fe9f0c3a144739b703ec45ceac9885a4df852dce2a4b1f7850f8f",,,,"FP64",,,,,,,,"PASS","OK"
"stage08","stage08_input_preview_b01_general_cosine_8b745f9a6864","formal","input_preview","runs/stage08_input_preview_b01_general_cosine_8b745f9a6864/formal/20260810T082116Z_8b745f9a6864_stage08_b01_formal_a1020014/operator_input_evidence_general_cosine_not_applicable_20260810T082116Z_8b745f9a6864_stage08_b01_formal_a1020014.csv","20260810T082116Z_8b745f9a6864_stage08_b01_formal_a1020014","general_cosine__general_cosine_int16_10e2__91756d0fdb5fe9f0__periodic","general_cosine",,,,,,,,,,,,,,,"window_positions","[100]","INDEX_INT64","100","implicit_window_index_domain(no_materialized_array)","i=0:position=0;i=1:position=1;i=2:position=2;i=3:position=3;i=98:position=98;i=99:position=99","PASS","OK"
"stage08","stage08_input_preview_b01_general_cosine_8b745f9a6864","formal","input_preview","runs/stage08_input_preview_b01_general_cosine_8b745f9a6864/formal/20260810T082116Z_8b745f9a6864_stage08_b01_formal_a1020014/operator_input_evidence_general_cosine_not_applicable_20260810T082116Z_8b745f9a6864_stage08_b01_formal_a1020014.csv","20260810T082116Z_8b745f9a6864_stage08_b01_formal_a1020014","general_cosine__general_cosine_int16_10e2__91756d0fdb5fe9f0__periodic","general_cosine",,,,,,,,,,,,,,,"coefficient_values","[3]","INT16","3","exact_config_array","i=0:1;i=1:2;i=2:1","PASS","OK"
"stage08","stage08_input_preview_b01_general_cosine_8b745f9a6864","formal","dtype_and_input_contract","runs/stage08_input_preview_b01_general_cosine_8b745f9a6864/formal/20260810T082116Z_8b745f9a6864_stage08_b01_formal_a1020015/operator_dtype_evidence_general_cosine_not_applicable_20260810T082116Z_8b745f9a6864_stage08_b01_formal_a1020015.csv","20260810T082116Z_8b745f9a6864_stage08_b01_formal_a1020015","general_cosine__general_cosine_int16_10e3__2ab8bf648d251348__sym","general_cosine","INT16","INT16","actual_typed_array_input","3","length:INT32=1000|sym:BOOL=true|coefficient_values:INT16:bytes=0100;0200;0100;",,"[{""input_name"":""window_positions"",""shape"":""[1000]"",""dtype"":""INDEX_INT64"",""element_count"":""1000"",""generator"":""implicit_window_index_domain(no_materialized_array)"",""preview_head4_tail2"":""i=0:position=0;i=1:position=1;i=2:position=2;i=3:position=3;i=998:position=998;i=999:position=999""},{""input_name"":""coefficient_values"",""shape"":""[3]"",""dtype"":""INT16"",""element_count"":""3"",""generator"":""exact_config_array"",""preview_head4_tail2"":""i=0:1;i=1:2;i=2:1""}]","{""length"":1000,""requested_dtype"":""INT16"",""sym"":true,""coefficient_values"":[1,2,1]}","2ab8bf648d2513484e7e676e1da2902c1085e20afa5121621ba7ec9e9d20d9a9",,,,"FP64",,,,,,,,"PASS","OK"
"stage08","stage08_input_preview_b01_general_cosine_8b745f9a6864","formal","input_preview","runs/stage08_input_preview_b01_general_cosine_8b745f9a6864/formal/20260810T082116Z_8b745f9a6864_stage08_b01_formal_a1020015/operator_input_evidence_general_cosine_not_applicable_20260810T082116Z_8b745f9a6864_stage08_b01_formal_a1020015.csv","20260810T082116Z_8b745f9a6864_stage08_b01_formal_a1020015","general_cosine__general_cosine_int16_10e3__2ab8bf648d251348__sym","general_cosine",,,,,,,,,,,,,,,"window_positions","[1000]","INDEX_INT64","1000","implicit_window_index_domain(no_materialized_array)","i=0:position=0;i=1:position=1;i=2:position=2;i=3:position=3;i=998:position=998;i=999:position=999","PASS","OK"
"stage08","stage08_input_preview_b01_general_cosine_8b745f9a6864","formal","input_preview","runs/stage08_input_preview_b01_general_cosine_8b745f9a6864/formal/20260810T082116Z_8b745f9a6864_stage08_b01_formal_a1020015/operator_input_evidence_general_cosine_not_applicable_20260810T082116Z_8b745f9a6864_stage08_b01_formal_a1020015.csv","20260810T082116Z_8b745f9a6864_stage08_b01_formal_a1020015","general_cosine__general_cosine_int16_10e3__2ab8bf648d251348__sym","general_cosine",,,,,,,,,,,,,,,"coefficient_values","[3]","INT16","3","exact_config_array","i=0:1;i=1:2;i=2:1","PASS","OK"
"stage08","stage08_input_preview_b01_general_cosine_8b745f9a6864","formal","dtype_and_input_contract","runs/stage08_input_preview_b01_general_cosine_8b745f9a6864/formal/20260810T082116Z_8b745f9a6864_stage08_b01_formal_a1020016/operator_dtype_evidence_general_cosine_not_applicable_20260810T082116Z_8b745f9a6864_stage08_b01_formal_a1020016.csv","20260810T082116Z_8b745f9a6864_stage08_b01_formal_a1020016","general_cosine__general_cosine_int16_10e3__2290cc905e44f7d0__periodic","general_cosine","INT16","INT16","actual_typed_array_input","3","length:INT32=1000|sym:BOOL=false|coefficient_values:INT16:bytes=0100;0200;0100;",,"[{""input_name"":""window_positions"",""shape"":""[1000]"",""dtype"":""INDEX_INT64"",""element_count"":""1000"",""generator"":""implicit_window_index_domain(no_materialized_array)"",""preview_head4_tail2"":""i=0:position=0;i=1:position=1;i=2:position=2;i=3:position=3;i=998:position=998;i=999:position=999""},{""input_name"":""coefficient_values"",""shape"":""[3]"",""dtype"":""INT16"",""element_count"":""3"",""generator"":""exact_config_array"",""preview_head4_tail2"":""i=0:1;i=1:2;i=2:1""}]","{""length"":1000,""requested_dtype"":""INT16"",""sym"":false,""coefficient_values"":[1,2,1]}","2290cc905e44f7d0eaed4f509a6f371a74b47d1179bdbd2ec9ad45e61eca2561",,,,"FP64",,,,,,,,"PASS","OK"
"stage08","stage08_input_preview_b01_general_cosine_8b745f9a6864","formal","input_preview","runs/stage08_input_preview_b01_general_cosine_8b745f9a6864/formal/20260810T082116Z_8b745f9a6864_stage08_b01_formal_a1020016/operator_input_evidence_general_cosine_not_applicable_20260810T082116Z_8b745f9a6864_stage08_b01_formal_a1020016.csv","20260810T082116Z_8b745f9a6864_stage08_b01_formal_a1020016","general_cosine__general_cosine_int16_10e3__2290cc905e44f7d0__periodic","general_cosine",,,,,,,,,,,,,,,"window_positions","[1000]","INDEX_INT64","1000","implicit_window_index_domain(no_materialized_array)","i=0:position=0;i=1:position=1;i=2:position=2;i=3:position=3;i=998:position=998;i=999:position=999","PASS","OK"
"stage08","stage08_input_preview_b01_general_cosine_8b745f9a6864","formal","input_preview","runs/stage08_input_preview_b01_general_cosine_8b745f9a6864/formal/20260810T082116Z_8b745f9a6864_stage08_b01_formal_a1020016/operator_input_evidence_general_cosine_not_applicable_20260810T082116Z_8b745f9a6864_stage08_b01_formal_a1020016.csv","20260810T082116Z_8b745f9a6864_stage08_b01_formal_a1020016","general_cosine__general_cosine_int16_10e3__2290cc905e44f7d0__periodic","general_cosine",,,,,,,,,,,,,,,"coefficient_values","[3]","INT16","3","exact_config_array","i=0:1;i=1:2;i=2:1","PASS","OK"
"stage08","stage08_input_preview_b01_general_cosine_8b745f9a6864","formal","dtype_and_input_contract","runs/stage08_input_preview_b01_general_cosine_8b745f9a6864/formal/20260810T082117Z_8b745f9a6864_stage08_b01_formal_a1020017/operator_dtype_evidence_general_cosine_not_applicable_20260810T082117Z_8b745f9a6864_stage08_b01_formal_a1020017.csv","20260810T082117Z_8b745f9a6864_stage08_b01_formal_a1020017","general_cosine__general_cosine_int16_10e4__630325cd2c9dc733__sym","general_cosine","INT16","INT16","actual_typed_array_input","3","length:INT32=10000|sym:BOOL=true|coefficient_values:INT16:bytes=0100;0200;0100;",,"[{""input_name"":""window_positions"",""shape"":""[10000]"",""dtype"":""INDEX_INT64"",""element_count"":""10000"",""generator"":""implicit_window_index_domain(no_materialized_array)"",""preview_head4_tail2"":""i=0:position=0;i=1:position=1;i=2:position=2;i=3:position=3;i=9998:position=9998;i=9999:position=9999""},{""input_name"":""coefficient_values"",""shape"":""[3]"",""dtype"":""INT16"",""element_count"":""3"",""generator"":""exact_config_array"",""preview_head4_tail2"":""i=0:1;i=1:2;i=2:1""}]","{""length"":10000,""requested_dtype"":""INT16"",""sym"":true,""coefficient_values"":[1,2,1]}","630325cd2c9dc73346ae2ad93f4a850af159a61ec74bd43c126daed0d9cf1f8c",,,,"FP64",,,,,,,,"PASS","OK"
"stage08","stage08_input_preview_b01_general_cosine_8b745f9a6864","formal","input_preview","runs/stage08_input_preview_b01_general_cosine_8b745f9a6864/formal/20260810T082117Z_8b745f9a6864_stage08_b01_formal_a1020017/operator_input_evidence_general_cosine_not_applicable_20260810T082117Z_8b745f9a6864_stage08_b01_formal_a1020017.csv","20260810T082117Z_8b745f9a6864_stage08_b01_formal_a1020017","general_cosine__general_cosine_int16_10e4__630325cd2c9dc733__sym","general_cosine",,,,,,,,,,,,,,,"window_positions","[10000]","INDEX_INT64","10000","implicit_window_index_domain(no_materialized_array)","i=0:position=0;i=1:position=1;i=2:position=2;i=3:position=3;i=9998:position=9998;i=9999:position=9999","PASS","OK"
"stage08","stage08_input_preview_b01_general_cosine_8b745f9a6864","formal","input_preview","runs/stage08_input_preview_b01_general_cosine_8b745f9a6864/formal/20260810T082117Z_8b745f9a6864_stage08_b01_formal_a1020017/operator_input_evidence_general_cosine_not_applicable_20260810T082117Z_8b745f9a6864_stage08_b01_formal_a1020017.csv","20260810T082117Z_8b745f9a6864_stage08_b01_formal_a1020017","general_cosine__general_cosine_int16_10e4__630325cd2c9dc733__sym","general_cosine",,,,,,,,,,,,,,,"coefficient_values","[3]","INT16","3","exact_config_array","i=0:1;i=1:2;i=2:1","PASS","OK"
"stage08","stage08_input_preview_b01_general_cosine_8b745f9a6864","formal","dtype_and_input_contract","runs/stage08_input_preview_b01_general_cosine_8b745f9a6864/formal/20260810T082117Z_8b745f9a6864_stage08_b01_formal_a1020018/operator_dtype_evidence_general_cosine_not_applicable_20260810T082117Z_8b745f9a6864_stage08_b01_formal_a1020018.csv","20260810T082117Z_8b745f9a6864_stage08_b01_formal_a1020018","general_cosine__general_cosine_int16_10e4__37395836812dff9a__periodic","general_cosine","INT16","INT16","actual_typed_array_input","3","length:INT32=10000|sym:BOOL=false|coefficient_values:INT16:bytes=0100;0200;0100;",,"[{""input_name"":""window_positions"",""shape"":""[10000]"",""dtype"":""INDEX_INT64"",""element_count"":""10000"",""generator"":""implicit_window_index_domain(no_materialized_array)"",""preview_head4_tail2"":""i=0:position=0;i=1:position=1;i=2:position=2;i=3:position=3;i=9998:position=9998;i=9999:position=9999""},{""input_name"":""coefficient_values"",""shape"":""[3]"",""dtype"":""INT16"",""element_count"":""3"",""generator"":""exact_config_array"",""preview_head4_tail2"":""i=0:1;i=1:2;i=2:1""}]","{""length"":10000,""requested_dtype"":""INT16"",""sym"":false,""coefficient_values"":[1,2,1]}","37395836812dff9a5c3c04af70cada3cb252ea9f01a0031e9fabbea3bd12292e",,,,"FP64",,,,,,,,"PASS","OK"
"stage08","stage08_input_preview_b01_general_cosine_8b745f9a6864","formal","input_preview","runs/stage08_input_preview_b01_general_cosine_8b745f9a6864/formal/20260810T082117Z_8b745f9a6864_stage08_b01_formal_a1020018/operator_input_evidence_general_cosine_not_applicable_20260810T082117Z_8b745f9a6864_stage08_b01_formal_a1020018.csv","20260810T082117Z_8b745f9a6864_stage08_b01_formal_a1020018","general_cosine__general_cosine_int16_10e4__37395836812dff9a__periodic","general_cosine",,,,,,,,,,,,,,,"window_positions","[10000]","INDEX_INT64","10000","implicit_window_index_domain(no_materialized_array)","i=0:position=0;i=1:position=1;i=2:position=2;i=3:position=3;i=9998:position=9998;i=9999:position=9999","PASS","OK"
"stage08","stage08_input_preview_b01_general_cosine_8b745f9a6864","formal","input_preview","runs/stage08_input_preview_b01_general_cosine_8b745f9a6864/formal/20260810T082117Z_8b745f9a6864_stage08_b01_formal_a1020018/operator_input_evidence_general_cosine_not_applicable_20260810T082117Z_8b745f9a6864_stage08_b01_formal_a1020018.csv","20260810T082117Z_8b745f9a6864_stage08_b01_formal_a1020018","general_cosine__general_cosine_int16_10e4__37395836812dff9a__periodic","general_cosine",,,,,,,,,,,,,,,"coefficient_values","[3]","INT16","3","exact_config_array","i=0:1;i=1:2;i=2:1","PASS","OK"
"stage08","stage08_input_preview_b01_general_cosine_8b745f9a6864","formal","dtype_and_input_contract","runs/stage08_input_preview_b01_general_cosine_8b745f9a6864/formal/20260810T082117Z_8b745f9a6864_stage08_b01_formal_a1020019/operator_dtype_evidence_general_cosine_not_applicable_20260810T082117Z_8b745f9a6864_stage08_b01_formal_a1020019.csv","20260810T082117Z_8b745f9a6864_stage08_b01_formal_a1020019","general_cosine__general_cosine_int8_10e2__8e9a16f935e44dac__sym","general_cosine","INT8","INT8","actual_typed_array_input","3","length:INT32=100|sym:BOOL=true|coefficient_values:INT8:bytes=01;02;01;",,"[{""input_name"":""window_positions"",""shape"":""[100]"",""dtype"":""INDEX_INT64"",""element_count"":""100"",""generator"":""implicit_window_index_domain(no_materialized_array)"",""preview_head4_tail2"":""i=0:position=0;i=1:position=1;i=2:position=2;i=3:position=3;i=98:position=98;i=99:position=99""},{""input_name"":""coefficient_values"",""shape"":""[3]"",""dtype"":""INT8"",""element_count"":""3"",""generator"":""exact_config_array"",""preview_head4_tail2"":""i=0:1;i=1:2;i=2:1""}]","{""length"":100,""requested_dtype"":""INT8"",""sym"":true,""coefficient_values"":[1,2,1]}","8e9a16f935e44dac72abeb6dadf549286ddd680d32a9117b1be63ff6d52ce0a6",,,,"FP64",,,,,,,,"PASS","OK"
"stage08","stage08_input_preview_b01_general_cosine_8b745f9a6864","formal","input_preview","runs/stage08_input_preview_b01_general_cosine_8b745f9a6864/formal/20260810T082117Z_8b745f9a6864_stage08_b01_formal_a1020019/operator_input_evidence_general_cosine_not_applicable_20260810T082117Z_8b745f9a6864_stage08_b01_formal_a1020019.csv","20260810T082117Z_8b745f9a6864_stage08_b01_formal_a1020019","general_cosine__general_cosine_int8_10e2__8e9a16f935e44dac__sym","general_cosine",,,,,,,,,,,,,,,"window_positions","[100]","INDEX_INT64","100","implicit_window_index_domain(no_materialized_array)","i=0:position=0;i=1:position=1;i=2:position=2;i=3:position=3;i=98:position=98;i=99:position=99","PASS","OK"
"stage08","stage08_input_preview_b01_general_cosine_8b745f9a6864","formal","input_preview","runs/stage08_input_preview_b01_general_cosine_8b745f9a6864/formal/20260810T082117Z_8b745f9a6864_stage08_b01_formal_a1020019/operator_input_evidence_general_cosine_not_applicable_20260810T082117Z_8b745f9a6864_stage08_b01_formal_a1020019.csv","20260810T082117Z_8b745f9a6864_stage08_b01_formal_a1020019","general_cosine__general_cosine_int8_10e2__8e9a16f935e44dac__sym","general_cosine",,,,,,,,,,,,,,,"coefficient_values","[3]","INT8","3","exact_config_array","i=0:1;i=1:2;i=2:1","PASS","OK"
"stage08","stage08_input_preview_b01_general_cosine_8b745f9a6864","formal","dtype_and_input_contract","runs/stage08_input_preview_b01_general_cosine_8b745f9a6864/formal/20260810T082117Z_8b745f9a6864_stage08_b01_formal_a102001a/operator_dtype_evidence_general_cosine_not_applicable_20260810T082117Z_8b745f9a6864_stage08_b01_formal_a102001a.csv","20260810T082117Z_8b745f9a6864_stage08_b01_formal_a102001a","general_cosine__general_cosine_int8_10e2__5b9425eb38e20845__periodic","general_cosine","INT8","INT8","actual_typed_array_input","3","length:INT32=100|sym:BOOL=false|coefficient_values:INT8:bytes=01;02;01;",,"[{""input_name"":""window_positions"",""shape"":""[100]"",""dtype"":""INDEX_INT64"",""element_count"":""100"",""generator"":""implicit_window_index_domain(no_materialized_array)"",""preview_head4_tail2"":""i=0:position=0;i=1:position=1;i=2:position=2;i=3:position=3;i=98:position=98;i=99:position=99""},{""input_name"":""coefficient_values"",""shape"":""[3]"",""dtype"":""INT8"",""element_count"":""3"",""generator"":""exact_config_array"",""preview_head4_tail2"":""i=0:1;i=1:2;i=2:1""}]","{""length"":100,""requested_dtype"":""INT8"",""sym"":false,""coefficient_values"":[1,2,1]}","5b9425eb38e208454273db148ba0d644406dce06b3b60cb7c356c770f691e60a",,,,"FP64",,,,,,,,"PASS","OK"
"stage08","stage08_input_preview_b01_general_cosine_8b745f9a6864","formal","input_preview","runs/stage08_input_preview_b01_general_cosine_8b745f9a6864/formal/20260810T082117Z_8b745f9a6864_stage08_b01_formal_a102001a/operator_input_evidence_general_cosine_not_applicable_20260810T082117Z_8b745f9a6864_stage08_b01_formal_a102001a.csv","20260810T082117Z_8b745f9a6864_stage08_b01_formal_a102001a","general_cosine__general_cosine_int8_10e2__5b9425eb38e20845__periodic","general_cosine",,,,,,,,,,,,,,,"window_positions","[100]","INDEX_INT64","100","implicit_window_index_domain(no_materialized_array)","i=0:position=0;i=1:position=1;i=2:position=2;i=3:position=3;i=98:position=98;i=99:position=99","PASS","OK"
"stage08","stage08_input_preview_b01_general_cosine_8b745f9a6864","formal","input_preview","runs/stage08_input_preview_b01_general_cosine_8b745f9a6864/formal/20260810T082117Z_8b745f9a6864_stage08_b01_formal_a102001a/operator_input_evidence_general_cosine_not_applicable_20260810T082117Z_8b745f9a6864_stage08_b01_formal_a102001a.csv","20260810T082117Z_8b745f9a6864_stage08_b01_formal_a102001a","general_cosine__general_cosine_int8_10e2__5b9425eb38e20845__periodic","general_cosine",,,,,,,,,,,,,,,"coefficient_values","[3]","INT8","3","exact_config_array","i=0:1;i=1:2;i=2:1","PASS","OK"
"stage08","stage08_input_preview_b01_general_cosine_8b745f9a6864","formal","dtype_and_input_contract","runs/stage08_input_preview_b01_general_cosine_8b745f9a6864/formal/20260810T082117Z_8b745f9a6864_stage08_b01_formal_a102001b/operator_dtype_evidence_general_cosine_not_applicable_20260810T082117Z_8b745f9a6864_stage08_b01_formal_a102001b.csv","20260810T082117Z_8b745f9a6864_stage08_b01_formal_a102001b","general_cosine__general_cosine_int8_10e3__4545a78e99dcf00b__sym","general_cosine","INT8","INT8","actual_typed_array_input","3","length:INT32=1000|sym:BOOL=true|coefficient_values:INT8:bytes=01;02;01;",,"[{""input_name"":""window_positions"",""shape"":""[1000]"",""dtype"":""INDEX_INT64"",""element_count"":""1000"",""generator"":""implicit_window_index_domain(no_materialized_array)"",""preview_head4_tail2"":""i=0:position=0;i=1:position=1;i=2:position=2;i=3:position=3;i=998:position=998;i=999:position=999""},{""input_name"":""coefficient_values"",""shape"":""[3]"",""dtype"":""INT8"",""element_count"":""3"",""generator"":""exact_config_array"",""preview_head4_tail2"":""i=0:1;i=1:2;i=2:1""}]","{""length"":1000,""requested_dtype"":""INT8"",""sym"":true,""coefficient_values"":[1,2,1]}","4545a78e99dcf00b4b1fe295d5987f51490d93105cf8ded91e7d4e15bd66ac27",,,,"FP64",,,,,,,,"PASS","OK"
"stage08","stage08_input_preview_b01_general_cosine_8b745f9a6864","formal","input_preview","runs/stage08_input_preview_b01_general_cosine_8b745f9a6864/formal/20260810T082117Z_8b745f9a6864_stage08_b01_formal_a102001b/operator_input_evidence_general_cosine_not_applicable_20260810T082117Z_8b745f9a6864_stage08_b01_formal_a102001b.csv","20260810T082117Z_8b745f9a6864_stage08_b01_formal_a102001b","general_cosine__general_cosine_int8_10e3__4545a78e99dcf00b__sym","general_cosine",,,,,,,,,,,,,,,"window_positions","[1000]","INDEX_INT64","1000","implicit_window_index_domain(no_materialized_array)","i=0:position=0;i=1:position=1;i=2:position=2;i=3:position=3;i=998:position=998;i=999:position=999","PASS","OK"
"stage08","stage08_input_preview_b01_general_cosine_8b745f9a6864","formal","input_preview","runs/stage08_input_preview_b01_general_cosine_8b745f9a6864/formal/20260810T082117Z_8b745f9a6864_stage08_b01_formal_a102001b/operator_input_evidence_general_cosine_not_applicable_20260810T082117Z_8b745f9a6864_stage08_b01_formal_a102001b.csv","20260810T082117Z_8b745f9a6864_stage08_b01_formal_a102001b","general_cosine__general_cosine_int8_10e3__4545a78e99dcf00b__sym","general_cosine",,,,,,,,,,,,,,,"coefficient_values","[3]","INT8","3","exact_config_array","i=0:1;i=1:2;i=2:1","PASS","OK"
"stage08","stage08_input_preview_b01_general_cosine_8b745f9a6864","formal","dtype_and_input_contract","runs/stage08_input_preview_b01_general_cosine_8b745f9a6864/formal/20260810T082117Z_8b745f9a6864_stage08_b01_formal_a102001c/operator_dtype_evidence_general_cosine_not_applicable_20260810T082117Z_8b745f9a6864_stage08_b01_formal_a102001c.csv","20260810T082117Z_8b745f9a6864_stage08_b01_formal_a102001c","general_cosine__general_cosine_int8_10e3__098b8df988c3da79__periodic","general_cosine","INT8","INT8","actual_typed_array_input","3","length:INT32=1000|sym:BOOL=false|coefficient_values:INT8:bytes=01;02;01;",,"[{""input_name"":""window_positions"",""shape"":""[1000]"",""dtype"":""INDEX_INT64"",""element_count"":""1000"",""generator"":""implicit_window_index_domain(no_materialized_array)"",""preview_head4_tail2"":""i=0:position=0;i=1:position=1;i=2:position=2;i=3:position=3;i=998:position=998;i=999:position=999""},{""input_name"":""coefficient_values"",""shape"":""[3]"",""dtype"":""INT8"",""element_count"":""3"",""generator"":""exact_config_array"",""preview_head4_tail2"":""i=0:1;i=1:2;i=2:1""}]","{""length"":1000,""requested_dtype"":""INT8"",""sym"":false,""coefficient_values"":[1,2,1]}","098b8df988c3da79ba50c409b1268036aad62847d46c893bc3d44bae8dec39ad",,,,"FP64",,,,,,,,"PASS","OK"
"stage08","stage08_input_preview_b01_general_cosine_8b745f9a6864","formal","input_preview","runs/stage08_input_preview_b01_general_cosine_8b745f9a6864/formal/20260810T082117Z_8b745f9a6864_stage08_b01_formal_a102001c/operator_input_evidence_general_cosine_not_applicable_20260810T082117Z_8b745f9a6864_stage08_b01_formal_a102001c.csv","20260810T082117Z_8b745f9a6864_stage08_b01_formal_a102001c","general_cosine__general_cosine_int8_10e3__098b8df988c3da79__periodic","general_cosine",,,,,,,,,,,,,,,"window_positions","[1000]","INDEX_INT64","1000","implicit_window_index_domain(no_materialized_array)","i=0:position=0;i=1:position=1;i=2:position=2;i=3:position=3;i=998:position=998;i=999:position=999","PASS","OK"
"stage08","stage08_input_preview_b01_general_cosine_8b745f9a6864","formal","input_preview","runs/stage08_input_preview_b01_general_cosine_8b745f9a6864/formal/20260810T082117Z_8b745f9a6864_stage08_b01_formal_a102001c/operator_input_evidence_general_cosine_not_applicable_20260810T082117Z_8b745f9a6864_stage08_b01_formal_a102001c.csv","20260810T082117Z_8b745f9a6864_stage08_b01_formal_a102001c","general_cosine__general_cosine_int8_10e3__098b8df988c3da79__periodic","general_cosine",,,,,,,,,,,,,,,"coefficient_values","[3]","INT8","3","exact_config_array","i=0:1;i=1:2;i=2:1","PASS","OK"
"stage08","stage08_input_preview_b01_general_cosine_8b745f9a6864","formal","dtype_and_input_contract","runs/stage08_input_preview_b01_general_cosine_8b745f9a6864/formal/20260810T082118Z_8b745f9a6864_stage08_b01_formal_a102001d/operator_dtype_evidence_general_cosine_not_applicable_20260810T082118Z_8b745f9a6864_stage08_b01_formal_a102001d.csv","20260810T082118Z_8b745f9a6864_stage08_b01_formal_a102001d","general_cosine__general_cosine_int8_10e4__6759536e6cd07700__sym","general_cosine","INT8","INT8","actual_typed_array_input","3","length:INT32=10000|sym:BOOL=true|coefficient_values:INT8:bytes=01;02;01;",,"[{""input_name"":""window_positions"",""shape"":""[10000]"",""dtype"":""INDEX_INT64"",""element_count"":""10000"",""generator"":""implicit_window_index_domain(no_materialized_array)"",""preview_head4_tail2"":""i=0:position=0;i=1:position=1;i=2:position=2;i=3:position=3;i=9998:position=9998;i=9999:position=9999""},{""input_name"":""coefficient_values"",""shape"":""[3]"",""dtype"":""INT8"",""element_count"":""3"",""generator"":""exact_config_array"",""preview_head4_tail2"":""i=0:1;i=1:2;i=2:1""}]","{""length"":10000,""requested_dtype"":""INT8"",""sym"":true,""coefficient_values"":[1,2,1]}","6759536e6cd07700ba06803e016147c83c39d5bea1c479b148819e93686c283a",,,,"FP64",,,,,,,,"PASS","OK"
"stage08","stage08_input_preview_b01_general_cosine_8b745f9a6864","formal","input_preview","runs/stage08_input_preview_b01_general_cosine_8b745f9a6864/formal/20260810T082118Z_8b745f9a6864_stage08_b01_formal_a102001d/operator_input_evidence_general_cosine_not_applicable_20260810T082118Z_8b745f9a6864_stage08_b01_formal_a102001d.csv","20260810T082118Z_8b745f9a6864_stage08_b01_formal_a102001d","general_cosine__general_cosine_int8_10e4__6759536e6cd07700__sym","general_cosine",,,,,,,,,,,,,,,"window_positions","[10000]","INDEX_INT64","10000","implicit_window_index_domain(no_materialized_array)","i=0:position=0;i=1:position=1;i=2:position=2;i=3:position=3;i=9998:position=9998;i=9999:position=9999","PASS","OK"
"stage08","stage08_input_preview_b01_general_cosine_8b745f9a6864","formal","input_preview","runs/stage08_input_preview_b01_general_cosine_8b745f9a6864/formal/20260810T082118Z_8b745f9a6864_stage08_b01_formal_a102001d/operator_input_evidence_general_cosine_not_applicable_20260810T082118Z_8b745f9a6864_stage08_b01_formal_a102001d.csv","20260810T082118Z_8b745f9a6864_stage08_b01_formal_a102001d","general_cosine__general_cosine_int8_10e4__6759536e6cd07700__sym","general_cosine",,,,,,,,,,,,,,,"coefficient_values","[3]","INT8","3","exact_config_array","i=0:1;i=1:2;i=2:1","PASS","OK"
"stage08","stage08_input_preview_b01_general_cosine_8b745f9a6864","formal","dtype_and_input_contract","runs/stage08_input_preview_b01_general_cosine_8b745f9a6864/formal/20260810T082118Z_8b745f9a6864_stage08_b01_formal_a102001e/operator_dtype_evidence_general_cosine_not_applicable_20260810T082118Z_8b745f9a6864_stage08_b01_formal_a102001e.csv","20260810T082118Z_8b745f9a6864_stage08_b01_formal_a102001e","general_cosine__general_cosine_int8_10e4__7011a33c6006cb29__periodic","general_cosine","INT8","INT8","actual_typed_array_input","3","length:INT32=10000|sym:BOOL=false|coefficient_values:INT8:bytes=01;02;01;",,"[{""input_name"":""window_positions"",""shape"":""[10000]"",""dtype"":""INDEX_INT64"",""element_count"":""10000"",""generator"":""implicit_window_index_domain(no_materialized_array)"",""preview_head4_tail2"":""i=0:position=0;i=1:position=1;i=2:position=2;i=3:position=3;i=9998:position=9998;i=9999:position=9999""},{""input_name"":""coefficient_values"",""shape"":""[3]"",""dtype"":""INT8"",""element_count"":""3"",""generator"":""exact_config_array"",""preview_head4_tail2"":""i=0:1;i=1:2;i=2:1""}]","{""length"":10000,""requested_dtype"":""INT8"",""sym"":false,""coefficient_values"":[1,2,1]}","7011a33c6006cb2947464aa99afad26aa2fdc55e50ed6de056bcb07651567047",,,,"FP64",,,,,,,,"PASS","OK"
"stage08","stage08_input_preview_b01_general_cosine_8b745f9a6864","formal","input_preview","runs/stage08_input_preview_b01_general_cosine_8b745f9a6864/formal/20260810T082118Z_8b745f9a6864_stage08_b01_formal_a102001e/operator_input_evidence_general_cosine_not_applicable_20260810T082118Z_8b745f9a6864_stage08_b01_formal_a102001e.csv","20260810T082118Z_8b745f9a6864_stage08_b01_formal_a102001e","general_cosine__general_cosine_int8_10e4__7011a33c6006cb29__periodic","general_cosine",,,,,,,,,,,,,,,"window_positions","[10000]","INDEX_INT64","10000","implicit_window_index_domain(no_materialized_array)","i=0:position=0;i=1:position=1;i=2:position=2;i=3:position=3;i=9998:position=9998;i=9999:position=9999","PASS","OK"
"stage08","stage08_input_preview_b01_general_cosine_8b745f9a6864","formal","input_preview","runs/stage08_input_preview_b01_general_cosine_8b745f9a6864/formal/20260810T082118Z_8b745f9a6864_stage08_b01_formal_a102001e/operator_input_evidence_general_cosine_not_applicable_20260810T082118Z_8b745f9a6864_stage08_b01_formal_a102001e.csv","20260810T082118Z_8b745f9a6864_stage08_b01_formal_a102001e","general_cosine__general_cosine_int8_10e4__7011a33c6006cb29__periodic","general_cosine",,,,,,,,,,,,,,,"coefficient_values","[3]","INT8","3","exact_config_array","i=0:1;i=1:2;i=2:1","PASS","OK"
"stage08","stage08_input_preview_b01_general_gaussian_8b745f9a6864","formal","dtype_and_input_contract","runs/stage08_input_preview_b01_general_gaussian_8b745f9a6864/formal/20260810T082121Z_8b745f9a6864_stage08_b01_formal_a1030001/operator_dtype_evidence_general_gaussian_not_applicable_20260810T082121Z_8b745f9a6864_stage08_b01_formal_a1030001.csv","20260810T082121Z_8b745f9a6864_stage08_b01_formal_a1030001","general_gaussian__general_gaussian_fp32_10e2__7bdf918aed3a2f9b__sym","general_gaussian","FP32","FP32","actual_typed_scalar_inputs","2","length:INT32=100|sym:BOOL=true|power:FP32:bytes=00000040|width:FP32:bytes=00008041",,"[{""input_name"":""window_positions"",""shape"":""[100]"",""dtype"":""INDEX_INT64"",""element_count"":""100"",""generator"":""implicit_window_index_domain(no_materialized_array)"",""preview_head4_tail2"":""i=0:position=0;i=1:position=1;i=2:position=2;i=3:position=3;i=98:position=98;i=99:position=99""},{""input_name"":""power"",""shape"":""scalar"",""dtype"":""FP32"",""element_count"":""1"",""generator"":""exact_config_scalar"",""preview_head4_tail2"":""value=2""},{""input_name"":""width"",""shape"":""scalar"",""dtype"":""FP32"",""element_count"":""1"",""generator"":""exact_config_scalar"",""preview_head4_tail2"":""value=16""}]","{""length"":100,""requested_dtype"":""FP32"",""sym"":true,""power"":2,""width"":16}","7bdf918aed3a2f9b3589cfdc2a0ca865adb56a81ded95d4ad71ce6015918ff5e",,,,"FP64",,,,,,,,"PASS","OK"
"stage08","stage08_input_preview_b01_general_gaussian_8b745f9a6864","formal","input_preview","runs/stage08_input_preview_b01_general_gaussian_8b745f9a6864/formal/20260810T082121Z_8b745f9a6864_stage08_b01_formal_a1030001/operator_input_evidence_general_gaussian_not_applicable_20260810T082121Z_8b745f9a6864_stage08_b01_formal_a1030001.csv","20260810T082121Z_8b745f9a6864_stage08_b01_formal_a1030001","general_gaussian__general_gaussian_fp32_10e2__7bdf918aed3a2f9b__sym","general_gaussian",,,,,,,,,,,,,,,"window_positions","[100]","INDEX_INT64","100","implicit_window_index_domain(no_materialized_array)","i=0:position=0;i=1:position=1;i=2:position=2;i=3:position=3;i=98:position=98;i=99:position=99","PASS","OK"
"stage08","stage08_input_preview_b01_general_gaussian_8b745f9a6864","formal","input_preview","runs/stage08_input_preview_b01_general_gaussian_8b745f9a6864/formal/20260810T082121Z_8b745f9a6864_stage08_b01_formal_a1030001/operator_input_evidence_general_gaussian_not_applicable_20260810T082121Z_8b745f9a6864_stage08_b01_formal_a1030001.csv","20260810T082121Z_8b745f9a6864_stage08_b01_formal_a1030001","general_gaussian__general_gaussian_fp32_10e2__7bdf918aed3a2f9b__sym","general_gaussian",,,,,,,,,,,,,,,"power","scalar","FP32","1","exact_config_scalar","value=2","PASS","OK"
"stage08","stage08_input_preview_b01_general_gaussian_8b745f9a6864","formal","input_preview","runs/stage08_input_preview_b01_general_gaussian_8b745f9a6864/formal/20260810T082121Z_8b745f9a6864_stage08_b01_formal_a1030001/operator_input_evidence_general_gaussian_not_applicable_20260810T082121Z_8b745f9a6864_stage08_b01_formal_a1030001.csv","20260810T082121Z_8b745f9a6864_stage08_b01_formal_a1030001","general_gaussian__general_gaussian_fp32_10e2__7bdf918aed3a2f9b__sym","general_gaussian",,,,,,,,,,,,,,,"width","scalar","FP32","1","exact_config_scalar","value=16","PASS","OK"
"stage08","stage08_input_preview_b01_general_gaussian_8b745f9a6864","formal","dtype_and_input_contract","runs/stage08_input_preview_b01_general_gaussian_8b745f9a6864/formal/20260810T082121Z_8b745f9a6864_stage08_b01_formal_a1030002/operator_dtype_evidence_general_gaussian_not_applicable_20260810T082121Z_8b745f9a6864_stage08_b01_formal_a1030002.csv","20260810T082121Z_8b745f9a6864_stage08_b01_formal_a1030002","general_gaussian__general_gaussian_fp32_10e2__8aec9bb5b1530e49__periodic","general_gaussian","FP32","FP32","actual_typed_scalar_inputs","2","length:INT32=100|sym:BOOL=false|power:FP32:bytes=00000040|width:FP32:bytes=00008041",,"[{""input_name"":""window_positions"",""shape"":""[100]"",""dtype"":""INDEX_INT64"",""element_count"":""100"",""generator"":""implicit_window_index_domain(no_materialized_array)"",""preview_head4_tail2"":""i=0:position=0;i=1:position=1;i=2:position=2;i=3:position=3;i=98:position=98;i=99:position=99""},{""input_name"":""power"",""shape"":""scalar"",""dtype"":""FP32"",""element_count"":""1"",""generator"":""exact_config_scalar"",""preview_head4_tail2"":""value=2""},{""input_name"":""width"",""shape"":""scalar"",""dtype"":""FP32"",""element_count"":""1"",""generator"":""exact_config_scalar"",""preview_head4_tail2"":""value=16""}]","{""length"":100,""requested_dtype"":""FP32"",""sym"":false,""power"":2,""width"":16}","8aec9bb5b1530e4944429ffd7145504b4c8cec4e467e1b7d7f6b065486278d59",,,,"FP64",,,,,,,,"PASS","OK"
"stage08","stage08_input_preview_b01_general_gaussian_8b745f9a6864","formal","input_preview","runs/stage08_input_preview_b01_general_gaussian_8b745f9a6864/formal/20260810T082121Z_8b745f9a6864_stage08_b01_formal_a1030002/operator_input_evidence_general_gaussian_not_applicable_20260810T082121Z_8b745f9a6864_stage08_b01_formal_a1030002.csv","20260810T082121Z_8b745f9a6864_stage08_b01_formal_a1030002","general_gaussian__general_gaussian_fp32_10e2__8aec9bb5b1530e49__periodic","general_gaussian",,,,,,,,,,,,,,,"window_positions","[100]","INDEX_INT64","100","implicit_window_index_domain(no_materialized_array)","i=0:position=0;i=1:position=1;i=2:position=2;i=3:position=3;i=98:position=98;i=99:position=99","PASS","OK"
"stage08","stage08_input_preview_b01_general_gaussian_8b745f9a6864","formal","input_preview","runs/stage08_input_preview_b01_general_gaussian_8b745f9a6864/formal/20260810T082121Z_8b745f9a6864_stage08_b01_formal_a1030002/operator_input_evidence_general_gaussian_not_applicable_20260810T082121Z_8b745f9a6864_stage08_b01_formal_a1030002.csv","20260810T082121Z_8b745f9a6864_stage08_b01_formal_a1030002","general_gaussian__general_gaussian_fp32_10e2__8aec9bb5b1530e49__periodic","general_gaussian",,,,,,,,,,,,,,,"power","scalar","FP32","1","exact_config_scalar","value=2","PASS","OK"
"stage08","stage08_input_preview_b01_general_gaussian_8b745f9a6864","formal","input_preview","runs/stage08_input_preview_b01_general_gaussian_8b745f9a6864/formal/20260810T082121Z_8b745f9a6864_stage08_b01_formal_a1030002/operator_input_evidence_general_gaussian_not_applicable_20260810T082121Z_8b745f9a6864_stage08_b01_formal_a1030002.csv","20260810T082121Z_8b745f9a6864_stage08_b01_formal_a1030002","general_gaussian__general_gaussian_fp32_10e2__8aec9bb5b1530e49__periodic","general_gaussian",,,,,,,,,,,,,,,"width","scalar","FP32","1","exact_config_scalar","value=16","PASS","OK"
"stage08","stage08_input_preview_b01_general_gaussian_8b745f9a6864","formal","dtype_and_input_contract","runs/stage08_input_preview_b01_general_gaussian_8b745f9a6864/formal/20260810T082121Z_8b745f9a6864_stage08_b01_formal_a1030003/operator_dtype_evidence_general_gaussian_not_applicable_20260810T082121Z_8b745f9a6864_stage08_b01_formal_a1030003.csv","20260810T082121Z_8b745f9a6864_stage08_b01_formal_a1030003","general_gaussian__general_gaussian_fp32_10e3__36431b6a5db87e67__sym","general_gaussian","FP32","FP32","actual_typed_scalar_inputs","2","length:INT32=1000|sym:BOOL=true|power:FP32:bytes=00000040|width:FP32:bytes=00000043",,"[{""input_name"":""window_positions"",""shape"":""[1000]"",""dtype"":""INDEX_INT64"",""element_count"":""1000"",""generator"":""implicit_window_index_domain(no_materialized_array)"",""preview_head4_tail2"":""i=0:position=0;i=1:position=1;i=2:position=2;i=3:position=3;i=998:position=998;i=999:position=999""},{""input_name"":""power"",""shape"":""scalar"",""dtype"":""FP32"",""element_count"":""1"",""generator"":""exact_config_scalar"",""preview_head4_tail2"":""value=2""},{""input_name"":""width"",""shape"":""scalar"",""dtype"":""FP32"",""element_count"":""1"",""generator"":""exact_config_scalar"",""preview_head4_tail2"":""value=128""}]","{""length"":1000,""requested_dtype"":""FP32"",""sym"":true,""power"":2,""width"":128}","36431b6a5db87e6799b98210f3fc506bd7a99689addbed6419ef383bb2adb60a",,,,"FP64",,,,,,,,"PASS","OK"
"stage08","stage08_input_preview_b01_general_gaussian_8b745f9a6864","formal","input_preview","runs/stage08_input_preview_b01_general_gaussian_8b745f9a6864/formal/20260810T082121Z_8b745f9a6864_stage08_b01_formal_a1030003/operator_input_evidence_general_gaussian_not_applicable_20260810T082121Z_8b745f9a6864_stage08_b01_formal_a1030003.csv","20260810T082121Z_8b745f9a6864_stage08_b01_formal_a1030003","general_gaussian__general_gaussian_fp32_10e3__36431b6a5db87e67__sym","general_gaussian",,,,,,,,,,,,,,,"window_positions","[1000]","INDEX_INT64","1000","implicit_window_index_domain(no_materialized_array)","i=0:position=0;i=1:position=1;i=2:position=2;i=3:position=3;i=998:position=998;i=999:position=999","PASS","OK"
"stage08","stage08_input_preview_b01_general_gaussian_8b745f9a6864","formal","input_preview","runs/stage08_input_preview_b01_general_gaussian_8b745f9a6864/formal/20260810T082121Z_8b745f9a6864_stage08_b01_formal_a1030003/operator_input_evidence_general_gaussian_not_applicable_20260810T082121Z_8b745f9a6864_stage08_b01_formal_a1030003.csv","20260810T082121Z_8b745f9a6864_stage08_b01_formal_a1030003","general_gaussian__general_gaussian_fp32_10e3__36431b6a5db87e67__sym","general_gaussian",,,,,,,,,,,,,,,"power","scalar","FP32","1","exact_config_scalar","value=2","PASS","OK"
"stage08","stage08_input_preview_b01_general_gaussian_8b745f9a6864","formal","input_preview","runs/stage08_input_preview_b01_general_gaussian_8b745f9a6864/formal/20260810T082121Z_8b745f9a6864_stage08_b01_formal_a1030003/operator_input_evidence_general_gaussian_not_applicable_20260810T082121Z_8b745f9a6864_stage08_b01_formal_a1030003.csv","20260810T082121Z_8b745f9a6864_stage08_b01_formal_a1030003","general_gaussian__general_gaussian_fp32_10e3__36431b6a5db87e67__sym","general_gaussian",,,,,,,,,,,,,,,"width","scalar","FP32","1","exact_config_scalar","value=128","PASS","OK"
"stage08","stage08_input_preview_b01_general_gaussian_8b745f9a6864","formal","dtype_and_input_contract","runs/stage08_input_preview_b01_general_gaussian_8b745f9a6864/formal/20260810T082121Z_8b745f9a6864_stage08_b01_formal_a1030004/operator_dtype_evidence_general_gaussian_not_applicable_20260810T082121Z_8b745f9a6864_stage08_b01_formal_a1030004.csv","20260810T082121Z_8b745f9a6864_stage08_b01_formal_a1030004","general_gaussian__general_gaussian_fp32_10e3__b606b53598615675__periodic","general_gaussian","FP32","FP32","actual_typed_scalar_inputs","2","length:INT32=1000|sym:BOOL=false|power:FP32:bytes=00000040|width:FP32:bytes=00000043",,"[{""input_name"":""window_positions"",""shape"":""[1000]"",""dtype"":""INDEX_INT64"",""element_count"":""1000"",""generator"":""implicit_window_index_domain(no_materialized_array)"",""preview_head4_tail2"":""i=0:position=0;i=1:position=1;i=2:position=2;i=3:position=3;i=998:position=998;i=999:position=999""},{""input_name"":""power"",""shape"":""scalar"",""dtype"":""FP32"",""element_count"":""1"",""generator"":""exact_config_scalar"",""preview_head4_tail2"":""value=2""},{""input_name"":""width"",""shape"":""scalar"",""dtype"":""FP32"",""element_count"":""1"",""generator"":""exact_config_scalar"",""preview_head4_tail2"":""value=128""}]","{""length"":1000,""requested_dtype"":""FP32"",""sym"":false,""power"":2,""width"":128}","b606b53598615675e091325df07c4bacac2bc332fa79d365481203651147fbdb",,,,"FP64",,,,,,,,"PASS","OK"
"stage08","stage08_input_preview_b01_general_gaussian_8b745f9a6864","formal","input_preview","runs/stage08_input_preview_b01_general_gaussian_8b745f9a6864/formal/20260810T082121Z_8b745f9a6864_stage08_b01_formal_a1030004/operator_input_evidence_general_gaussian_not_applicable_20260810T082121Z_8b745f9a6864_stage08_b01_formal_a1030004.csv","20260810T082121Z_8b745f9a6864_stage08_b01_formal_a1030004","general_gaussian__general_gaussian_fp32_10e3__b606b53598615675__periodic","general_gaussian",,,,,,,,,,,,,,,"window_positions","[1000]","INDEX_INT64","1000","implicit_window_index_domain(no_materialized_array)","i=0:position=0;i=1:position=1;i=2:position=2;i=3:position=3;i=998:position=998;i=999:position=999","PASS","OK"
"stage08","stage08_input_preview_b01_general_gaussian_8b745f9a6864","formal","input_preview","runs/stage08_input_preview_b01_general_gaussian_8b745f9a6864/formal/20260810T082121Z_8b745f9a6864_stage08_b01_formal_a1030004/operator_input_evidence_general_gaussian_not_applicable_20260810T082121Z_8b745f9a6864_stage08_b01_formal_a1030004.csv","20260810T082121Z_8b745f9a6864_stage08_b01_formal_a1030004","general_gaussian__general_gaussian_fp32_10e3__b606b53598615675__periodic","general_gaussian",,,,,,,,,,,,,,,"power","scalar","FP32","1","exact_config_scalar","value=2","PASS","OK"
"stage08","stage08_input_preview_b01_general_gaussian_8b745f9a6864","formal","input_preview","runs/stage08_input_preview_b01_general_gaussian_8b745f9a6864/formal/20260810T082121Z_8b745f9a6864_stage08_b01_formal_a1030004/operator_input_evidence_general_gaussian_not_applicable_20260810T082121Z_8b745f9a6864_stage08_b01_formal_a1030004.csv","20260810T082121Z_8b745f9a6864_stage08_b01_formal_a1030004","general_gaussian__general_gaussian_fp32_10e3__b606b53598615675__periodic","general_gaussian",,,,,,,,,,,,,,,"width","scalar","FP32","1","exact_config_scalar","value=128","PASS","OK"
"stage08","stage08_input_preview_b01_general_gaussian_8b745f9a6864","formal","dtype_and_input_contract","runs/stage08_input_preview_b01_general_gaussian_8b745f9a6864/formal/20260810T082121Z_8b745f9a6864_stage08_b01_formal_a1030005/operator_dtype_evidence_general_gaussian_not_applicable_20260810T082121Z_8b745f9a6864_stage08_b01_formal_a1030005.csv","20260810T082121Z_8b745f9a6864_stage08_b01_formal_a1030005","general_gaussian__general_gaussian_fp32_10e4__c19cdc5682dd4cb3__sym","general_gaussian","FP32","FP32","actual_typed_scalar_inputs","2","length:INT32=10000|sym:BOOL=true|power:FP32:bytes=00000040|width:FP32:bytes=00000045",,"[{""input_name"":""window_positions"",""shape"":""[10000]"",""dtype"":""INDEX_INT64"",""element_count"":""10000"",""generator"":""implicit_window_index_domain(no_materialized_array)"",""preview_head4_tail2"":""i=0:position=0;i=1:position=1;i=2:position=2;i=3:position=3;i=9998:position=9998;i=9999:position=9999""},{""input_name"":""power"",""shape"":""scalar"",""dtype"":""FP32"",""element_count"":""1"",""generator"":""exact_config_scalar"",""preview_head4_tail2"":""value=2""},{""input_name"":""width"",""shape"":""scalar"",""dtype"":""FP32"",""element_count"":""1"",""generator"":""exact_config_scalar"",""preview_head4_tail2"":""value=2048""}]","{""length"":10000,""requested_dtype"":""FP32"",""sym"":true,""power"":2,""width"":2048}","c19cdc5682dd4cb37ef8d8c2c19919dbdde489ea1b734ecf7ab6d4423ebb6bdf",,,,"FP64",,,,,,,,"PASS","OK"
"stage08","stage08_input_preview_b01_general_gaussian_8b745f9a6864","formal","input_preview","runs/stage08_input_preview_b01_general_gaussian_8b745f9a6864/formal/20260810T082121Z_8b745f9a6864_stage08_b01_formal_a1030005/operator_input_evidence_general_gaussian_not_applicable_20260810T082121Z_8b745f9a6864_stage08_b01_formal_a1030005.csv","20260810T082121Z_8b745f9a6864_stage08_b01_formal_a1030005","general_gaussian__general_gaussian_fp32_10e4__c19cdc5682dd4cb3__sym","general_gaussian",,,,,,,,,,,,,,,"window_positions","[10000]","INDEX_INT64","10000","implicit_window_index_domain(no_materialized_array)","i=0:position=0;i=1:position=1;i=2:position=2;i=3:position=3;i=9998:position=9998;i=9999:position=9999","PASS","OK"
"stage08","stage08_input_preview_b01_general_gaussian_8b745f9a6864","formal","input_preview","runs/stage08_input_preview_b01_general_gaussian_8b745f9a6864/formal/20260810T082121Z_8b745f9a6864_stage08_b01_formal_a1030005/operator_input_evidence_general_gaussian_not_applicable_20260810T082121Z_8b745f9a6864_stage08_b01_formal_a1030005.csv","20260810T082121Z_8b745f9a6864_stage08_b01_formal_a1030005","general_gaussian__general_gaussian_fp32_10e4__c19cdc5682dd4cb3__sym","general_gaussian",,,,,,,,,,,,,,,"power","scalar","FP32","1","exact_config_scalar","value=2","PASS","OK"
"stage08","stage08_input_preview_b01_general_gaussian_8b745f9a6864","formal","input_preview","runs/stage08_input_preview_b01_general_gaussian_8b745f9a6864/formal/20260810T082121Z_8b745f9a6864_stage08_b01_formal_a1030005/operator_input_evidence_general_gaussian_not_applicable_20260810T082121Z_8b745f9a6864_stage08_b01_formal_a1030005.csv","20260810T082121Z_8b745f9a6864_stage08_b01_formal_a1030005","general_gaussian__general_gaussian_fp32_10e4__c19cdc5682dd4cb3__sym","general_gaussian",,,,,,,,,,,,,,,"width","scalar","FP32","1","exact_config_scalar","value=2048","PASS","OK"
"stage08","stage08_input_preview_b01_general_gaussian_8b745f9a6864","formal","dtype_and_input_contract","runs/stage08_input_preview_b01_general_gaussian_8b745f9a6864/formal/20260810T082121Z_8b745f9a6864_stage08_b01_formal_a1030006/operator_dtype_evidence_general_gaussian_not_applicable_20260810T082121Z_8b745f9a6864_stage08_b01_formal_a1030006.csv","20260810T082121Z_8b745f9a6864_stage08_b01_formal_a1030006","general_gaussian__general_gaussian_fp32_10e4__d1276480094534b5__periodic","general_gaussian","FP32","FP32","actual_typed_scalar_inputs","2","length:INT32=10000|sym:BOOL=false|power:FP32:bytes=00000040|width:FP32:bytes=00000045",,"[{""input_name"":""window_positions"",""shape"":""[10000]"",""dtype"":""INDEX_INT64"",""element_count"":""10000"",""generator"":""implicit_window_index_domain(no_materialized_array)"",""preview_head4_tail2"":""i=0:position=0;i=1:position=1;i=2:position=2;i=3:position=3;i=9998:position=9998;i=9999:position=9999""},{""input_name"":""power"",""shape"":""scalar"",""dtype"":""FP32"",""element_count"":""1"",""generator"":""exact_config_scalar"",""preview_head4_tail2"":""value=2""},{""input_name"":""width"",""shape"":""scalar"",""dtype"":""FP32"",""element_count"":""1"",""generator"":""exact_config_scalar"",""preview_head4_tail2"":""value=2048""}]","{""length"":10000,""requested_dtype"":""FP32"",""sym"":false,""power"":2,""width"":2048}","d1276480094534b5694875cb40cdad821829e02017766a1301df07ca3174db89",,,,"FP64",,,,,,,,"PASS","OK"
"stage08","stage08_input_preview_b01_general_gaussian_8b745f9a6864","formal","input_preview","runs/stage08_input_preview_b01_general_gaussian_8b745f9a6864/formal/20260810T082121Z_8b745f9a6864_stage08_b01_formal_a1030006/operator_input_evidence_general_gaussian_not_applicable_20260810T082121Z_8b745f9a6864_stage08_b01_formal_a1030006.csv","20260810T082121Z_8b745f9a6864_stage08_b01_formal_a1030006","general_gaussian__general_gaussian_fp32_10e4__d1276480094534b5__periodic","general_gaussian",,,,,,,,,,,,,,,"window_positions","[10000]","INDEX_INT64","10000","implicit_window_index_domain(no_materialized_array)","i=0:position=0;i=1:position=1;i=2:position=2;i=3:position=3;i=9998:position=9998;i=9999:position=9999","PASS","OK"
"stage08","stage08_input_preview_b01_general_gaussian_8b745f9a6864","formal","input_preview","runs/stage08_input_preview_b01_general_gaussian_8b745f9a6864/formal/20260810T082121Z_8b745f9a6864_stage08_b01_formal_a1030006/operator_input_evidence_general_gaussian_not_applicable_20260810T082121Z_8b745f9a6864_stage08_b01_formal_a1030006.csv","20260810T082121Z_8b745f9a6864_stage08_b01_formal_a1030006","general_gaussian__general_gaussian_fp32_10e4__d1276480094534b5__periodic","general_gaussian",,,,,,,,,,,,,,,"power","scalar","FP32","1","exact_config_scalar","value=2","PASS","OK"
"stage08","stage08_input_preview_b01_general_gaussian_8b745f9a6864","formal","input_preview","runs/stage08_input_preview_b01_general_gaussian_8b745f9a6864/formal/20260810T082121Z_8b745f9a6864_stage08_b01_formal_a1030006/operator_input_evidence_general_gaussian_not_applicable_20260810T082121Z_8b745f9a6864_stage08_b01_formal_a1030006.csv","20260810T082121Z_8b745f9a6864_stage08_b01_formal_a1030006","general_gaussian__general_gaussian_fp32_10e4__d1276480094534b5__periodic","general_gaussian",,,,,,,,,,,,,,,"width","scalar","FP32","1","exact_config_scalar","value=2048","PASS","OK"
"stage08","stage08_input_preview_b01_general_gaussian_8b745f9a6864","formal","dtype_and_input_contract","runs/stage08_input_preview_b01_general_gaussian_8b745f9a6864/formal/20260810T082121Z_8b745f9a6864_stage08_b01_formal_a1030007/operator_dtype_evidence_general_gaussian_not_applicable_20260810T082121Z_8b745f9a6864_stage08_b01_formal_a1030007.csv","20260810T082121Z_8b745f9a6864_stage08_b01_formal_a1030007","general_gaussian__general_gaussian_fp16_10e2__509e4259d17315c5__sym","general_gaussian","FP16","FP16","actual_typed_scalar_inputs","2","length:INT32=100|sym:BOOL=true|power:FP16:bytes=0040|width:FP16:bytes=004c",,"[{""input_name"":""window_positions"",""shape"":""[100]"",""dtype"":""INDEX_INT64"",""element_count"":""100"",""generator"":""implicit_window_index_domain(no_materialized_array)"",""preview_head4_tail2"":""i=0:position=0;i=1:position=1;i=2:position=2;i=3:position=3;i=98:position=98;i=99:position=99""},{""input_name"":""power"",""shape"":""scalar"",""dtype"":""FP16"",""element_count"":""1"",""generator"":""exact_config_scalar"",""preview_head4_tail2"":""value=2""},{""input_name"":""width"",""shape"":""scalar"",""dtype"":""FP16"",""element_count"":""1"",""generator"":""exact_config_scalar"",""preview_head4_tail2"":""value=16""}]","{""length"":100,""requested_dtype"":""FP16"",""sym"":true,""power"":2,""width"":16}","509e4259d17315c5dce1bbea357f0df536c178a42fdd074742ee09e01cf8b5b0",,,,"FP64",,,,,,,,"PASS","OK"
"stage08","stage08_input_preview_b01_general_gaussian_8b745f9a6864","formal","input_preview","runs/stage08_input_preview_b01_general_gaussian_8b745f9a6864/formal/20260810T082121Z_8b745f9a6864_stage08_b01_formal_a1030007/operator_input_evidence_general_gaussian_not_applicable_20260810T082121Z_8b745f9a6864_stage08_b01_formal_a1030007.csv","20260810T082121Z_8b745f9a6864_stage08_b01_formal_a1030007","general_gaussian__general_gaussian_fp16_10e2__509e4259d17315c5__sym","general_gaussian",,,,,,,,,,,,,,,"window_positions","[100]","INDEX_INT64","100","implicit_window_index_domain(no_materialized_array)","i=0:position=0;i=1:position=1;i=2:position=2;i=3:position=3;i=98:position=98;i=99:position=99","PASS","OK"
"stage08","stage08_input_preview_b01_general_gaussian_8b745f9a6864","formal","input_preview","runs/stage08_input_preview_b01_general_gaussian_8b745f9a6864/formal/20260810T082121Z_8b745f9a6864_stage08_b01_formal_a1030007/operator_input_evidence_general_gaussian_not_applicable_20260810T082121Z_8b745f9a6864_stage08_b01_formal_a1030007.csv","20260810T082121Z_8b745f9a6864_stage08_b01_formal_a1030007","general_gaussian__general_gaussian_fp16_10e2__509e4259d17315c5__sym","general_gaussian",,,,,,,,,,,,,,,"power","scalar","FP16","1","exact_config_scalar","value=2","PASS","OK"
"stage08","stage08_input_preview_b01_general_gaussian_8b745f9a6864","formal","input_preview","runs/stage08_input_preview_b01_general_gaussian_8b745f9a6864/formal/20260810T082121Z_8b745f9a6864_stage08_b01_formal_a1030007/operator_input_evidence_general_gaussian_not_applicable_20260810T082121Z_8b745f9a6864_stage08_b01_formal_a1030007.csv","20260810T082121Z_8b745f9a6864_stage08_b01_formal_a1030007","general_gaussian__general_gaussian_fp16_10e2__509e4259d17315c5__sym","general_gaussian",,,,,,,,,,,,,,,"width","scalar","FP16","1","exact_config_scalar","value=16","PASS","OK"
"stage08","stage08_input_preview_b01_general_gaussian_8b745f9a6864","formal","dtype_and_input_contract","runs/stage08_input_preview_b01_general_gaussian_8b745f9a6864/formal/20260810T082122Z_8b745f9a6864_stage08_b01_formal_a1030008/operator_dtype_evidence_general_gaussian_not_applicable_20260810T082122Z_8b745f9a6864_stage08_b01_formal_a1030008.csv","20260810T082122Z_8b745f9a6864_stage08_b01_formal_a1030008","general_gaussian__general_gaussian_fp16_10e2__4e0914cbce5fdaa1__periodic","general_gaussian","FP16","FP16","actual_typed_scalar_inputs","2","length:INT32=100|sym:BOOL=false|power:FP16:bytes=0040|width:FP16:bytes=004c",,"[{""input_name"":""window_positions"",""shape"":""[100]"",""dtype"":""INDEX_INT64"",""element_count"":""100"",""generator"":""implicit_window_index_domain(no_materialized_array)"",""preview_head4_tail2"":""i=0:position=0;i=1:position=1;i=2:position=2;i=3:position=3;i=98:position=98;i=99:position=99""},{""input_name"":""power"",""shape"":""scalar"",""dtype"":""FP16"",""element_count"":""1"",""generator"":""exact_config_scalar"",""preview_head4_tail2"":""value=2""},{""input_name"":""width"",""shape"":""scalar"",""dtype"":""FP16"",""element_count"":""1"",""generator"":""exact_config_scalar"",""preview_head4_tail2"":""value=16""}]","{""length"":100,""requested_dtype"":""FP16"",""sym"":false,""power"":2,""width"":16}","4e0914cbce5fdaa1cb5ca7475fe81e96e3813102dce79942910e753bc6357b64",,,,"FP64",,,,,,,,"PASS","OK"
"stage08","stage08_input_preview_b01_general_gaussian_8b745f9a6864","formal","input_preview","runs/stage08_input_preview_b01_general_gaussian_8b745f9a6864/formal/20260810T082122Z_8b745f9a6864_stage08_b01_formal_a1030008/operator_input_evidence_general_gaussian_not_applicable_20260810T082122Z_8b745f9a6864_stage08_b01_formal_a1030008.csv","20260810T082122Z_8b745f9a6864_stage08_b01_formal_a1030008","general_gaussian__general_gaussian_fp16_10e2__4e0914cbce5fdaa1__periodic","general_gaussian",,,,,,,,,,,,,,,"window_positions","[100]","INDEX_INT64","100","implicit_window_index_domain(no_materialized_array)","i=0:position=0;i=1:position=1;i=2:position=2;i=3:position=3;i=98:position=98;i=99:position=99","PASS","OK"
"stage08","stage08_input_preview_b01_general_gaussian_8b745f9a6864","formal","input_preview","runs/stage08_input_preview_b01_general_gaussian_8b745f9a6864/formal/20260810T082122Z_8b745f9a6864_stage08_b01_formal_a1030008/operator_input_evidence_general_gaussian_not_applicable_20260810T082122Z_8b745f9a6864_stage08_b01_formal_a1030008.csv","20260810T082122Z_8b745f9a6864_stage08_b01_formal_a1030008","general_gaussian__general_gaussian_fp16_10e2__4e0914cbce5fdaa1__periodic","general_gaussian",,,,,,,,,,,,,,,"power","scalar","FP16","1","exact_config_scalar","value=2","PASS","OK"
"stage08","stage08_input_preview_b01_general_gaussian_8b745f9a6864","formal","input_preview","runs/stage08_input_preview_b01_general_gaussian_8b745f9a6864/formal/20260810T082122Z_8b745f9a6864_stage08_b01_formal_a1030008/operator_input_evidence_general_gaussian_not_applicable_20260810T082122Z_8b745f9a6864_stage08_b01_formal_a1030008.csv","20260810T082122Z_8b745f9a6864_stage08_b01_formal_a1030008","general_gaussian__general_gaussian_fp16_10e2__4e0914cbce5fdaa1__periodic","general_gaussian",,,,,,,,,,,,,,,"width","scalar","FP16","1","exact_config_scalar","value=16","PASS","OK"
"stage08","stage08_input_preview_b01_general_gaussian_8b745f9a6864","formal","dtype_and_input_contract","runs/stage08_input_preview_b01_general_gaussian_8b745f9a6864/formal/20260810T082122Z_8b745f9a6864_stage08_b01_formal_a1030009/operator_dtype_evidence_general_gaussian_not_applicable_20260810T082122Z_8b745f9a6864_stage08_b01_formal_a1030009.csv","20260810T082122Z_8b745f9a6864_stage08_b01_formal_a1030009","general_gaussian__general_gaussian_fp16_10e3__ccf7087fd5325465__sym","general_gaussian","FP16","FP16","actual_typed_scalar_inputs","2","length:INT32=1000|sym:BOOL=true|power:FP16:bytes=0040|width:FP16:bytes=0058",,"[{""input_name"":""window_positions"",""shape"":""[1000]"",""dtype"":""INDEX_INT64"",""element_count"":""1000"",""generator"":""implicit_window_index_domain(no_materialized_array)"",""preview_head4_tail2"":""i=0:position=0;i=1:position=1;i=2:position=2;i=3:position=3;i=998:position=998;i=999:position=999""},{""input_name"":""power"",""shape"":""scalar"",""dtype"":""FP16"",""element_count"":""1"",""generator"":""exact_config_scalar"",""preview_head4_tail2"":""value=2""},{""input_name"":""width"",""shape"":""scalar"",""dtype"":""FP16"",""element_count"":""1"",""generator"":""exact_config_scalar"",""preview_head4_tail2"":""value=128""}]","{""length"":1000,""requested_dtype"":""FP16"",""sym"":true,""power"":2,""width"":128}","ccf7087fd5325465c41f346236d60da0e3859b6964b260665920d711e0a750d6",,,,"FP64",,,,,,,,"PASS","OK"
"stage08","stage08_input_preview_b01_general_gaussian_8b745f9a6864","formal","input_preview","runs/stage08_input_preview_b01_general_gaussian_8b745f9a6864/formal/20260810T082122Z_8b745f9a6864_stage08_b01_formal_a1030009/operator_input_evidence_general_gaussian_not_applicable_20260810T082122Z_8b745f9a6864_stage08_b01_formal_a1030009.csv","20260810T082122Z_8b745f9a6864_stage08_b01_formal_a1030009","general_gaussian__general_gaussian_fp16_10e3__ccf7087fd5325465__sym","general_gaussian",,,,,,,,,,,,,,,"window_positions","[1000]","INDEX_INT64","1000","implicit_window_index_domain(no_materialized_array)","i=0:position=0;i=1:position=1;i=2:position=2;i=3:position=3;i=998:position=998;i=999:position=999","PASS","OK"
"stage08","stage08_input_preview_b01_general_gaussian_8b745f9a6864","formal","input_preview","runs/stage08_input_preview_b01_general_gaussian_8b745f9a6864/formal/20260810T082122Z_8b745f9a6864_stage08_b01_formal_a1030009/operator_input_evidence_general_gaussian_not_applicable_20260810T082122Z_8b745f9a6864_stage08_b01_formal_a1030009.csv","20260810T082122Z_8b745f9a6864_stage08_b01_formal_a1030009","general_gaussian__general_gaussian_fp16_10e3__ccf7087fd5325465__sym","general_gaussian",,,,,,,,,,,,,,,"power","scalar","FP16","1","exact_config_scalar","value=2","PASS","OK"
"stage08","stage08_input_preview_b01_general_gaussian_8b745f9a6864","formal","input_preview","runs/stage08_input_preview_b01_general_gaussian_8b745f9a6864/formal/20260810T082122Z_8b745f9a6864_stage08_b01_formal_a1030009/operator_input_evidence_general_gaussian_not_applicable_20260810T082122Z_8b745f9a6864_stage08_b01_formal_a1030009.csv","20260810T082122Z_8b745f9a6864_stage08_b01_formal_a1030009","general_gaussian__general_gaussian_fp16_10e3__ccf7087fd5325465__sym","general_gaussian",,,,,,,,,,,,,,,"width","scalar","FP16","1","exact_config_scalar","value=128","PASS","OK"
"stage08","stage08_input_preview_b01_general_gaussian_8b745f9a6864","formal","dtype_and_input_contract","runs/stage08_input_preview_b01_general_gaussian_8b745f9a6864/formal/20260810T082122Z_8b745f9a6864_stage08_b01_formal_a103000a/operator_dtype_evidence_general_gaussian_not_applicable_20260810T082122Z_8b745f9a6864_stage08_b01_formal_a103000a.csv","20260810T082122Z_8b745f9a6864_stage08_b01_formal_a103000a","general_gaussian__general_gaussian_fp16_10e3__49bcbe0d4729849f__periodic","general_gaussian","FP16","FP16","actual_typed_scalar_inputs","2","length:INT32=1000|sym:BOOL=false|power:FP16:bytes=0040|width:FP16:bytes=0058",,"[{""input_name"":""window_positions"",""shape"":""[1000]"",""dtype"":""INDEX_INT64"",""element_count"":""1000"",""generator"":""implicit_window_index_domain(no_materialized_array)"",""preview_head4_tail2"":""i=0:position=0;i=1:position=1;i=2:position=2;i=3:position=3;i=998:position=998;i=999:position=999""},{""input_name"":""power"",""shape"":""scalar"",""dtype"":""FP16"",""element_count"":""1"",""generator"":""exact_config_scalar"",""preview_head4_tail2"":""value=2""},{""input_name"":""width"",""shape"":""scalar"",""dtype"":""FP16"",""element_count"":""1"",""generator"":""exact_config_scalar"",""preview_head4_tail2"":""value=128""}]","{""length"":1000,""requested_dtype"":""FP16"",""sym"":false,""power"":2,""width"":128}","49bcbe0d4729849fd26e8d6b6ee3607898534608d32b14af89b10b5c40187e1e",,,,"FP64",,,,,,,,"PASS","OK"
"stage08","stage08_input_preview_b01_general_gaussian_8b745f9a6864","formal","input_preview","runs/stage08_input_preview_b01_general_gaussian_8b745f9a6864/formal/20260810T082122Z_8b745f9a6864_stage08_b01_formal_a103000a/operator_input_evidence_general_gaussian_not_applicable_20260810T082122Z_8b745f9a6864_stage08_b01_formal_a103000a.csv","20260810T082122Z_8b745f9a6864_stage08_b01_formal_a103000a","general_gaussian__general_gaussian_fp16_10e3__49bcbe0d4729849f__periodic","general_gaussian",,,,,,,,,,,,,,,"window_positions","[1000]","INDEX_INT64","1000","implicit_window_index_domain(no_materialized_array)","i=0:position=0;i=1:position=1;i=2:position=2;i=3:position=3;i=998:position=998;i=999:position=999","PASS","OK"
"stage08","stage08_input_preview_b01_general_gaussian_8b745f9a6864","formal","input_preview","runs/stage08_input_preview_b01_general_gaussian_8b745f9a6864/formal/20260810T082122Z_8b745f9a6864_stage08_b01_formal_a103000a/operator_input_evidence_general_gaussian_not_applicable_20260810T082122Z_8b745f9a6864_stage08_b01_formal_a103000a.csv","20260810T082122Z_8b745f9a6864_stage08_b01_formal_a103000a","general_gaussian__general_gaussian_fp16_10e3__49bcbe0d4729849f__periodic","general_gaussian",,,,,,,,,,,,,,,"power","scalar","FP16","1","exact_config_scalar","value=2","PASS","OK"
"stage08","stage08_input_preview_b01_general_gaussian_8b745f9a6864","formal","input_preview","runs/stage08_input_preview_b01_general_gaussian_8b745f9a6864/formal/20260810T082122Z_8b745f9a6864_stage08_b01_formal_a103000a/operator_input_evidence_general_gaussian_not_applicable_20260810T082122Z_8b745f9a6864_stage08_b01_formal_a103000a.csv","20260810T082122Z_8b745f9a6864_stage08_b01_formal_a103000a","general_gaussian__general_gaussian_fp16_10e3__49bcbe0d4729849f__periodic","general_gaussian",,,,,,,,,,,,,,,"width","scalar","FP16","1","exact_config_scalar","value=128","PASS","OK"
"stage08","stage08_input_preview_b01_general_gaussian_8b745f9a6864","formal","dtype_and_input_contract","runs/stage08_input_preview_b01_general_gaussian_8b745f9a6864/formal/20260810T082122Z_8b745f9a6864_stage08_b01_formal_a103000b/operator_dtype_evidence_general_gaussian_not_applicable_20260810T082122Z_8b745f9a6864_stage08_b01_formal_a103000b.csv","20260810T082122Z_8b745f9a6864_stage08_b01_formal_a103000b","general_gaussian__general_gaussian_fp16_10e4__a3fa2928708492c4__sym","general_gaussian","FP16","FP16","actual_typed_scalar_inputs","2","length:INT32=10000|sym:BOOL=true|power:FP16:bytes=0040|width:FP16:bytes=0068",,"[{""input_name"":""window_positions"",""shape"":""[10000]"",""dtype"":""INDEX_INT64"",""element_count"":""10000"",""generator"":""implicit_window_index_domain(no_materialized_array)"",""preview_head4_tail2"":""i=0:position=0;i=1:position=1;i=2:position=2;i=3:position=3;i=9998:position=9998;i=9999:position=9999""},{""input_name"":""power"",""shape"":""scalar"",""dtype"":""FP16"",""element_count"":""1"",""generator"":""exact_config_scalar"",""preview_head4_tail2"":""value=2""},{""input_name"":""width"",""shape"":""scalar"",""dtype"":""FP16"",""element_count"":""1"",""generator"":""exact_config_scalar"",""preview_head4_tail2"":""value=2048""}]","{""length"":10000,""requested_dtype"":""FP16"",""sym"":true,""power"":2,""width"":2048}","a3fa2928708492c4632f8d6329124df3b70bb74fff8093b62f682ab5083868ae",,,,"FP64",,,,,,,,"PASS","OK"
"stage08","stage08_input_preview_b01_general_gaussian_8b745f9a6864","formal","input_preview","runs/stage08_input_preview_b01_general_gaussian_8b745f9a6864/formal/20260810T082122Z_8b745f9a6864_stage08_b01_formal_a103000b/operator_input_evidence_general_gaussian_not_applicable_20260810T082122Z_8b745f9a6864_stage08_b01_formal_a103000b.csv","20260810T082122Z_8b745f9a6864_stage08_b01_formal_a103000b","general_gaussian__general_gaussian_fp16_10e4__a3fa2928708492c4__sym","general_gaussian",,,,,,,,,,,,,,,"window_positions","[10000]","INDEX_INT64","10000","implicit_window_index_domain(no_materialized_array)","i=0:position=0;i=1:position=1;i=2:position=2;i=3:position=3;i=9998:position=9998;i=9999:position=9999","PASS","OK"
"stage08","stage08_input_preview_b01_general_gaussian_8b745f9a6864","formal","input_preview","runs/stage08_input_preview_b01_general_gaussian_8b745f9a6864/formal/20260810T082122Z_8b745f9a6864_stage08_b01_formal_a103000b/operator_input_evidence_general_gaussian_not_applicable_20260810T082122Z_8b745f9a6864_stage08_b01_formal_a103000b.csv","20260810T082122Z_8b745f9a6864_stage08_b01_formal_a103000b","general_gaussian__general_gaussian_fp16_10e4__a3fa2928708492c4__sym","general_gaussian",,,,,,,,,,,,,,,"power","scalar","FP16","1","exact_config_scalar","value=2","PASS","OK"
"stage08","stage08_input_preview_b01_general_gaussian_8b745f9a6864","formal","input_preview","runs/stage08_input_preview_b01_general_gaussian_8b745f9a6864/formal/20260810T082122Z_8b745f9a6864_stage08_b01_formal_a103000b/operator_input_evidence_general_gaussian_not_applicable_20260810T082122Z_8b745f9a6864_stage08_b01_formal_a103000b.csv","20260810T082122Z_8b745f9a6864_stage08_b01_formal_a103000b","general_gaussian__general_gaussian_fp16_10e4__a3fa2928708492c4__sym","general_gaussian",,,,,,,,,,,,,,,"width","scalar","FP16","1","exact_config_scalar","value=2048","PASS","OK"
"stage08","stage08_input_preview_b01_general_gaussian_8b745f9a6864","formal","dtype_and_input_contract","runs/stage08_input_preview_b01_general_gaussian_8b745f9a6864/formal/20260810T082122Z_8b745f9a6864_stage08_b01_formal_a103000c/operator_dtype_evidence_general_gaussian_not_applicable_20260810T082122Z_8b745f9a6864_stage08_b01_formal_a103000c.csv","20260810T082122Z_8b745f9a6864_stage08_b01_formal_a103000c","general_gaussian__general_gaussian_fp16_10e4__f43b5a724b7a4487__periodic","general_gaussian","FP16","FP16","actual_typed_scalar_inputs","2","length:INT32=10000|sym:BOOL=false|power:FP16:bytes=0040|width:FP16:bytes=0068",,"[{""input_name"":""window_positions"",""shape"":""[10000]"",""dtype"":""INDEX_INT64"",""element_count"":""10000"",""generator"":""implicit_window_index_domain(no_materialized_array)"",""preview_head4_tail2"":""i=0:position=0;i=1:position=1;i=2:position=2;i=3:position=3;i=9998:position=9998;i=9999:position=9999""},{""input_name"":""power"",""shape"":""scalar"",""dtype"":""FP16"",""element_count"":""1"",""generator"":""exact_config_scalar"",""preview_head4_tail2"":""value=2""},{""input_name"":""width"",""shape"":""scalar"",""dtype"":""FP16"",""element_count"":""1"",""generator"":""exact_config_scalar"",""preview_head4_tail2"":""value=2048""}]","{""length"":10000,""requested_dtype"":""FP16"",""sym"":false,""power"":2,""width"":2048}","f43b5a724b7a4487afea4f55db06f99e47b48fb17d98d7b3ad2b5907ebb10ccd",,,,"FP64",,,,,,,,"PASS","OK"
"stage08","stage08_input_preview_b01_general_gaussian_8b745f9a6864","formal","input_preview","runs/stage08_input_preview_b01_general_gaussian_8b745f9a6864/formal/20260810T082122Z_8b745f9a6864_stage08_b01_formal_a103000c/operator_input_evidence_general_gaussian_not_applicable_20260810T082122Z_8b745f9a6864_stage08_b01_formal_a103000c.csv","20260810T082122Z_8b745f9a6864_stage08_b01_formal_a103000c","general_gaussian__general_gaussian_fp16_10e4__f43b5a724b7a4487__periodic","general_gaussian",,,,,,,,,,,,,,,"window_positions","[10000]","INDEX_INT64","10000","implicit_window_index_domain(no_materialized_array)","i=0:position=0;i=1:position=1;i=2:position=2;i=3:position=3;i=9998:position=9998;i=9999:position=9999","PASS","OK"
"stage08","stage08_input_preview_b01_general_gaussian_8b745f9a6864","formal","input_preview","runs/stage08_input_preview_b01_general_gaussian_8b745f9a6864/formal/20260810T082122Z_8b745f9a6864_stage08_b01_formal_a103000c/operator_input_evidence_general_gaussian_not_applicable_20260810T082122Z_8b745f9a6864_stage08_b01_formal_a103000c.csv","20260810T082122Z_8b745f9a6864_stage08_b01_formal_a103000c","general_gaussian__general_gaussian_fp16_10e4__f43b5a724b7a4487__periodic","general_gaussian",,,,,,,,,,,,,,,"power","scalar","FP16","1","exact_config_scalar","value=2","PASS","OK"
"stage08","stage08_input_preview_b01_general_gaussian_8b745f9a6864","formal","input_preview","runs/stage08_input_preview_b01_general_gaussian_8b745f9a6864/formal/20260810T082122Z_8b745f9a6864_stage08_b01_formal_a103000c/operator_input_evidence_general_gaussian_not_applicable_20260810T082122Z_8b745f9a6864_stage08_b01_formal_a103000c.csv","20260810T082122Z_8b745f9a6864_stage08_b01_formal_a103000c","general_gaussian__general_gaussian_fp16_10e4__f43b5a724b7a4487__periodic","general_gaussian",,,,,,,,,,,,,,,"width","scalar","FP16","1","exact_config_scalar","value=2048","PASS","OK"
"stage08","stage08_input_preview_b01_general_gaussian_8b745f9a6864","formal","dtype_and_input_contract","runs/stage08_input_preview_b01_general_gaussian_8b745f9a6864/formal/20260810T082122Z_8b745f9a6864_stage08_b01_formal_a103000d/operator_dtype_evidence_general_gaussian_not_applicable_20260810T082122Z_8b745f9a6864_stage08_b01_formal_a103000d.csv","20260810T082122Z_8b745f9a6864_stage08_b01_formal_a103000d","general_gaussian__general_gaussian_int32_10e2__c2604dadf54d5871__sym","general_gaussian","INT32","INT32","actual_typed_scalar_inputs","2","length:INT32=100|sym:BOOL=true|power:INT32:bytes=02000000|width:INT32:bytes=10000000",,"[{""input_name"":""window_positions"",""shape"":""[100]"",""dtype"":""INDEX_INT64"",""element_count"":""100"",""generator"":""implicit_window_index_domain(no_materialized_array)"",""preview_head4_tail2"":""i=0:position=0;i=1:position=1;i=2:position=2;i=3:position=3;i=98:position=98;i=99:position=99""},{""input_name"":""power"",""shape"":""scalar"",""dtype"":""INT32"",""element_count"":""1"",""generator"":""exact_config_scalar"",""preview_head4_tail2"":""value=2""},{""input_name"":""width"",""shape"":""scalar"",""dtype"":""INT32"",""element_count"":""1"",""generator"":""exact_config_scalar"",""preview_head4_tail2"":""value=16""}]","{""length"":100,""requested_dtype"":""INT32"",""sym"":true,""power"":2,""width"":16}","c2604dadf54d5871ca08391fc1ddeb26446bc9c606af08e9718a4591a914f565",,,,"FP64",,,,,,,,"PASS","OK"
"stage08","stage08_input_preview_b01_general_gaussian_8b745f9a6864","formal","input_preview","runs/stage08_input_preview_b01_general_gaussian_8b745f9a6864/formal/20260810T082122Z_8b745f9a6864_stage08_b01_formal_a103000d/operator_input_evidence_general_gaussian_not_applicable_20260810T082122Z_8b745f9a6864_stage08_b01_formal_a103000d.csv","20260810T082122Z_8b745f9a6864_stage08_b01_formal_a103000d","general_gaussian__general_gaussian_int32_10e2__c2604dadf54d5871__sym","general_gaussian",,,,,,,,,,,,,,,"window_positions","[100]","INDEX_INT64","100","implicit_window_index_domain(no_materialized_array)","i=0:position=0;i=1:position=1;i=2:position=2;i=3:position=3;i=98:position=98;i=99:position=99","PASS","OK"
"stage08","stage08_input_preview_b01_general_gaussian_8b745f9a6864","formal","input_preview","runs/stage08_input_preview_b01_general_gaussian_8b745f9a6864/formal/20260810T082122Z_8b745f9a6864_stage08_b01_formal_a103000d/operator_input_evidence_general_gaussian_not_applicable_20260810T082122Z_8b745f9a6864_stage08_b01_formal_a103000d.csv","20260810T082122Z_8b745f9a6864_stage08_b01_formal_a103000d","general_gaussian__general_gaussian_int32_10e2__c2604dadf54d5871__sym","general_gaussian",,,,,,,,,,,,,,,"power","scalar","INT32","1","exact_config_scalar","value=2","PASS","OK"
"stage08","stage08_input_preview_b01_general_gaussian_8b745f9a6864","formal","input_preview","runs/stage08_input_preview_b01_general_gaussian_8b745f9a6864/formal/20260810T082122Z_8b745f9a6864_stage08_b01_formal_a103000d/operator_input_evidence_general_gaussian_not_applicable_20260810T082122Z_8b745f9a6864_stage08_b01_formal_a103000d.csv","20260810T082122Z_8b745f9a6864_stage08_b01_formal_a103000d","general_gaussian__general_gaussian_int32_10e2__c2604dadf54d5871__sym","general_gaussian",,,,,,,,,,,,,,,"width","scalar","INT32","1","exact_config_scalar","value=16","PASS","OK"
"stage08","stage08_input_preview_b01_general_gaussian_8b745f9a6864","formal","dtype_and_input_contract","runs/stage08_input_preview_b01_general_gaussian_8b745f9a6864/formal/20260810T082122Z_8b745f9a6864_stage08_b01_formal_a103000e/operator_dtype_evidence_general_gaussian_not_applicable_20260810T082122Z_8b745f9a6864_stage08_b01_formal_a103000e.csv","20260810T082122Z_8b745f9a6864_stage08_b01_formal_a103000e","general_gaussian__general_gaussian_int32_10e2__b2149b94e4a2457f__periodic","general_gaussian","INT32","INT32","actual_typed_scalar_inputs","2","length:INT32=100|sym:BOOL=false|power:INT32:bytes=02000000|width:INT32:bytes=10000000",,"[{""input_name"":""window_positions"",""shape"":""[100]"",""dtype"":""INDEX_INT64"",""element_count"":""100"",""generator"":""implicit_window_index_domain(no_materialized_array)"",""preview_head4_tail2"":""i=0:position=0;i=1:position=1;i=2:position=2;i=3:position=3;i=98:position=98;i=99:position=99""},{""input_name"":""power"",""shape"":""scalar"",""dtype"":""INT32"",""element_count"":""1"",""generator"":""exact_config_scalar"",""preview_head4_tail2"":""value=2""},{""input_name"":""width"",""shape"":""scalar"",""dtype"":""INT32"",""element_count"":""1"",""generator"":""exact_config_scalar"",""preview_head4_tail2"":""value=16""}]","{""length"":100,""requested_dtype"":""INT32"",""sym"":false,""power"":2,""width"":16}","b2149b94e4a2457ff6813ad2d918849c682481b22a0b9a29fb26a8d4c10e80c9",,,,"FP64",,,,,,,,"PASS","OK"
"stage08","stage08_input_preview_b01_general_gaussian_8b745f9a6864","formal","input_preview","runs/stage08_input_preview_b01_general_gaussian_8b745f9a6864/formal/20260810T082122Z_8b745f9a6864_stage08_b01_formal_a103000e/operator_input_evidence_general_gaussian_not_applicable_20260810T082122Z_8b745f9a6864_stage08_b01_formal_a103000e.csv","20260810T082122Z_8b745f9a6864_stage08_b01_formal_a103000e","general_gaussian__general_gaussian_int32_10e2__b2149b94e4a2457f__periodic","general_gaussian",,,,,,,,,,,,,,,"window_positions","[100]","INDEX_INT64","100","implicit_window_index_domain(no_materialized_array)","i=0:position=0;i=1:position=1;i=2:position=2;i=3:position=3;i=98:position=98;i=99:position=99","PASS","OK"
"stage08","stage08_input_preview_b01_general_gaussian_8b745f9a6864","formal","input_preview","runs/stage08_input_preview_b01_general_gaussian_8b745f9a6864/formal/20260810T082122Z_8b745f9a6864_stage08_b01_formal_a103000e/operator_input_evidence_general_gaussian_not_applicable_20260810T082122Z_8b745f9a6864_stage08_b01_formal_a103000e.csv","20260810T082122Z_8b745f9a6864_stage08_b01_formal_a103000e","general_gaussian__general_gaussian_int32_10e2__b2149b94e4a2457f__periodic","general_gaussian",,,,,,,,,,,,,,,"power","scalar","INT32","1","exact_config_scalar","value=2","PASS","OK"
"stage08","stage08_input_preview_b01_general_gaussian_8b745f9a6864","formal","input_preview","runs/stage08_input_preview_b01_general_gaussian_8b745f9a6864/formal/20260810T082122Z_8b745f9a6864_stage08_b01_formal_a103000e/operator_input_evidence_general_gaussian_not_applicable_20260810T082122Z_8b745f9a6864_stage08_b01_formal_a103000e.csv","20260810T082122Z_8b745f9a6864_stage08_b01_formal_a103000e","general_gaussian__general_gaussian_int32_10e2__b2149b94e4a2457f__periodic","general_gaussian",,,,,,,,,,,,,,,"width","scalar","INT32","1","exact_config_scalar","value=16","PASS","OK"
"stage08","stage08_input_preview_b01_general_gaussian_8b745f9a6864","formal","dtype_and_input_contract","runs/stage08_input_preview_b01_general_gaussian_8b745f9a6864/formal/20260810T082122Z_8b745f9a6864_stage08_b01_formal_a103000f/operator_dtype_evidence_general_gaussian_not_applicable_20260810T082122Z_8b745f9a6864_stage08_b01_formal_a103000f.csv","20260810T082122Z_8b745f9a6864_stage08_b01_formal_a103000f","general_gaussian__general_gaussian_int32_10e3__ea7259d7a65d6047__sym","general_gaussian","INT32","INT32","actual_typed_scalar_inputs","2","length:INT32=1000|sym:BOOL=true|power:INT32:bytes=02000000|width:INT32:bytes=80000000",,"[{""input_name"":""window_positions"",""shape"":""[1000]"",""dtype"":""INDEX_INT64"",""element_count"":""1000"",""generator"":""implicit_window_index_domain(no_materialized_array)"",""preview_head4_tail2"":""i=0:position=0;i=1:position=1;i=2:position=2;i=3:position=3;i=998:position=998;i=999:position=999""},{""input_name"":""power"",""shape"":""scalar"",""dtype"":""INT32"",""element_count"":""1"",""generator"":""exact_config_scalar"",""preview_head4_tail2"":""value=2""},{""input_name"":""width"",""shape"":""scalar"",""dtype"":""INT32"",""element_count"":""1"",""generator"":""exact_config_scalar"",""preview_head4_tail2"":""value=128""}]","{""length"":1000,""requested_dtype"":""INT32"",""sym"":true,""power"":2,""width"":128}","ea7259d7a65d6047de9990a56166202b3bd99bf8396807773b8b708627ec1002",,,,"FP64",,,,,,,,"PASS","OK"
"stage08","stage08_input_preview_b01_general_gaussian_8b745f9a6864","formal","input_preview","runs/stage08_input_preview_b01_general_gaussian_8b745f9a6864/formal/20260810T082122Z_8b745f9a6864_stage08_b01_formal_a103000f/operator_input_evidence_general_gaussian_not_applicable_20260810T082122Z_8b745f9a6864_stage08_b01_formal_a103000f.csv","20260810T082122Z_8b745f9a6864_stage08_b01_formal_a103000f","general_gaussian__general_gaussian_int32_10e3__ea7259d7a65d6047__sym","general_gaussian",,,,,,,,,,,,,,,"window_positions","[1000]","INDEX_INT64","1000","implicit_window_index_domain(no_materialized_array)","i=0:position=0;i=1:position=1;i=2:position=2;i=3:position=3;i=998:position=998;i=999:position=999","PASS","OK"
"stage08","stage08_input_preview_b01_general_gaussian_8b745f9a6864","formal","input_preview","runs/stage08_input_preview_b01_general_gaussian_8b745f9a6864/formal/20260810T082122Z_8b745f9a6864_stage08_b01_formal_a103000f/operator_input_evidence_general_gaussian_not_applicable_20260810T082122Z_8b745f9a6864_stage08_b01_formal_a103000f.csv","20260810T082122Z_8b745f9a6864_stage08_b01_formal_a103000f","general_gaussian__general_gaussian_int32_10e3__ea7259d7a65d6047__sym","general_gaussian",,,,,,,,,,,,,,,"power","scalar","INT32","1","exact_config_scalar","value=2","PASS","OK"
"stage08","stage08_input_preview_b01_general_gaussian_8b745f9a6864","formal","input_preview","runs/stage08_input_preview_b01_general_gaussian_8b745f9a6864/formal/20260810T082122Z_8b745f9a6864_stage08_b01_formal_a103000f/operator_input_evidence_general_gaussian_not_applicable_20260810T082122Z_8b745f9a6864_stage08_b01_formal_a103000f.csv","20260810T082122Z_8b745f9a6864_stage08_b01_formal_a103000f","general_gaussian__general_gaussian_int32_10e3__ea7259d7a65d6047__sym","general_gaussian",,,,,,,,,,,,,,,"width","scalar","INT32","1","exact_config_scalar","value=128","PASS","OK"
"stage08","stage08_input_preview_b01_general_gaussian_8b745f9a6864","formal","dtype_and_input_contract","runs/stage08_input_preview_b01_general_gaussian_8b745f9a6864/formal/20260810T082123Z_8b745f9a6864_stage08_b01_formal_a1030010/operator_dtype_evidence_general_gaussian_not_applicable_20260810T082123Z_8b745f9a6864_stage08_b01_formal_a1030010.csv","20260810T082123Z_8b745f9a6864_stage08_b01_formal_a1030010","general_gaussian__general_gaussian_int32_10e3__2ab8205e55747d10__periodic","general_gaussian","INT32","INT32","actual_typed_scalar_inputs","2","length:INT32=1000|sym:BOOL=false|power:INT32:bytes=02000000|width:INT32:bytes=80000000",,"[{""input_name"":""window_positions"",""shape"":""[1000]"",""dtype"":""INDEX_INT64"",""element_count"":""1000"",""generator"":""implicit_window_index_domain(no_materialized_array)"",""preview_head4_tail2"":""i=0:position=0;i=1:position=1;i=2:position=2;i=3:position=3;i=998:position=998;i=999:position=999""},{""input_name"":""power"",""shape"":""scalar"",""dtype"":""INT32"",""element_count"":""1"",""generator"":""exact_config_scalar"",""preview_head4_tail2"":""value=2""},{""input_name"":""width"",""shape"":""scalar"",""dtype"":""INT32"",""element_count"":""1"",""generator"":""exact_config_scalar"",""preview_head4_tail2"":""value=128""}]","{""length"":1000,""requested_dtype"":""INT32"",""sym"":false,""power"":2,""width"":128}","2ab8205e55747d102d7fdcd05fbcdfc1058648e02a6e35433b5269f0195b8041",,,,"FP64",,,,,,,,"PASS","OK"
"stage08","stage08_input_preview_b01_general_gaussian_8b745f9a6864","formal","input_preview","runs/stage08_input_preview_b01_general_gaussian_8b745f9a6864/formal/20260810T082123Z_8b745f9a6864_stage08_b01_formal_a1030010/operator_input_evidence_general_gaussian_not_applicable_20260810T082123Z_8b745f9a6864_stage08_b01_formal_a1030010.csv","20260810T082123Z_8b745f9a6864_stage08_b01_formal_a1030010","general_gaussian__general_gaussian_int32_10e3__2ab8205e55747d10__periodic","general_gaussian",,,,,,,,,,,,,,,"window_positions","[1000]","INDEX_INT64","1000","implicit_window_index_domain(no_materialized_array)","i=0:position=0;i=1:position=1;i=2:position=2;i=3:position=3;i=998:position=998;i=999:position=999","PASS","OK"
"stage08","stage08_input_preview_b01_general_gaussian_8b745f9a6864","formal","input_preview","runs/stage08_input_preview_b01_general_gaussian_8b745f9a6864/formal/20260810T082123Z_8b745f9a6864_stage08_b01_formal_a1030010/operator_input_evidence_general_gaussian_not_applicable_20260810T082123Z_8b745f9a6864_stage08_b01_formal_a1030010.csv","20260810T082123Z_8b745f9a6864_stage08_b01_formal_a1030010","general_gaussian__general_gaussian_int32_10e3__2ab8205e55747d10__periodic","general_gaussian",,,,,,,,,,,,,,,"power","scalar","INT32","1","exact_config_scalar","value=2","PASS","OK"
"stage08","stage08_input_preview_b01_general_gaussian_8b745f9a6864","formal","input_preview","runs/stage08_input_preview_b01_general_gaussian_8b745f9a6864/formal/20260810T082123Z_8b745f9a6864_stage08_b01_formal_a1030010/operator_input_evidence_general_gaussian_not_applicable_20260810T082123Z_8b745f9a6864_stage08_b01_formal_a1030010.csv","20260810T082123Z_8b745f9a6864_stage08_b01_formal_a1030010","general_gaussian__general_gaussian_int32_10e3__2ab8205e55747d10__periodic","general_gaussian",,,,,,,,,,,,,,,"width","scalar","INT32","1","exact_config_scalar","value=128","PASS","OK"
"stage08","stage08_input_preview_b01_general_gaussian_8b745f9a6864","formal","dtype_and_input_contract","runs/stage08_input_preview_b01_general_gaussian_8b745f9a6864/formal/20260810T082123Z_8b745f9a6864_stage08_b01_formal_a1030011/operator_dtype_evidence_general_gaussian_not_applicable_20260810T082123Z_8b745f9a6864_stage08_b01_formal_a1030011.csv","20260810T082123Z_8b745f9a6864_stage08_b01_formal_a1030011","general_gaussian__general_gaussian_int32_10e4__c35f5b65eaf07102__sym","general_gaussian","INT32","INT32","actual_typed_scalar_inputs","2","length:INT32=10000|sym:BOOL=true|power:INT32:bytes=02000000|width:INT32:bytes=00080000",,"[{""input_name"":""window_positions"",""shape"":""[10000]"",""dtype"":""INDEX_INT64"",""element_count"":""10000"",""generator"":""implicit_window_index_domain(no_materialized_array)"",""preview_head4_tail2"":""i=0:position=0;i=1:position=1;i=2:position=2;i=3:position=3;i=9998:position=9998;i=9999:position=9999""},{""input_name"":""power"",""shape"":""scalar"",""dtype"":""INT32"",""element_count"":""1"",""generator"":""exact_config_scalar"",""preview_head4_tail2"":""value=2""},{""input_name"":""width"",""shape"":""scalar"",""dtype"":""INT32"",""element_count"":""1"",""generator"":""exact_config_scalar"",""preview_head4_tail2"":""value=2048""}]","{""length"":10000,""requested_dtype"":""INT32"",""sym"":true,""power"":2,""width"":2048}","c35f5b65eaf07102d8b6a59740873600859d855295acdd17afebb0463c9469cd",,,,"FP64",,,,,,,,"PASS","OK"
"stage08","stage08_input_preview_b01_general_gaussian_8b745f9a6864","formal","input_preview","runs/stage08_input_preview_b01_general_gaussian_8b745f9a6864/formal/20260810T082123Z_8b745f9a6864_stage08_b01_formal_a1030011/operator_input_evidence_general_gaussian_not_applicable_20260810T082123Z_8b745f9a6864_stage08_b01_formal_a1030011.csv","20260810T082123Z_8b745f9a6864_stage08_b01_formal_a1030011","general_gaussian__general_gaussian_int32_10e4__c35f5b65eaf07102__sym","general_gaussian",,,,,,,,,,,,,,,"window_positions","[10000]","INDEX_INT64","10000","implicit_window_index_domain(no_materialized_array)","i=0:position=0;i=1:position=1;i=2:position=2;i=3:position=3;i=9998:position=9998;i=9999:position=9999","PASS","OK"
"stage08","stage08_input_preview_b01_general_gaussian_8b745f9a6864","formal","input_preview","runs/stage08_input_preview_b01_general_gaussian_8b745f9a6864/formal/20260810T082123Z_8b745f9a6864_stage08_b01_formal_a1030011/operator_input_evidence_general_gaussian_not_applicable_20260810T082123Z_8b745f9a6864_stage08_b01_formal_a1030011.csv","20260810T082123Z_8b745f9a6864_stage08_b01_formal_a1030011","general_gaussian__general_gaussian_int32_10e4__c35f5b65eaf07102__sym","general_gaussian",,,,,,,,,,,,,,,"power","scalar","INT32","1","exact_config_scalar","value=2","PASS","OK"
"stage08","stage08_input_preview_b01_general_gaussian_8b745f9a6864","formal","input_preview","runs/stage08_input_preview_b01_general_gaussian_8b745f9a6864/formal/20260810T082123Z_8b745f9a6864_stage08_b01_formal_a1030011/operator_input_evidence_general_gaussian_not_applicable_20260810T082123Z_8b745f9a6864_stage08_b01_formal_a1030011.csv","20260810T082123Z_8b745f9a6864_stage08_b01_formal_a1030011","general_gaussian__general_gaussian_int32_10e4__c35f5b65eaf07102__sym","general_gaussian",,,,,,,,,,,,,,,"width","scalar","INT32","1","exact_config_scalar","value=2048","PASS","OK"
"stage08","stage08_input_preview_b01_general_gaussian_8b745f9a6864","formal","dtype_and_input_contract","runs/stage08_input_preview_b01_general_gaussian_8b745f9a6864/formal/20260810T082123Z_8b745f9a6864_stage08_b01_formal_a1030012/operator_dtype_evidence_general_gaussian_not_applicable_20260810T082123Z_8b745f9a6864_stage08_b01_formal_a1030012.csv","20260810T082123Z_8b745f9a6864_stage08_b01_formal_a1030012","general_gaussian__general_gaussian_int32_10e4__6acdde2b2e355a96__periodic","general_gaussian","INT32","INT32","actual_typed_scalar_inputs","2","length:INT32=10000|sym:BOOL=false|power:INT32:bytes=02000000|width:INT32:bytes=00080000",,"[{""input_name"":""window_positions"",""shape"":""[10000]"",""dtype"":""INDEX_INT64"",""element_count"":""10000"",""generator"":""implicit_window_index_domain(no_materialized_array)"",""preview_head4_tail2"":""i=0:position=0;i=1:position=1;i=2:position=2;i=3:position=3;i=9998:position=9998;i=9999:position=9999""},{""input_name"":""power"",""shape"":""scalar"",""dtype"":""INT32"",""element_count"":""1"",""generator"":""exact_config_scalar"",""preview_head4_tail2"":""value=2""},{""input_name"":""width"",""shape"":""scalar"",""dtype"":""INT32"",""element_count"":""1"",""generator"":""exact_config_scalar"",""preview_head4_tail2"":""value=2048""}]","{""length"":10000,""requested_dtype"":""INT32"",""sym"":false,""power"":2,""width"":2048}","6acdde2b2e355a9601ead0f98fb54db2f7b6192c989aedaf69a07d6128819053",,,,"FP64",,,,,,,,"PASS","OK"
"stage08","stage08_input_preview_b01_general_gaussian_8b745f9a6864","formal","input_preview","runs/stage08_input_preview_b01_general_gaussian_8b745f9a6864/formal/20260810T082123Z_8b745f9a6864_stage08_b01_formal_a1030012/operator_input_evidence_general_gaussian_not_applicable_20260810T082123Z_8b745f9a6864_stage08_b01_formal_a1030012.csv","20260810T082123Z_8b745f9a6864_stage08_b01_formal_a1030012","general_gaussian__general_gaussian_int32_10e4__6acdde2b2e355a96__periodic","general_gaussian",,,,,,,,,,,,,,,"window_positions","[10000]","INDEX_INT64","10000","implicit_window_index_domain(no_materialized_array)","i=0:position=0;i=1:position=1;i=2:position=2;i=3:position=3;i=9998:position=9998;i=9999:position=9999","PASS","OK"
"stage08","stage08_input_preview_b01_general_gaussian_8b745f9a6864","formal","input_preview","runs/stage08_input_preview_b01_general_gaussian_8b745f9a6864/formal/20260810T082123Z_8b745f9a6864_stage08_b01_formal_a1030012/operator_input_evidence_general_gaussian_not_applicable_20260810T082123Z_8b745f9a6864_stage08_b01_formal_a1030012.csv","20260810T082123Z_8b745f9a6864_stage08_b01_formal_a1030012","general_gaussian__general_gaussian_int32_10e4__6acdde2b2e355a96__periodic","general_gaussian",,,,,,,,,,,,,,,"power","scalar","INT32","1","exact_config_scalar","value=2","PASS","OK"
"stage08","stage08_input_preview_b01_general_gaussian_8b745f9a6864","formal","input_preview","runs/stage08_input_preview_b01_general_gaussian_8b745f9a6864/formal/20260810T082123Z_8b745f9a6864_stage08_b01_formal_a1030012/operator_input_evidence_general_gaussian_not_applicable_20260810T082123Z_8b745f9a6864_stage08_b01_formal_a1030012.csv","20260810T082123Z_8b745f9a6864_stage08_b01_formal_a1030012","general_gaussian__general_gaussian_int32_10e4__6acdde2b2e355a96__periodic","general_gaussian",,,,,,,,,,,,,,,"width","scalar","INT32","1","exact_config_scalar","value=2048","PASS","OK"
"stage08","stage08_input_preview_b01_general_gaussian_8b745f9a6864","formal","dtype_and_input_contract","runs/stage08_input_preview_b01_general_gaussian_8b745f9a6864/formal/20260810T082123Z_8b745f9a6864_stage08_b01_formal_a1030013/operator_dtype_evidence_general_gaussian_not_applicable_20260810T082123Z_8b745f9a6864_stage08_b01_formal_a1030013.csv","20260810T082123Z_8b745f9a6864_stage08_b01_formal_a1030013","general_gaussian__general_gaussian_int16_10e2__9460e38edceb9354__sym","general_gaussian","INT16","INT16","actual_typed_scalar_inputs","2","length:INT32=100|sym:BOOL=true|power:INT16:bytes=0200|width:INT16:bytes=1000",,"[{""input_name"":""window_positions"",""shape"":""[100]"",""dtype"":""INDEX_INT64"",""element_count"":""100"",""generator"":""implicit_window_index_domain(no_materialized_array)"",""preview_head4_tail2"":""i=0:position=0;i=1:position=1;i=2:position=2;i=3:position=3;i=98:position=98;i=99:position=99""},{""input_name"":""power"",""shape"":""scalar"",""dtype"":""INT16"",""element_count"":""1"",""generator"":""exact_config_scalar"",""preview_head4_tail2"":""value=2""},{""input_name"":""width"",""shape"":""scalar"",""dtype"":""INT16"",""element_count"":""1"",""generator"":""exact_config_scalar"",""preview_head4_tail2"":""value=16""}]","{""length"":100,""requested_dtype"":""INT16"",""sym"":true,""power"":2,""width"":16}","9460e38edceb93545ff18a26bac4e8125c408a06d8e80486c8c6d9d187dc6f81",,,,"FP64",,,,,,,,"PASS","OK"
"stage08","stage08_input_preview_b01_general_gaussian_8b745f9a6864","formal","input_preview","runs/stage08_input_preview_b01_general_gaussian_8b745f9a6864/formal/20260810T082123Z_8b745f9a6864_stage08_b01_formal_a1030013/operator_input_evidence_general_gaussian_not_applicable_20260810T082123Z_8b745f9a6864_stage08_b01_formal_a1030013.csv","20260810T082123Z_8b745f9a6864_stage08_b01_formal_a1030013","general_gaussian__general_gaussian_int16_10e2__9460e38edceb9354__sym","general_gaussian",,,,,,,,,,,,,,,"window_positions","[100]","INDEX_INT64","100","implicit_window_index_domain(no_materialized_array)","i=0:position=0;i=1:position=1;i=2:position=2;i=3:position=3;i=98:position=98;i=99:position=99","PASS","OK"
"stage08","stage08_input_preview_b01_general_gaussian_8b745f9a6864","formal","input_preview","runs/stage08_input_preview_b01_general_gaussian_8b745f9a6864/formal/20260810T082123Z_8b745f9a6864_stage08_b01_formal_a1030013/operator_input_evidence_general_gaussian_not_applicable_20260810T082123Z_8b745f9a6864_stage08_b01_formal_a1030013.csv","20260810T082123Z_8b745f9a6864_stage08_b01_formal_a1030013","general_gaussian__general_gaussian_int16_10e2__9460e38edceb9354__sym","general_gaussian",,,,,,,,,,,,,,,"power","scalar","INT16","1","exact_config_scalar","value=2","PASS","OK"
"stage08","stage08_input_preview_b01_general_gaussian_8b745f9a6864","formal","input_preview","runs/stage08_input_preview_b01_general_gaussian_8b745f9a6864/formal/20260810T082123Z_8b745f9a6864_stage08_b01_formal_a1030013/operator_input_evidence_general_gaussian_not_applicable_20260810T082123Z_8b745f9a6864_stage08_b01_formal_a1030013.csv","20260810T082123Z_8b745f9a6864_stage08_b01_formal_a1030013","general_gaussian__general_gaussian_int16_10e2__9460e38edceb9354__sym","general_gaussian",,,,,,,,,,,,,,,"width","scalar","INT16","1","exact_config_scalar","value=16","PASS","OK"
"stage08","stage08_input_preview_b01_general_gaussian_8b745f9a6864","formal","dtype_and_input_contract","runs/stage08_input_preview_b01_general_gaussian_8b745f9a6864/formal/20260810T082123Z_8b745f9a6864_stage08_b01_formal_a1030014/operator_dtype_evidence_general_gaussian_not_applicable_20260810T082123Z_8b745f9a6864_stage08_b01_formal_a1030014.csv","20260810T082123Z_8b745f9a6864_stage08_b01_formal_a1030014","general_gaussian__general_gaussian_int16_10e2__d741e1b8c6e10aa4__periodic","general_gaussian","INT16","INT16","actual_typed_scalar_inputs","2","length:INT32=100|sym:BOOL=false|power:INT16:bytes=0200|width:INT16:bytes=1000",,"[{""input_name"":""window_positions"",""shape"":""[100]"",""dtype"":""INDEX_INT64"",""element_count"":""100"",""generator"":""implicit_window_index_domain(no_materialized_array)"",""preview_head4_tail2"":""i=0:position=0;i=1:position=1;i=2:position=2;i=3:position=3;i=98:position=98;i=99:position=99""},{""input_name"":""power"",""shape"":""scalar"",""dtype"":""INT16"",""element_count"":""1"",""generator"":""exact_config_scalar"",""preview_head4_tail2"":""value=2""},{""input_name"":""width"",""shape"":""scalar"",""dtype"":""INT16"",""element_count"":""1"",""generator"":""exact_config_scalar"",""preview_head4_tail2"":""value=16""}]","{""length"":100,""requested_dtype"":""INT16"",""sym"":false,""power"":2,""width"":16}","d741e1b8c6e10aa47724f824c9b7cc640998fa05eea3bbb1005564a0687cdd20",,,,"FP64",,,,,,,,"PASS","OK"
"stage08","stage08_input_preview_b01_general_gaussian_8b745f9a6864","formal","input_preview","runs/stage08_input_preview_b01_general_gaussian_8b745f9a6864/formal/20260810T082123Z_8b745f9a6864_stage08_b01_formal_a1030014/operator_input_evidence_general_gaussian_not_applicable_20260810T082123Z_8b745f9a6864_stage08_b01_formal_a1030014.csv","20260810T082123Z_8b745f9a6864_stage08_b01_formal_a1030014","general_gaussian__general_gaussian_int16_10e2__d741e1b8c6e10aa4__periodic","general_gaussian",,,,,,,,,,,,,,,"window_positions","[100]","INDEX_INT64","100","implicit_window_index_domain(no_materialized_array)","i=0:position=0;i=1:position=1;i=2:position=2;i=3:position=3;i=98:position=98;i=99:position=99","PASS","OK"
"stage08","stage08_input_preview_b01_general_gaussian_8b745f9a6864","formal","input_preview","runs/stage08_input_preview_b01_general_gaussian_8b745f9a6864/formal/20260810T082123Z_8b745f9a6864_stage08_b01_formal_a1030014/operator_input_evidence_general_gaussian_not_applicable_20260810T082123Z_8b745f9a6864_stage08_b01_formal_a1030014.csv","20260810T082123Z_8b745f9a6864_stage08_b01_formal_a1030014","general_gaussian__general_gaussian_int16_10e2__d741e1b8c6e10aa4__periodic","general_gaussian",,,,,,,,,,,,,,,"power","scalar","INT16","1","exact_config_scalar","value=2","PASS","OK"
"stage08","stage08_input_preview_b01_general_gaussian_8b745f9a6864","formal","input_preview","runs/stage08_input_preview_b01_general_gaussian_8b745f9a6864/formal/20260810T082123Z_8b745f9a6864_stage08_b01_formal_a1030014/operator_input_evidence_general_gaussian_not_applicable_20260810T082123Z_8b745f9a6864_stage08_b01_formal_a1030014.csv","20260810T082123Z_8b745f9a6864_stage08_b01_formal_a1030014","general_gaussian__general_gaussian_int16_10e2__d741e1b8c6e10aa4__periodic","general_gaussian",,,,,,,,,,,,,,,"width","scalar","INT16","1","exact_config_scalar","value=16","PASS","OK"
"stage08","stage08_input_preview_b01_general_gaussian_8b745f9a6864","formal","dtype_and_input_contract","runs/stage08_input_preview_b01_general_gaussian_8b745f9a6864/formal/20260810T082123Z_8b745f9a6864_stage08_b01_formal_a1030015/operator_dtype_evidence_general_gaussian_not_applicable_20260810T082123Z_8b745f9a6864_stage08_b01_formal_a1030015.csv","20260810T082123Z_8b745f9a6864_stage08_b01_formal_a1030015","general_gaussian__general_gaussian_int16_10e3__ee307b618ba510db__sym","general_gaussian","INT16","INT16","actual_typed_scalar_inputs","2","length:INT32=1000|sym:BOOL=true|power:INT16:bytes=0200|width:INT16:bytes=8000",,"[{""input_name"":""window_positions"",""shape"":""[1000]"",""dtype"":""INDEX_INT64"",""element_count"":""1000"",""generator"":""implicit_window_index_domain(no_materialized_array)"",""preview_head4_tail2"":""i=0:position=0;i=1:position=1;i=2:position=2;i=3:position=3;i=998:position=998;i=999:position=999""},{""input_name"":""power"",""shape"":""scalar"",""dtype"":""INT16"",""element_count"":""1"",""generator"":""exact_config_scalar"",""preview_head4_tail2"":""value=2""},{""input_name"":""width"",""shape"":""scalar"",""dtype"":""INT16"",""element_count"":""1"",""generator"":""exact_config_scalar"",""preview_head4_tail2"":""value=128""}]","{""length"":1000,""requested_dtype"":""INT16"",""sym"":true,""power"":2,""width"":128}","ee307b618ba510dbfa4ff3def4e119e680639c15dce1b6e3360a752a25951021",,,,"FP64",,,,,,,,"PASS","OK"
"stage08","stage08_input_preview_b01_general_gaussian_8b745f9a6864","formal","input_preview","runs/stage08_input_preview_b01_general_gaussian_8b745f9a6864/formal/20260810T082123Z_8b745f9a6864_stage08_b01_formal_a1030015/operator_input_evidence_general_gaussian_not_applicable_20260810T082123Z_8b745f9a6864_stage08_b01_formal_a1030015.csv","20260810T082123Z_8b745f9a6864_stage08_b01_formal_a1030015","general_gaussian__general_gaussian_int16_10e3__ee307b618ba510db__sym","general_gaussian",,,,,,,,,,,,,,,"window_positions","[1000]","INDEX_INT64","1000","implicit_window_index_domain(no_materialized_array)","i=0:position=0;i=1:position=1;i=2:position=2;i=3:position=3;i=998:position=998;i=999:position=999","PASS","OK"
"stage08","stage08_input_preview_b01_general_gaussian_8b745f9a6864","formal","input_preview","runs/stage08_input_preview_b01_general_gaussian_8b745f9a6864/formal/20260810T082123Z_8b745f9a6864_stage08_b01_formal_a1030015/operator_input_evidence_general_gaussian_not_applicable_20260810T082123Z_8b745f9a6864_stage08_b01_formal_a1030015.csv","20260810T082123Z_8b745f9a6864_stage08_b01_formal_a1030015","general_gaussian__general_gaussian_int16_10e3__ee307b618ba510db__sym","general_gaussian",,,,,,,,,,,,,,,"power","scalar","INT16","1","exact_config_scalar","value=2","PASS","OK"
"stage08","stage08_input_preview_b01_general_gaussian_8b745f9a6864","formal","input_preview","runs/stage08_input_preview_b01_general_gaussian_8b745f9a6864/formal/20260810T082123Z_8b745f9a6864_stage08_b01_formal_a1030015/operator_input_evidence_general_gaussian_not_applicable_20260810T082123Z_8b745f9a6864_stage08_b01_formal_a1030015.csv","20260810T082123Z_8b745f9a6864_stage08_b01_formal_a1030015","general_gaussian__general_gaussian_int16_10e3__ee307b618ba510db__sym","general_gaussian",,,,,,,,,,,,,,,"width","scalar","INT16","1","exact_config_scalar","value=128","PASS","OK"
"stage08","stage08_input_preview_b01_general_gaussian_8b745f9a6864","formal","dtype_and_input_contract","runs/stage08_input_preview_b01_general_gaussian_8b745f9a6864/formal/20260810T082123Z_8b745f9a6864_stage08_b01_formal_a1030016/operator_dtype_evidence_general_gaussian_not_applicable_20260810T082123Z_8b745f9a6864_stage08_b01_formal_a1030016.csv","20260810T082123Z_8b745f9a6864_stage08_b01_formal_a1030016","general_gaussian__general_gaussian_int16_10e3__b3aa640507c3fe75__periodic","general_gaussian","INT16","INT16","actual_typed_scalar_inputs","2","length:INT32=1000|sym:BOOL=false|power:INT16:bytes=0200|width:INT16:bytes=8000",,"[{""input_name"":""window_positions"",""shape"":""[1000]"",""dtype"":""INDEX_INT64"",""element_count"":""1000"",""generator"":""implicit_window_index_domain(no_materialized_array)"",""preview_head4_tail2"":""i=0:position=0;i=1:position=1;i=2:position=2;i=3:position=3;i=998:position=998;i=999:position=999""},{""input_name"":""power"",""shape"":""scalar"",""dtype"":""INT16"",""element_count"":""1"",""generator"":""exact_config_scalar"",""preview_head4_tail2"":""value=2""},{""input_name"":""width"",""shape"":""scalar"",""dtype"":""INT16"",""element_count"":""1"",""generator"":""exact_config_scalar"",""preview_head4_tail2"":""value=128""}]","{""length"":1000,""requested_dtype"":""INT16"",""sym"":false,""power"":2,""width"":128}","b3aa640507c3fe751b9d0a48b892f1af5aa6dbeb019c06540f7a372241d7445f",,,,"FP64",,,,,,,,"PASS","OK"
"stage08","stage08_input_preview_b01_general_gaussian_8b745f9a6864","formal","input_preview","runs/stage08_input_preview_b01_general_gaussian_8b745f9a6864/formal/20260810T082123Z_8b745f9a6864_stage08_b01_formal_a1030016/operator_input_evidence_general_gaussian_not_applicable_20260810T082123Z_8b745f9a6864_stage08_b01_formal_a1030016.csv","20260810T082123Z_8b745f9a6864_stage08_b01_formal_a1030016","general_gaussian__general_gaussian_int16_10e3__b3aa640507c3fe75__periodic","general_gaussian",,,,,,,,,,,,,,,"window_positions","[1000]","INDEX_INT64","1000","implicit_window_index_domain(no_materialized_array)","i=0:position=0;i=1:position=1;i=2:position=2;i=3:position=3;i=998:position=998;i=999:position=999","PASS","OK"
"stage08","stage08_input_preview_b01_general_gaussian_8b745f9a6864","formal","input_preview","runs/stage08_input_preview_b01_general_gaussian_8b745f9a6864/formal/20260810T082123Z_8b745f9a6864_stage08_b01_formal_a1030016/operator_input_evidence_general_gaussian_not_applicable_20260810T082123Z_8b745f9a6864_stage08_b01_formal_a1030016.csv","20260810T082123Z_8b745f9a6864_stage08_b01_formal_a1030016","general_gaussian__general_gaussian_int16_10e3__b3aa640507c3fe75__periodic","general_gaussian",,,,,,,,,,,,,,,"power","scalar","INT16","1","exact_config_scalar","value=2","PASS","OK"
"stage08","stage08_input_preview_b01_general_gaussian_8b745f9a6864","formal","input_preview","runs/stage08_input_preview_b01_general_gaussian_8b745f9a6864/formal/20260810T082123Z_8b745f9a6864_stage08_b01_formal_a1030016/operator_input_evidence_general_gaussian_not_applicable_20260810T082123Z_8b745f9a6864_stage08_b01_formal_a1030016.csv","20260810T082123Z_8b745f9a6864_stage08_b01_formal_a1030016","general_gaussian__general_gaussian_int16_10e3__b3aa640507c3fe75__periodic","general_gaussian",,,,,,,,,,,,,,,"width","scalar","INT16","1","exact_config_scalar","value=128","PASS","OK"
"stage08","stage08_input_preview_b01_general_gaussian_8b745f9a6864","formal","dtype_and_input_contract","runs/stage08_input_preview_b01_general_gaussian_8b745f9a6864/formal/20260810T082123Z_8b745f9a6864_stage08_b01_formal_a1030017/operator_dtype_evidence_general_gaussian_not_applicable_20260810T082123Z_8b745f9a6864_stage08_b01_formal_a1030017.csv","20260810T082123Z_8b745f9a6864_stage08_b01_formal_a1030017","general_gaussian__general_gaussian_int16_10e4__c36167e78ea45bb6__sym","general_gaussian","INT16","INT16","actual_typed_scalar_inputs","2","length:INT32=10000|sym:BOOL=true|power:INT16:bytes=0200|width:INT16:bytes=0008",,"[{""input_name"":""window_positions"",""shape"":""[10000]"",""dtype"":""INDEX_INT64"",""element_count"":""10000"",""generator"":""implicit_window_index_domain(no_materialized_array)"",""preview_head4_tail2"":""i=0:position=0;i=1:position=1;i=2:position=2;i=3:position=3;i=9998:position=9998;i=9999:position=9999""},{""input_name"":""power"",""shape"":""scalar"",""dtype"":""INT16"",""element_count"":""1"",""generator"":""exact_config_scalar"",""preview_head4_tail2"":""value=2""},{""input_name"":""width"",""shape"":""scalar"",""dtype"":""INT16"",""element_count"":""1"",""generator"":""exact_config_scalar"",""preview_head4_tail2"":""value=2048""}]","{""length"":10000,""requested_dtype"":""INT16"",""sym"":true,""power"":2,""width"":2048}","c36167e78ea45bb60f22a7915c1b7412ea4c987195c333e4077391e91736a3e0",,,,"FP64",,,,,,,,"PASS","OK"
"stage08","stage08_input_preview_b01_general_gaussian_8b745f9a6864","formal","input_preview","runs/stage08_input_preview_b01_general_gaussian_8b745f9a6864/formal/20260810T082123Z_8b745f9a6864_stage08_b01_formal_a1030017/operator_input_evidence_general_gaussian_not_applicable_20260810T082123Z_8b745f9a6864_stage08_b01_formal_a1030017.csv","20260810T082123Z_8b745f9a6864_stage08_b01_formal_a1030017","general_gaussian__general_gaussian_int16_10e4__c36167e78ea45bb6__sym","general_gaussian",,,,,,,,,,,,,,,"window_positions","[10000]","INDEX_INT64","10000","implicit_window_index_domain(no_materialized_array)","i=0:position=0;i=1:position=1;i=2:position=2;i=3:position=3;i=9998:position=9998;i=9999:position=9999","PASS","OK"
"stage08","stage08_input_preview_b01_general_gaussian_8b745f9a6864","formal","input_preview","runs/stage08_input_preview_b01_general_gaussian_8b745f9a6864/formal/20260810T082123Z_8b745f9a6864_stage08_b01_formal_a1030017/operator_input_evidence_general_gaussian_not_applicable_20260810T082123Z_8b745f9a6864_stage08_b01_formal_a1030017.csv","20260810T082123Z_8b745f9a6864_stage08_b01_formal_a1030017","general_gaussian__general_gaussian_int16_10e4__c36167e78ea45bb6__sym","general_gaussian",,,,,,,,,,,,,,,"power","scalar","INT16","1","exact_config_scalar","value=2","PASS","OK"
"stage08","stage08_input_preview_b01_general_gaussian_8b745f9a6864","formal","input_preview","runs/stage08_input_preview_b01_general_gaussian_8b745f9a6864/formal/20260810T082123Z_8b745f9a6864_stage08_b01_formal_a1030017/operator_input_evidence_general_gaussian_not_applicable_20260810T082123Z_8b745f9a6864_stage08_b01_formal_a1030017.csv","20260810T082123Z_8b745f9a6864_stage08_b01_formal_a1030017","general_gaussian__general_gaussian_int16_10e4__c36167e78ea45bb6__sym","general_gaussian",,,,,,,,,,,,,,,"width","scalar","INT16","1","exact_config_scalar","value=2048","PASS","OK"
"stage08","stage08_input_preview_b01_general_gaussian_8b745f9a6864","formal","dtype_and_input_contract","runs/stage08_input_preview_b01_general_gaussian_8b745f9a6864/formal/20260810T082124Z_8b745f9a6864_stage08_b01_formal_a1030018/operator_dtype_evidence_general_gaussian_not_applicable_20260810T082124Z_8b745f9a6864_stage08_b01_formal_a1030018.csv","20260810T082124Z_8b745f9a6864_stage08_b01_formal_a1030018","general_gaussian__general_gaussian_int16_10e4__c5bf2661af588f30__periodic","general_gaussian","INT16","INT16","actual_typed_scalar_inputs","2","length:INT32=10000|sym:BOOL=false|power:INT16:bytes=0200|width:INT16:bytes=0008",,"[{""input_name"":""window_positions"",""shape"":""[10000]"",""dtype"":""INDEX_INT64"",""element_count"":""10000"",""generator"":""implicit_window_index_domain(no_materialized_array)"",""preview_head4_tail2"":""i=0:position=0;i=1:position=1;i=2:position=2;i=3:position=3;i=9998:position=9998;i=9999:position=9999""},{""input_name"":""power"",""shape"":""scalar"",""dtype"":""INT16"",""element_count"":""1"",""generator"":""exact_config_scalar"",""preview_head4_tail2"":""value=2""},{""input_name"":""width"",""shape"":""scalar"",""dtype"":""INT16"",""element_count"":""1"",""generator"":""exact_config_scalar"",""preview_head4_tail2"":""value=2048""}]","{""length"":10000,""requested_dtype"":""INT16"",""sym"":false,""power"":2,""width"":2048}","c5bf2661af588f300ff07343e21cc17890e711c8381f948eb5af3eb6e8708c93",,,,"FP64",,,,,,,,"PASS","OK"
"stage08","stage08_input_preview_b01_general_gaussian_8b745f9a6864","formal","input_preview","runs/stage08_input_preview_b01_general_gaussian_8b745f9a6864/formal/20260810T082124Z_8b745f9a6864_stage08_b01_formal_a1030018/operator_input_evidence_general_gaussian_not_applicable_20260810T082124Z_8b745f9a6864_stage08_b01_formal_a1030018.csv","20260810T082124Z_8b745f9a6864_stage08_b01_formal_a1030018","general_gaussian__general_gaussian_int16_10e4__c5bf2661af588f30__periodic","general_gaussian",,,,,,,,,,,,,,,"window_positions","[10000]","INDEX_INT64","10000","implicit_window_index_domain(no_materialized_array)","i=0:position=0;i=1:position=1;i=2:position=2;i=3:position=3;i=9998:position=9998;i=9999:position=9999","PASS","OK"
"stage08","stage08_input_preview_b01_general_gaussian_8b745f9a6864","formal","input_preview","runs/stage08_input_preview_b01_general_gaussian_8b745f9a6864/formal/20260810T082124Z_8b745f9a6864_stage08_b01_formal_a1030018/operator_input_evidence_general_gaussian_not_applicable_20260810T082124Z_8b745f9a6864_stage08_b01_formal_a1030018.csv","20260810T082124Z_8b745f9a6864_stage08_b01_formal_a1030018","general_gaussian__general_gaussian_int16_10e4__c5bf2661af588f30__periodic","general_gaussian",,,,,,,,,,,,,,,"power","scalar","INT16","1","exact_config_scalar","value=2","PASS","OK"
"stage08","stage08_input_preview_b01_general_gaussian_8b745f9a6864","formal","input_preview","runs/stage08_input_preview_b01_general_gaussian_8b745f9a6864/formal/20260810T082124Z_8b745f9a6864_stage08_b01_formal_a1030018/operator_input_evidence_general_gaussian_not_applicable_20260810T082124Z_8b745f9a6864_stage08_b01_formal_a1030018.csv","20260810T082124Z_8b745f9a6864_stage08_b01_formal_a1030018","general_gaussian__general_gaussian_int16_10e4__c5bf2661af588f30__periodic","general_gaussian",,,,,,,,,,,,,,,"width","scalar","INT16","1","exact_config_scalar","value=2048","PASS","OK"
"stage08","stage08_input_preview_b01_general_gaussian_8b745f9a6864","formal","dtype_and_input_contract","runs/stage08_input_preview_b01_general_gaussian_8b745f9a6864/formal/20260810T082124Z_8b745f9a6864_stage08_b01_formal_a1030019/operator_dtype_evidence_general_gaussian_not_applicable_20260810T082124Z_8b745f9a6864_stage08_b01_formal_a1030019.csv","20260810T082124Z_8b745f9a6864_stage08_b01_formal_a1030019","general_gaussian__general_gaussian_int8_10e2__7ec7b619afd9b3b3__sym","general_gaussian","INT8","INT8","actual_typed_scalar_inputs","2","length:INT32=100|sym:BOOL=true|power:INT8:bytes=02|width:INT8:bytes=10",,"[{""input_name"":""window_positions"",""shape"":""[100]"",""dtype"":""INDEX_INT64"",""element_count"":""100"",""generator"":""implicit_window_index_domain(no_materialized_array)"",""preview_head4_tail2"":""i=0:position=0;i=1:position=1;i=2:position=2;i=3:position=3;i=98:position=98;i=99:position=99""},{""input_name"":""power"",""shape"":""scalar"",""dtype"":""INT8"",""element_count"":""1"",""generator"":""exact_config_scalar"",""preview_head4_tail2"":""value=2""},{""input_name"":""width"",""shape"":""scalar"",""dtype"":""INT8"",""element_count"":""1"",""generator"":""exact_config_scalar"",""preview_head4_tail2"":""value=16""}]","{""length"":100,""requested_dtype"":""INT8"",""sym"":true,""power"":2,""width"":16}","7ec7b619afd9b3b3c3922a3b2694f332c0fc75a60cc0809c53ca0da9a65468b0",,,,"FP64",,,,,,,,"PASS","OK"
"stage08","stage08_input_preview_b01_general_gaussian_8b745f9a6864","formal","input_preview","runs/stage08_input_preview_b01_general_gaussian_8b745f9a6864/formal/20260810T082124Z_8b745f9a6864_stage08_b01_formal_a1030019/operator_input_evidence_general_gaussian_not_applicable_20260810T082124Z_8b745f9a6864_stage08_b01_formal_a1030019.csv","20260810T082124Z_8b745f9a6864_stage08_b01_formal_a1030019","general_gaussian__general_gaussian_int8_10e2__7ec7b619afd9b3b3__sym","general_gaussian",,,,,,,,,,,,,,,"window_positions","[100]","INDEX_INT64","100","implicit_window_index_domain(no_materialized_array)","i=0:position=0;i=1:position=1;i=2:position=2;i=3:position=3;i=98:position=98;i=99:position=99","PASS","OK"
"stage08","stage08_input_preview_b01_general_gaussian_8b745f9a6864","formal","input_preview","runs/stage08_input_preview_b01_general_gaussian_8b745f9a6864/formal/20260810T082124Z_8b745f9a6864_stage08_b01_formal_a1030019/operator_input_evidence_general_gaussian_not_applicable_20260810T082124Z_8b745f9a6864_stage08_b01_formal_a1030019.csv","20260810T082124Z_8b745f9a6864_stage08_b01_formal_a1030019","general_gaussian__general_gaussian_int8_10e2__7ec7b619afd9b3b3__sym","general_gaussian",,,,,,,,,,,,,,,"power","scalar","INT8","1","exact_config_scalar","value=2","PASS","OK"
"stage08","stage08_input_preview_b01_general_gaussian_8b745f9a6864","formal","input_preview","runs/stage08_input_preview_b01_general_gaussian_8b745f9a6864/formal/20260810T082124Z_8b745f9a6864_stage08_b01_formal_a1030019/operator_input_evidence_general_gaussian_not_applicable_20260810T082124Z_8b745f9a6864_stage08_b01_formal_a1030019.csv","20260810T082124Z_8b745f9a6864_stage08_b01_formal_a1030019","general_gaussian__general_gaussian_int8_10e2__7ec7b619afd9b3b3__sym","general_gaussian",,,,,,,,,,,,,,,"width","scalar","INT8","1","exact_config_scalar","value=16","PASS","OK"
"stage08","stage08_input_preview_b01_general_gaussian_8b745f9a6864","formal","dtype_and_input_contract","runs/stage08_input_preview_b01_general_gaussian_8b745f9a6864/formal/20260810T082124Z_8b745f9a6864_stage08_b01_formal_a103001a/operator_dtype_evidence_general_gaussian_not_applicable_20260810T082124Z_8b745f9a6864_stage08_b01_formal_a103001a.csv","20260810T082124Z_8b745f9a6864_stage08_b01_formal_a103001a","general_gaussian__general_gaussian_int8_10e2__4794fd005d76b8b0__periodic","general_gaussian","INT8","INT8","actual_typed_scalar_inputs","2","length:INT32=100|sym:BOOL=false|power:INT8:bytes=02|width:INT8:bytes=10",,"[{""input_name"":""window_positions"",""shape"":""[100]"",""dtype"":""INDEX_INT64"",""element_count"":""100"",""generator"":""implicit_window_index_domain(no_materialized_array)"",""preview_head4_tail2"":""i=0:position=0;i=1:position=1;i=2:position=2;i=3:position=3;i=98:position=98;i=99:position=99""},{""input_name"":""power"",""shape"":""scalar"",""dtype"":""INT8"",""element_count"":""1"",""generator"":""exact_config_scalar"",""preview_head4_tail2"":""value=2""},{""input_name"":""width"",""shape"":""scalar"",""dtype"":""INT8"",""element_count"":""1"",""generator"":""exact_config_scalar"",""preview_head4_tail2"":""value=16""}]","{""length"":100,""requested_dtype"":""INT8"",""sym"":false,""power"":2,""width"":16}","4794fd005d76b8b0fa93cccdc324617c9d08c54f085b600a28cd455bd8184583",,,,"FP64",,,,,,,,"PASS","OK"
"stage08","stage08_input_preview_b01_general_gaussian_8b745f9a6864","formal","input_preview","runs/stage08_input_preview_b01_general_gaussian_8b745f9a6864/formal/20260810T082124Z_8b745f9a6864_stage08_b01_formal_a103001a/operator_input_evidence_general_gaussian_not_applicable_20260810T082124Z_8b745f9a6864_stage08_b01_formal_a103001a.csv","20260810T082124Z_8b745f9a6864_stage08_b01_formal_a103001a","general_gaussian__general_gaussian_int8_10e2__4794fd005d76b8b0__periodic","general_gaussian",,,,,,,,,,,,,,,"window_positions","[100]","INDEX_INT64","100","implicit_window_index_domain(no_materialized_array)","i=0:position=0;i=1:position=1;i=2:position=2;i=3:position=3;i=98:position=98;i=99:position=99","PASS","OK"
"stage08","stage08_input_preview_b01_general_gaussian_8b745f9a6864","formal","input_preview","runs/stage08_input_preview_b01_general_gaussian_8b745f9a6864/formal/20260810T082124Z_8b745f9a6864_stage08_b01_formal_a103001a/operator_input_evidence_general_gaussian_not_applicable_20260810T082124Z_8b745f9a6864_stage08_b01_formal_a103001a.csv","20260810T082124Z_8b745f9a6864_stage08_b01_formal_a103001a","general_gaussian__general_gaussian_int8_10e2__4794fd005d76b8b0__periodic","general_gaussian",,,,,,,,,,,,,,,"power","scalar","INT8","1","exact_config_scalar","value=2","PASS","OK"
"stage08","stage08_input_preview_b01_general_gaussian_8b745f9a6864","formal","input_preview","runs/stage08_input_preview_b01_general_gaussian_8b745f9a6864/formal/20260810T082124Z_8b745f9a6864_stage08_b01_formal_a103001a/operator_input_evidence_general_gaussian_not_applicable_20260810T082124Z_8b745f9a6864_stage08_b01_formal_a103001a.csv","20260810T082124Z_8b745f9a6864_stage08_b01_formal_a103001a","general_gaussian__general_gaussian_int8_10e2__4794fd005d76b8b0__periodic","general_gaussian",,,,,,,,,,,,,,,"width","scalar","INT8","1","exact_config_scalar","value=16","PASS","OK"
"stage08","stage08_input_preview_b01_general_gaussian_8b745f9a6864","formal","dtype_and_input_contract","runs/stage08_input_preview_b01_general_gaussian_8b745f9a6864/formal/20260810T082124Z_8b745f9a6864_stage08_b01_formal_a103001b/operator_dtype_evidence_general_gaussian_not_applicable_20260810T082124Z_8b745f9a6864_stage08_b01_formal_a103001b.csv","20260810T082124Z_8b745f9a6864_stage08_b01_formal_a103001b","general_gaussian__general_gaussian_int8_10e3__6c20ceabea23cfc6__sym","general_gaussian","INT8","INT8","actual_typed_scalar_inputs","2","length:INT32=1000|sym:BOOL=true|power:INT8:bytes=02|width:INT8:bytes=40",,"[{""input_name"":""window_positions"",""shape"":""[1000]"",""dtype"":""INDEX_INT64"",""element_count"":""1000"",""generator"":""implicit_window_index_domain(no_materialized_array)"",""preview_head4_tail2"":""i=0:position=0;i=1:position=1;i=2:position=2;i=3:position=3;i=998:position=998;i=999:position=999""},{""input_name"":""power"",""shape"":""scalar"",""dtype"":""INT8"",""element_count"":""1"",""generator"":""exact_config_scalar"",""preview_head4_tail2"":""value=2""},{""input_name"":""width"",""shape"":""scalar"",""dtype"":""INT8"",""element_count"":""1"",""generator"":""exact_config_scalar"",""preview_head4_tail2"":""value=64""}]","{""length"":1000,""requested_dtype"":""INT8"",""sym"":true,""power"":2,""width"":64}","6c20ceabea23cfc62057b9b9cd8e83657cd43320b119d3dde9e68d86277cd40f",,,,"FP64",,,,,,,,"PASS","OK"
"stage08","stage08_input_preview_b01_general_gaussian_8b745f9a6864","formal","input_preview","runs/stage08_input_preview_b01_general_gaussian_8b745f9a6864/formal/20260810T082124Z_8b745f9a6864_stage08_b01_formal_a103001b/operator_input_evidence_general_gaussian_not_applicable_20260810T082124Z_8b745f9a6864_stage08_b01_formal_a103001b.csv","20260810T082124Z_8b745f9a6864_stage08_b01_formal_a103001b","general_gaussian__general_gaussian_int8_10e3__6c20ceabea23cfc6__sym","general_gaussian",,,,,,,,,,,,,,,"window_positions","[1000]","INDEX_INT64","1000","implicit_window_index_domain(no_materialized_array)","i=0:position=0;i=1:position=1;i=2:position=2;i=3:position=3;i=998:position=998;i=999:position=999","PASS","OK"
"stage08","stage08_input_preview_b01_general_gaussian_8b745f9a6864","formal","input_preview","runs/stage08_input_preview_b01_general_gaussian_8b745f9a6864/formal/20260810T082124Z_8b745f9a6864_stage08_b01_formal_a103001b/operator_input_evidence_general_gaussian_not_applicable_20260810T082124Z_8b745f9a6864_stage08_b01_formal_a103001b.csv","20260810T082124Z_8b745f9a6864_stage08_b01_formal_a103001b","general_gaussian__general_gaussian_int8_10e3__6c20ceabea23cfc6__sym","general_gaussian",,,,,,,,,,,,,,,"power","scalar","INT8","1","exact_config_scalar","value=2","PASS","OK"
"stage08","stage08_input_preview_b01_general_gaussian_8b745f9a6864","formal","input_preview","runs/stage08_input_preview_b01_general_gaussian_8b745f9a6864/formal/20260810T082124Z_8b745f9a6864_stage08_b01_formal_a103001b/operator_input_evidence_general_gaussian_not_applicable_20260810T082124Z_8b745f9a6864_stage08_b01_formal_a103001b.csv","20260810T082124Z_8b745f9a6864_stage08_b01_formal_a103001b","general_gaussian__general_gaussian_int8_10e3__6c20ceabea23cfc6__sym","general_gaussian",,,,,,,,,,,,,,,"width","scalar","INT8","1","exact_config_scalar","value=64","PASS","OK"
"stage08","stage08_input_preview_b01_general_gaussian_8b745f9a6864","formal","dtype_and_input_contract","runs/stage08_input_preview_b01_general_gaussian_8b745f9a6864/formal/20260810T082124Z_8b745f9a6864_stage08_b01_formal_a103001c/operator_dtype_evidence_general_gaussian_not_applicable_20260810T082124Z_8b745f9a6864_stage08_b01_formal_a103001c.csv","20260810T082124Z_8b745f9a6864_stage08_b01_formal_a103001c","general_gaussian__general_gaussian_int8_10e3__40fc220f97cf5f40__periodic","general_gaussian","INT8","INT8","actual_typed_scalar_inputs","2","length:INT32=1000|sym:BOOL=false|power:INT8:bytes=02|width:INT8:bytes=40",,"[{""input_name"":""window_positions"",""shape"":""[1000]"",""dtype"":""INDEX_INT64"",""element_count"":""1000"",""generator"":""implicit_window_index_domain(no_materialized_array)"",""preview_head4_tail2"":""i=0:position=0;i=1:position=1;i=2:position=2;i=3:position=3;i=998:position=998;i=999:position=999""},{""input_name"":""power"",""shape"":""scalar"",""dtype"":""INT8"",""element_count"":""1"",""generator"":""exact_config_scalar"",""preview_head4_tail2"":""value=2""},{""input_name"":""width"",""shape"":""scalar"",""dtype"":""INT8"",""element_count"":""1"",""generator"":""exact_config_scalar"",""preview_head4_tail2"":""value=64""}]","{""length"":1000,""requested_dtype"":""INT8"",""sym"":false,""power"":2,""width"":64}","40fc220f97cf5f40821c34700668db354a3ef2da34d79a2f053424018a0599a4",,,,"FP64",,,,,,,,"PASS","OK"
"stage08","stage08_input_preview_b01_general_gaussian_8b745f9a6864","formal","input_preview","runs/stage08_input_preview_b01_general_gaussian_8b745f9a6864/formal/20260810T082124Z_8b745f9a6864_stage08_b01_formal_a103001c/operator_input_evidence_general_gaussian_not_applicable_20260810T082124Z_8b745f9a6864_stage08_b01_formal_a103001c.csv","20260810T082124Z_8b745f9a6864_stage08_b01_formal_a103001c","general_gaussian__general_gaussian_int8_10e3__40fc220f97cf5f40__periodic","general_gaussian",,,,,,,,,,,,,,,"window_positions","[1000]","INDEX_INT64","1000","implicit_window_index_domain(no_materialized_array)","i=0:position=0;i=1:position=1;i=2:position=2;i=3:position=3;i=998:position=998;i=999:position=999","PASS","OK"
"stage08","stage08_input_preview_b01_general_gaussian_8b745f9a6864","formal","input_preview","runs/stage08_input_preview_b01_general_gaussian_8b745f9a6864/formal/20260810T082124Z_8b745f9a6864_stage08_b01_formal_a103001c/operator_input_evidence_general_gaussian_not_applicable_20260810T082124Z_8b745f9a6864_stage08_b01_formal_a103001c.csv","20260810T082124Z_8b745f9a6864_stage08_b01_formal_a103001c","general_gaussian__general_gaussian_int8_10e3__40fc220f97cf5f40__periodic","general_gaussian",,,,,,,,,,,,,,,"power","scalar","INT8","1","exact_config_scalar","value=2","PASS","OK"
"stage08","stage08_input_preview_b01_general_gaussian_8b745f9a6864","formal","input_preview","runs/stage08_input_preview_b01_general_gaussian_8b745f9a6864/formal/20260810T082124Z_8b745f9a6864_stage08_b01_formal_a103001c/operator_input_evidence_general_gaussian_not_applicable_20260810T082124Z_8b745f9a6864_stage08_b01_formal_a103001c.csv","20260810T082124Z_8b745f9a6864_stage08_b01_formal_a103001c","general_gaussian__general_gaussian_int8_10e3__40fc220f97cf5f40__periodic","general_gaussian",,,,,,,,,,,,,,,"width","scalar","INT8","1","exact_config_scalar","value=64","PASS","OK"
"stage08","stage08_input_preview_b01_general_gaussian_8b745f9a6864","formal","dtype_and_input_contract","runs/stage08_input_preview_b01_general_gaussian_8b745f9a6864/formal/20260810T082124Z_8b745f9a6864_stage08_b01_formal_a103001d/operator_dtype_evidence_general_gaussian_not_applicable_20260810T082124Z_8b745f9a6864_stage08_b01_formal_a103001d.csv","20260810T082124Z_8b745f9a6864_stage08_b01_formal_a103001d","general_gaussian__general_gaussian_int8_10e4__151b58dac73e7aef__sym","general_gaussian","INT8","INT8","actual_typed_scalar_inputs","2","length:INT32=10000|sym:BOOL=true|power:INT8:bytes=02|width:INT8:bytes=40",,"[{""input_name"":""window_positions"",""shape"":""[10000]"",""dtype"":""INDEX_INT64"",""element_count"":""10000"",""generator"":""implicit_window_index_domain(no_materialized_array)"",""preview_head4_tail2"":""i=0:position=0;i=1:position=1;i=2:position=2;i=3:position=3;i=9998:position=9998;i=9999:position=9999""},{""input_name"":""power"",""shape"":""scalar"",""dtype"":""INT8"",""element_count"":""1"",""generator"":""exact_config_scalar"",""preview_head4_tail2"":""value=2""},{""input_name"":""width"",""shape"":""scalar"",""dtype"":""INT8"",""element_count"":""1"",""generator"":""exact_config_scalar"",""preview_head4_tail2"":""value=64""}]","{""length"":10000,""requested_dtype"":""INT8"",""sym"":true,""power"":2,""width"":64}","151b58dac73e7aef30a9fd7a99de79a04ef3db255c3ace2e379e5ce1e62a61bb",,,,"FP64",,,,,,,,"PASS","OK"
"stage08","stage08_input_preview_b01_general_gaussian_8b745f9a6864","formal","input_preview","runs/stage08_input_preview_b01_general_gaussian_8b745f9a6864/formal/20260810T082124Z_8b745f9a6864_stage08_b01_formal_a103001d/operator_input_evidence_general_gaussian_not_applicable_20260810T082124Z_8b745f9a6864_stage08_b01_formal_a103001d.csv","20260810T082124Z_8b745f9a6864_stage08_b01_formal_a103001d","general_gaussian__general_gaussian_int8_10e4__151b58dac73e7aef__sym","general_gaussian",,,,,,,,,,,,,,,"window_positions","[10000]","INDEX_INT64","10000","implicit_window_index_domain(no_materialized_array)","i=0:position=0;i=1:position=1;i=2:position=2;i=3:position=3;i=9998:position=9998;i=9999:position=9999","PASS","OK"
"stage08","stage08_input_preview_b01_general_gaussian_8b745f9a6864","formal","input_preview","runs/stage08_input_preview_b01_general_gaussian_8b745f9a6864/formal/20260810T082124Z_8b745f9a6864_stage08_b01_formal_a103001d/operator_input_evidence_general_gaussian_not_applicable_20260810T082124Z_8b745f9a6864_stage08_b01_formal_a103001d.csv","20260810T082124Z_8b745f9a6864_stage08_b01_formal_a103001d","general_gaussian__general_gaussian_int8_10e4__151b58dac73e7aef__sym","general_gaussian",,,,,,,,,,,,,,,"power","scalar","INT8","1","exact_config_scalar","value=2","PASS","OK"
"stage08","stage08_input_preview_b01_general_gaussian_8b745f9a6864","formal","input_preview","runs/stage08_input_preview_b01_general_gaussian_8b745f9a6864/formal/20260810T082124Z_8b745f9a6864_stage08_b01_formal_a103001d/operator_input_evidence_general_gaussian_not_applicable_20260810T082124Z_8b745f9a6864_stage08_b01_formal_a103001d.csv","20260810T082124Z_8b745f9a6864_stage08_b01_formal_a103001d","general_gaussian__general_gaussian_int8_10e4__151b58dac73e7aef__sym","general_gaussian",,,,,,,,,,,,,,,"width","scalar","INT8","1","exact_config_scalar","value=64","PASS","OK"
"stage08","stage08_input_preview_b01_general_gaussian_8b745f9a6864","formal","dtype_and_input_contract","runs/stage08_input_preview_b01_general_gaussian_8b745f9a6864/formal/20260810T082124Z_8b745f9a6864_stage08_b01_formal_a103001e/operator_dtype_evidence_general_gaussian_not_applicable_20260810T082124Z_8b745f9a6864_stage08_b01_formal_a103001e.csv","20260810T082124Z_8b745f9a6864_stage08_b01_formal_a103001e","general_gaussian__general_gaussian_int8_10e4__89bd99f7d67f054d__periodic","general_gaussian","INT8","INT8","actual_typed_scalar_inputs","2","length:INT32=10000|sym:BOOL=false|power:INT8:bytes=02|width:INT8:bytes=40",,"[{""input_name"":""window_positions"",""shape"":""[10000]"",""dtype"":""INDEX_INT64"",""element_count"":""10000"",""generator"":""implicit_window_index_domain(no_materialized_array)"",""preview_head4_tail2"":""i=0:position=0;i=1:position=1;i=2:position=2;i=3:position=3;i=9998:position=9998;i=9999:position=9999""},{""input_name"":""power"",""shape"":""scalar"",""dtype"":""INT8"",""element_count"":""1"",""generator"":""exact_config_scalar"",""preview_head4_tail2"":""value=2""},{""input_name"":""width"",""shape"":""scalar"",""dtype"":""INT8"",""element_count"":""1"",""generator"":""exact_config_scalar"",""preview_head4_tail2"":""value=64""}]","{""length"":10000,""requested_dtype"":""INT8"",""sym"":false,""power"":2,""width"":64}","89bd99f7d67f054d4ab2a556718c89c530574584a396982d2bb0f73fac20a651",,,,"FP64",,,,,,,,"PASS","OK"
"stage08","stage08_input_preview_b01_general_gaussian_8b745f9a6864","formal","input_preview","runs/stage08_input_preview_b01_general_gaussian_8b745f9a6864/formal/20260810T082124Z_8b745f9a6864_stage08_b01_formal_a103001e/operator_input_evidence_general_gaussian_not_applicable_20260810T082124Z_8b745f9a6864_stage08_b01_formal_a103001e.csv","20260810T082124Z_8b745f9a6864_stage08_b01_formal_a103001e","general_gaussian__general_gaussian_int8_10e4__89bd99f7d67f054d__periodic","general_gaussian",,,,,,,,,,,,,,,"window_positions","[10000]","INDEX_INT64","10000","implicit_window_index_domain(no_materialized_array)","i=0:position=0;i=1:position=1;i=2:position=2;i=3:position=3;i=9998:position=9998;i=9999:position=9999","PASS","OK"
"stage08","stage08_input_preview_b01_general_gaussian_8b745f9a6864","formal","input_preview","runs/stage08_input_preview_b01_general_gaussian_8b745f9a6864/formal/20260810T082124Z_8b745f9a6864_stage08_b01_formal_a103001e/operator_input_evidence_general_gaussian_not_applicable_20260810T082124Z_8b745f9a6864_stage08_b01_formal_a103001e.csv","20260810T082124Z_8b745f9a6864_stage08_b01_formal_a103001e","general_gaussian__general_gaussian_int8_10e4__89bd99f7d67f054d__periodic","general_gaussian",,,,,,,,,,,,,,,"power","scalar","INT8","1","exact_config_scalar","value=2","PASS","OK"
"stage08","stage08_input_preview_b01_general_gaussian_8b745f9a6864","formal","input_preview","runs/stage08_input_preview_b01_general_gaussian_8b745f9a6864/formal/20260810T082124Z_8b745f9a6864_stage08_b01_formal_a103001e/operator_input_evidence_general_gaussian_not_applicable_20260810T082124Z_8b745f9a6864_stage08_b01_formal_a103001e.csv","20260810T082124Z_8b745f9a6864_stage08_b01_formal_a103001e","general_gaussian__general_gaussian_int8_10e4__89bd99f7d67f054d__periodic","general_gaussian",,,,,,,,,,,,,,,"width","scalar","INT8","1","exact_config_scalar","value=64","PASS","OK"
"stage08","stage08_input_preview_b01_kaiser_8b745f9a6864","formal","dtype_and_input_contract","runs/stage08_input_preview_b01_kaiser_8b745f9a6864/formal/20260810T082127Z_8b745f9a6864_stage08_b01_formal_a1040001/operator_dtype_evidence_kaiser_not_applicable_20260810T082127Z_8b745f9a6864_stage08_b01_formal_a1040001.csv","20260810T082127Z_8b745f9a6864_stage08_b01_formal_a1040001","kaiser__kaiser_fp32_10e2__97b191a1423cac55__sym","kaiser","FP32","FP32","actual_typed_scalar_input","1","length:INT32=100|sym:BOOL=true|beta:FP32:bytes=00000041",,"[{""input_name"":""window_positions"",""shape"":""[100]"",""dtype"":""INDEX_INT64"",""element_count"":""100"",""generator"":""implicit_window_index_domain(no_materialized_array)"",""preview_head4_tail2"":""i=0:position=0;i=1:position=1;i=2:position=2;i=3:position=3;i=98:position=98;i=99:position=99""},{""input_name"":""beta"",""shape"":""scalar"",""dtype"":""FP32"",""element_count"":""1"",""generator"":""exact_config_scalar"",""preview_head4_tail2"":""value=8""}]","{""length"":100,""requested_dtype"":""FP32"",""sym"":true,""beta"":8}","97b191a1423cac55ba538f5bac52d3c607cc00f29bf22db513ef518baa234884",,,,"FP64",,,,,,,,"PASS","OK"
"stage08","stage08_input_preview_b01_kaiser_8b745f9a6864","formal","input_preview","runs/stage08_input_preview_b01_kaiser_8b745f9a6864/formal/20260810T082127Z_8b745f9a6864_stage08_b01_formal_a1040001/operator_input_evidence_kaiser_not_applicable_20260810T082127Z_8b745f9a6864_stage08_b01_formal_a1040001.csv","20260810T082127Z_8b745f9a6864_stage08_b01_formal_a1040001","kaiser__kaiser_fp32_10e2__97b191a1423cac55__sym","kaiser",,,,,,,,,,,,,,,"window_positions","[100]","INDEX_INT64","100","implicit_window_index_domain(no_materialized_array)","i=0:position=0;i=1:position=1;i=2:position=2;i=3:position=3;i=98:position=98;i=99:position=99","PASS","OK"
"stage08","stage08_input_preview_b01_kaiser_8b745f9a6864","formal","input_preview","runs/stage08_input_preview_b01_kaiser_8b745f9a6864/formal/20260810T082127Z_8b745f9a6864_stage08_b01_formal_a1040001/operator_input_evidence_kaiser_not_applicable_20260810T082127Z_8b745f9a6864_stage08_b01_formal_a1040001.csv","20260810T082127Z_8b745f9a6864_stage08_b01_formal_a1040001","kaiser__kaiser_fp32_10e2__97b191a1423cac55__sym","kaiser",,,,,,,,,,,,,,,"beta","scalar","FP32","1","exact_config_scalar","value=8","PASS","OK"
"stage08","stage08_input_preview_b01_kaiser_8b745f9a6864","formal","dtype_and_input_contract","runs/stage08_input_preview_b01_kaiser_8b745f9a6864/formal/20260810T082127Z_8b745f9a6864_stage08_b01_formal_a1040002/operator_dtype_evidence_kaiser_not_applicable_20260810T082127Z_8b745f9a6864_stage08_b01_formal_a1040002.csv","20260810T082127Z_8b745f9a6864_stage08_b01_formal_a1040002","kaiser__kaiser_fp32_10e2__9f9188fb10cdde69__periodic","kaiser","FP32","FP32","actual_typed_scalar_input","1","length:INT32=100|sym:BOOL=false|beta:FP32:bytes=00000041",,"[{""input_name"":""window_positions"",""shape"":""[100]"",""dtype"":""INDEX_INT64"",""element_count"":""100"",""generator"":""implicit_window_index_domain(no_materialized_array)"",""preview_head4_tail2"":""i=0:position=0;i=1:position=1;i=2:position=2;i=3:position=3;i=98:position=98;i=99:position=99""},{""input_name"":""beta"",""shape"":""scalar"",""dtype"":""FP32"",""element_count"":""1"",""generator"":""exact_config_scalar"",""preview_head4_tail2"":""value=8""}]","{""length"":100,""requested_dtype"":""FP32"",""sym"":false,""beta"":8}","9f9188fb10cdde69376056924e6d82a98ed6b4a9a781789e5601ae71abfd0aa0",,,,"FP64",,,,,,,,"PASS","OK"
"stage08","stage08_input_preview_b01_kaiser_8b745f9a6864","formal","input_preview","runs/stage08_input_preview_b01_kaiser_8b745f9a6864/formal/20260810T082127Z_8b745f9a6864_stage08_b01_formal_a1040002/operator_input_evidence_kaiser_not_applicable_20260810T082127Z_8b745f9a6864_stage08_b01_formal_a1040002.csv","20260810T082127Z_8b745f9a6864_stage08_b01_formal_a1040002","kaiser__kaiser_fp32_10e2__9f9188fb10cdde69__periodic","kaiser",,,,,,,,,,,,,,,"window_positions","[100]","INDEX_INT64","100","implicit_window_index_domain(no_materialized_array)","i=0:position=0;i=1:position=1;i=2:position=2;i=3:position=3;i=98:position=98;i=99:position=99","PASS","OK"
"stage08","stage08_input_preview_b01_kaiser_8b745f9a6864","formal","input_preview","runs/stage08_input_preview_b01_kaiser_8b745f9a6864/formal/20260810T082127Z_8b745f9a6864_stage08_b01_formal_a1040002/operator_input_evidence_kaiser_not_applicable_20260810T082127Z_8b745f9a6864_stage08_b01_formal_a1040002.csv","20260810T082127Z_8b745f9a6864_stage08_b01_formal_a1040002","kaiser__kaiser_fp32_10e2__9f9188fb10cdde69__periodic","kaiser",,,,,,,,,,,,,,,"beta","scalar","FP32","1","exact_config_scalar","value=8","PASS","OK"
"stage08","stage08_input_preview_b01_kaiser_8b745f9a6864","formal","dtype_and_input_contract","runs/stage08_input_preview_b01_kaiser_8b745f9a6864/formal/20260810T082127Z_8b745f9a6864_stage08_b01_formal_a1040003/operator_dtype_evidence_kaiser_not_applicable_20260810T082127Z_8b745f9a6864_stage08_b01_formal_a1040003.csv","20260810T082127Z_8b745f9a6864_stage08_b01_formal_a1040003","kaiser__kaiser_fp32_10e3__abdc51a55d501fc8__sym","kaiser","FP32","FP32","actual_typed_scalar_input","1","length:INT32=1000|sym:BOOL=true|beta:FP32:bytes=00000041",,"[{""input_name"":""window_positions"",""shape"":""[1000]"",""dtype"":""INDEX_INT64"",""element_count"":""1000"",""generator"":""implicit_window_index_domain(no_materialized_array)"",""preview_head4_tail2"":""i=0:position=0;i=1:position=1;i=2:position=2;i=3:position=3;i=998:position=998;i=999:position=999""},{""input_name"":""beta"",""shape"":""scalar"",""dtype"":""FP32"",""element_count"":""1"",""generator"":""exact_config_scalar"",""preview_head4_tail2"":""value=8""}]","{""length"":1000,""requested_dtype"":""FP32"",""sym"":true,""beta"":8}","abdc51a55d501fc8398a1711948192c2d32fff9dc42b9b124ced19b288234424",,,,"FP64",,,,,,,,"PASS","OK"
"stage08","stage08_input_preview_b01_kaiser_8b745f9a6864","formal","input_preview","runs/stage08_input_preview_b01_kaiser_8b745f9a6864/formal/20260810T082127Z_8b745f9a6864_stage08_b01_formal_a1040003/operator_input_evidence_kaiser_not_applicable_20260810T082127Z_8b745f9a6864_stage08_b01_formal_a1040003.csv","20260810T082127Z_8b745f9a6864_stage08_b01_formal_a1040003","kaiser__kaiser_fp32_10e3__abdc51a55d501fc8__sym","kaiser",,,,,,,,,,,,,,,"window_positions","[1000]","INDEX_INT64","1000","implicit_window_index_domain(no_materialized_array)","i=0:position=0;i=1:position=1;i=2:position=2;i=3:position=3;i=998:position=998;i=999:position=999","PASS","OK"
"stage08","stage08_input_preview_b01_kaiser_8b745f9a6864","formal","input_preview","runs/stage08_input_preview_b01_kaiser_8b745f9a6864/formal/20260810T082127Z_8b745f9a6864_stage08_b01_formal_a1040003/operator_input_evidence_kaiser_not_applicable_20260810T082127Z_8b745f9a6864_stage08_b01_formal_a1040003.csv","20260810T082127Z_8b745f9a6864_stage08_b01_formal_a1040003","kaiser__kaiser_fp32_10e3__abdc51a55d501fc8__sym","kaiser",,,,,,,,,,,,,,,"beta","scalar","FP32","1","exact_config_scalar","value=8","PASS","OK"
"stage08","stage08_input_preview_b01_kaiser_8b745f9a6864","formal","dtype_and_input_contract","runs/stage08_input_preview_b01_kaiser_8b745f9a6864/formal/20260810T082127Z_8b745f9a6864_stage08_b01_formal_a1040004/operator_dtype_evidence_kaiser_not_applicable_20260810T082127Z_8b745f9a6864_stage08_b01_formal_a1040004.csv","20260810T082127Z_8b745f9a6864_stage08_b01_formal_a1040004","kaiser__kaiser_fp32_10e3__30db896a6a0b8c60__periodic","kaiser","FP32","FP32","actual_typed_scalar_input","1","length:INT32=1000|sym:BOOL=false|beta:FP32:bytes=00000041",,"[{""input_name"":""window_positions"",""shape"":""[1000]"",""dtype"":""INDEX_INT64"",""element_count"":""1000"",""generator"":""implicit_window_index_domain(no_materialized_array)"",""preview_head4_tail2"":""i=0:position=0;i=1:position=1;i=2:position=2;i=3:position=3;i=998:position=998;i=999:position=999""},{""input_name"":""beta"",""shape"":""scalar"",""dtype"":""FP32"",""element_count"":""1"",""generator"":""exact_config_scalar"",""preview_head4_tail2"":""value=8""}]","{""length"":1000,""requested_dtype"":""FP32"",""sym"":false,""beta"":8}","30db896a6a0b8c60ac83daf3edcbe4e29a842b5d39a049eae84eb4dffc3a51ae",,,,"FP64",,,,,,,,"PASS","OK"
"stage08","stage08_input_preview_b01_kaiser_8b745f9a6864","formal","input_preview","runs/stage08_input_preview_b01_kaiser_8b745f9a6864/formal/20260810T082127Z_8b745f9a6864_stage08_b01_formal_a1040004/operator_input_evidence_kaiser_not_applicable_20260810T082127Z_8b745f9a6864_stage08_b01_formal_a1040004.csv","20260810T082127Z_8b745f9a6864_stage08_b01_formal_a1040004","kaiser__kaiser_fp32_10e3__30db896a6a0b8c60__periodic","kaiser",,,,,,,,,,,,,,,"window_positions","[1000]","INDEX_INT64","1000","implicit_window_index_domain(no_materialized_array)","i=0:position=0;i=1:position=1;i=2:position=2;i=3:position=3;i=998:position=998;i=999:position=999","PASS","OK"
"stage08","stage08_input_preview_b01_kaiser_8b745f9a6864","formal","input_preview","runs/stage08_input_preview_b01_kaiser_8b745f9a6864/formal/20260810T082127Z_8b745f9a6864_stage08_b01_formal_a1040004/operator_input_evidence_kaiser_not_applicable_20260810T082127Z_8b745f9a6864_stage08_b01_formal_a1040004.csv","20260810T082127Z_8b745f9a6864_stage08_b01_formal_a1040004","kaiser__kaiser_fp32_10e3__30db896a6a0b8c60__periodic","kaiser",,,,,,,,,,,,,,,"beta","scalar","FP32","1","exact_config_scalar","value=8","PASS","OK"
"stage08","stage08_input_preview_b01_kaiser_8b745f9a6864","formal","dtype_and_input_contract","runs/stage08_input_preview_b01_kaiser_8b745f9a6864/formal/20260810T082127Z_8b745f9a6864_stage08_b01_formal_a1040005/operator_dtype_evidence_kaiser_not_applicable_20260810T082127Z_8b745f9a6864_stage08_b01_formal_a1040005.csv","20260810T082127Z_8b745f9a6864_stage08_b01_formal_a1040005","kaiser__kaiser_fp32_10e4__5df4d510a7cd7f3f__sym","kaiser","FP32","FP32","actual_typed_scalar_input","1","length:INT32=10000|sym:BOOL=true|beta:FP32:bytes=00000041",,"[{""input_name"":""window_positions"",""shape"":""[10000]"",""dtype"":""INDEX_INT64"",""element_count"":""10000"",""generator"":""implicit_window_index_domain(no_materialized_array)"",""preview_head4_tail2"":""i=0:position=0;i=1:position=1;i=2:position=2;i=3:position=3;i=9998:position=9998;i=9999:position=9999""},{""input_name"":""beta"",""shape"":""scalar"",""dtype"":""FP32"",""element_count"":""1"",""generator"":""exact_config_scalar"",""preview_head4_tail2"":""value=8""}]","{""length"":10000,""requested_dtype"":""FP32"",""sym"":true,""beta"":8}","5df4d510a7cd7f3f462ad6fd6adf527cba31b865b4581673304bf71b76f9136a",,,,"FP64",,,,,,,,"PASS","OK"
"stage08","stage08_input_preview_b01_kaiser_8b745f9a6864","formal","input_preview","runs/stage08_input_preview_b01_kaiser_8b745f9a6864/formal/20260810T082127Z_8b745f9a6864_stage08_b01_formal_a1040005/operator_input_evidence_kaiser_not_applicable_20260810T082127Z_8b745f9a6864_stage08_b01_formal_a1040005.csv","20260810T082127Z_8b745f9a6864_stage08_b01_formal_a1040005","kaiser__kaiser_fp32_10e4__5df4d510a7cd7f3f__sym","kaiser",,,,,,,,,,,,,,,"window_positions","[10000]","INDEX_INT64","10000","implicit_window_index_domain(no_materialized_array)","i=0:position=0;i=1:position=1;i=2:position=2;i=3:position=3;i=9998:position=9998;i=9999:position=9999","PASS","OK"
"stage08","stage08_input_preview_b01_kaiser_8b745f9a6864","formal","input_preview","runs/stage08_input_preview_b01_kaiser_8b745f9a6864/formal/20260810T082127Z_8b745f9a6864_stage08_b01_formal_a1040005/operator_input_evidence_kaiser_not_applicable_20260810T082127Z_8b745f9a6864_stage08_b01_formal_a1040005.csv","20260810T082127Z_8b745f9a6864_stage08_b01_formal_a1040005","kaiser__kaiser_fp32_10e4__5df4d510a7cd7f3f__sym","kaiser",,,,,,,,,,,,,,,"beta","scalar","FP32","1","exact_config_scalar","value=8","PASS","OK"
"stage08","stage08_input_preview_b01_kaiser_8b745f9a6864","formal","dtype_and_input_contract","runs/stage08_input_preview_b01_kaiser_8b745f9a6864/formal/20260810T082127Z_8b745f9a6864_stage08_b01_formal_a1040006/operator_dtype_evidence_kaiser_not_applicable_20260810T082127Z_8b745f9a6864_stage08_b01_formal_a1040006.csv","20260810T082127Z_8b745f9a6864_stage08_b01_formal_a1040006","kaiser__kaiser_fp32_10e4__d9db3967f8d54a3b__periodic","kaiser","FP32","FP32","actual_typed_scalar_input","1","length:INT32=10000|sym:BOOL=false|beta:FP32:bytes=00000041",,"[{""input_name"":""window_positions"",""shape"":""[10000]"",""dtype"":""INDEX_INT64"",""element_count"":""10000"",""generator"":""implicit_window_index_domain(no_materialized_array)"",""preview_head4_tail2"":""i=0:position=0;i=1:position=1;i=2:position=2;i=3:position=3;i=9998:position=9998;i=9999:position=9999""},{""input_name"":""beta"",""shape"":""scalar"",""dtype"":""FP32"",""element_count"":""1"",""generator"":""exact_config_scalar"",""preview_head4_tail2"":""value=8""}]","{""length"":10000,""requested_dtype"":""FP32"",""sym"":false,""beta"":8}","d9db3967f8d54a3be3bb08bf90195c6d1d876bea1fa8dcad5b6bac3d9e3ee8ce",,,,"FP64",,,,,,,,"PASS","OK"
"stage08","stage08_input_preview_b01_kaiser_8b745f9a6864","formal","input_preview","runs/stage08_input_preview_b01_kaiser_8b745f9a6864/formal/20260810T082127Z_8b745f9a6864_stage08_b01_formal_a1040006/operator_input_evidence_kaiser_not_applicable_20260810T082127Z_8b745f9a6864_stage08_b01_formal_a1040006.csv","20260810T082127Z_8b745f9a6864_stage08_b01_formal_a1040006","kaiser__kaiser_fp32_10e4__d9db3967f8d54a3b__periodic","kaiser",,,,,,,,,,,,,,,"window_positions","[10000]","INDEX_INT64","10000","implicit_window_index_domain(no_materialized_array)","i=0:position=0;i=1:position=1;i=2:position=2;i=3:position=3;i=9998:position=9998;i=9999:position=9999","PASS","OK"
"stage08","stage08_input_preview_b01_kaiser_8b745f9a6864","formal","input_preview","runs/stage08_input_preview_b01_kaiser_8b745f9a6864/formal/20260810T082127Z_8b745f9a6864_stage08_b01_formal_a1040006/operator_input_evidence_kaiser_not_applicable_20260810T082127Z_8b745f9a6864_stage08_b01_formal_a1040006.csv","20260810T082127Z_8b745f9a6864_stage08_b01_formal_a1040006","kaiser__kaiser_fp32_10e4__d9db3967f8d54a3b__periodic","kaiser",,,,,,,,,,,,,,,"beta","scalar","FP32","1","exact_config_scalar","value=8","PASS","OK"
"stage08","stage08_input_preview_b01_kaiser_8b745f9a6864","formal","dtype_and_input_contract","runs/stage08_input_preview_b01_kaiser_8b745f9a6864/formal/20260810T082128Z_8b745f9a6864_stage08_b01_formal_a1040007/operator_dtype_evidence_kaiser_not_applicable_20260810T082128Z_8b745f9a6864_stage08_b01_formal_a1040007.csv","20260810T082128Z_8b745f9a6864_stage08_b01_formal_a1040007","kaiser__kaiser_fp16_10e2__0e0a266328d2397d__sym","kaiser","FP16","FP16","actual_typed_scalar_input","1","length:INT32=100|sym:BOOL=true|beta:FP16:bytes=0048",,"[{""input_name"":""window_positions"",""shape"":""[100]"",""dtype"":""INDEX_INT64"",""element_count"":""100"",""generator"":""implicit_window_index_domain(no_materialized_array)"",""preview_head4_tail2"":""i=0:position=0;i=1:position=1;i=2:position=2;i=3:position=3;i=98:position=98;i=99:position=99""},{""input_name"":""beta"",""shape"":""scalar"",""dtype"":""FP16"",""element_count"":""1"",""generator"":""exact_config_scalar"",""preview_head4_tail2"":""value=8""}]","{""length"":100,""requested_dtype"":""FP16"",""sym"":true,""beta"":8}","0e0a266328d2397dcae881fc58e1b854ff71d61398cabc138b1d857459c30b39",,,,"FP64",,,,,,,,"PASS","OK"
"stage08","stage08_input_preview_b01_kaiser_8b745f9a6864","formal","input_preview","runs/stage08_input_preview_b01_kaiser_8b745f9a6864/formal/20260810T082128Z_8b745f9a6864_stage08_b01_formal_a1040007/operator_input_evidence_kaiser_not_applicable_20260810T082128Z_8b745f9a6864_stage08_b01_formal_a1040007.csv","20260810T082128Z_8b745f9a6864_stage08_b01_formal_a1040007","kaiser__kaiser_fp16_10e2__0e0a266328d2397d__sym","kaiser",,,,,,,,,,,,,,,"window_positions","[100]","INDEX_INT64","100","implicit_window_index_domain(no_materialized_array)","i=0:position=0;i=1:position=1;i=2:position=2;i=3:position=3;i=98:position=98;i=99:position=99","PASS","OK"
"stage08","stage08_input_preview_b01_kaiser_8b745f9a6864","formal","input_preview","runs/stage08_input_preview_b01_kaiser_8b745f9a6864/formal/20260810T082128Z_8b745f9a6864_stage08_b01_formal_a1040007/operator_input_evidence_kaiser_not_applicable_20260810T082128Z_8b745f9a6864_stage08_b01_formal_a1040007.csv","20260810T082128Z_8b745f9a6864_stage08_b01_formal_a1040007","kaiser__kaiser_fp16_10e2__0e0a266328d2397d__sym","kaiser",,,,,,,,,,,,,,,"beta","scalar","FP16","1","exact_config_scalar","value=8","PASS","OK"
"stage08","stage08_input_preview_b01_kaiser_8b745f9a6864","formal","dtype_and_input_contract","runs/stage08_input_preview_b01_kaiser_8b745f9a6864/formal/20260810T082128Z_8b745f9a6864_stage08_b01_formal_a1040008/operator_dtype_evidence_kaiser_not_applicable_20260810T082128Z_8b745f9a6864_stage08_b01_formal_a1040008.csv","20260810T082128Z_8b745f9a6864_stage08_b01_formal_a1040008","kaiser__kaiser_fp16_10e2__92a4dc87d61c9534__periodic","kaiser","FP16","FP16","actual_typed_scalar_input","1","length:INT32=100|sym:BOOL=false|beta:FP16:bytes=0048",,"[{""input_name"":""window_positions"",""shape"":""[100]"",""dtype"":""INDEX_INT64"",""element_count"":""100"",""generator"":""implicit_window_index_domain(no_materialized_array)"",""preview_head4_tail2"":""i=0:position=0;i=1:position=1;i=2:position=2;i=3:position=3;i=98:position=98;i=99:position=99""},{""input_name"":""beta"",""shape"":""scalar"",""dtype"":""FP16"",""element_count"":""1"",""generator"":""exact_config_scalar"",""preview_head4_tail2"":""value=8""}]","{""length"":100,""requested_dtype"":""FP16"",""sym"":false,""beta"":8}","92a4dc87d61c9534bf22f65760d1cc9d4c23ddbc87d7ffd96b898074aad9a04f",,,,"FP64",,,,,,,,"PASS","OK"
"stage08","stage08_input_preview_b01_kaiser_8b745f9a6864","formal","input_preview","runs/stage08_input_preview_b01_kaiser_8b745f9a6864/formal/20260810T082128Z_8b745f9a6864_stage08_b01_formal_a1040008/operator_input_evidence_kaiser_not_applicable_20260810T082128Z_8b745f9a6864_stage08_b01_formal_a1040008.csv","20260810T082128Z_8b745f9a6864_stage08_b01_formal_a1040008","kaiser__kaiser_fp16_10e2__92a4dc87d61c9534__periodic","kaiser",,,,,,,,,,,,,,,"window_positions","[100]","INDEX_INT64","100","implicit_window_index_domain(no_materialized_array)","i=0:position=0;i=1:position=1;i=2:position=2;i=3:position=3;i=98:position=98;i=99:position=99","PASS","OK"
"stage08","stage08_input_preview_b01_kaiser_8b745f9a6864","formal","input_preview","runs/stage08_input_preview_b01_kaiser_8b745f9a6864/formal/20260810T082128Z_8b745f9a6864_stage08_b01_formal_a1040008/operator_input_evidence_kaiser_not_applicable_20260810T082128Z_8b745f9a6864_stage08_b01_formal_a1040008.csv","20260810T082128Z_8b745f9a6864_stage08_b01_formal_a1040008","kaiser__kaiser_fp16_10e2__92a4dc87d61c9534__periodic","kaiser",,,,,,,,,,,,,,,"beta","scalar","FP16","1","exact_config_scalar","value=8","PASS","OK"
"stage08","stage08_input_preview_b01_kaiser_8b745f9a6864","formal","dtype_and_input_contract","runs/stage08_input_preview_b01_kaiser_8b745f9a6864/formal/20260810T082128Z_8b745f9a6864_stage08_b01_formal_a1040009/operator_dtype_evidence_kaiser_not_applicable_20260810T082128Z_8b745f9a6864_stage08_b01_formal_a1040009.csv","20260810T082128Z_8b745f9a6864_stage08_b01_formal_a1040009","kaiser__kaiser_fp16_10e3__95c9c9fac7a71572__sym","kaiser","FP16","FP16","actual_typed_scalar_input","1","length:INT32=1000|sym:BOOL=true|beta:FP16:bytes=0048",,"[{""input_name"":""window_positions"",""shape"":""[1000]"",""dtype"":""INDEX_INT64"",""element_count"":""1000"",""generator"":""implicit_window_index_domain(no_materialized_array)"",""preview_head4_tail2"":""i=0:position=0;i=1:position=1;i=2:position=2;i=3:position=3;i=998:position=998;i=999:position=999""},{""input_name"":""beta"",""shape"":""scalar"",""dtype"":""FP16"",""element_count"":""1"",""generator"":""exact_config_scalar"",""preview_head4_tail2"":""value=8""}]","{""length"":1000,""requested_dtype"":""FP16"",""sym"":true,""beta"":8}","95c9c9fac7a7157285e64338463de0c051aa4728ee6c180befae510abea8c58c",,,,"FP64",,,,,,,,"PASS","OK"
"stage08","stage08_input_preview_b01_kaiser_8b745f9a6864","formal","input_preview","runs/stage08_input_preview_b01_kaiser_8b745f9a6864/formal/20260810T082128Z_8b745f9a6864_stage08_b01_formal_a1040009/operator_input_evidence_kaiser_not_applicable_20260810T082128Z_8b745f9a6864_stage08_b01_formal_a1040009.csv","20260810T082128Z_8b745f9a6864_stage08_b01_formal_a1040009","kaiser__kaiser_fp16_10e3__95c9c9fac7a71572__sym","kaiser",,,,,,,,,,,,,,,"window_positions","[1000]","INDEX_INT64","1000","implicit_window_index_domain(no_materialized_array)","i=0:position=0;i=1:position=1;i=2:position=2;i=3:position=3;i=998:position=998;i=999:position=999","PASS","OK"
"stage08","stage08_input_preview_b01_kaiser_8b745f9a6864","formal","input_preview","runs/stage08_input_preview_b01_kaiser_8b745f9a6864/formal/20260810T082128Z_8b745f9a6864_stage08_b01_formal_a1040009/operator_input_evidence_kaiser_not_applicable_20260810T082128Z_8b745f9a6864_stage08_b01_formal_a1040009.csv","20260810T082128Z_8b745f9a6864_stage08_b01_formal_a1040009","kaiser__kaiser_fp16_10e3__95c9c9fac7a71572__sym","kaiser",,,,,,,,,,,,,,,"beta","scalar","FP16","1","exact_config_scalar","value=8","PASS","OK"
"stage08","stage08_input_preview_b01_kaiser_8b745f9a6864","formal","dtype_and_input_contract","runs/stage08_input_preview_b01_kaiser_8b745f9a6864/formal/20260810T082128Z_8b745f9a6864_stage08_b01_formal_a104000a/operator_dtype_evidence_kaiser_not_applicable_20260810T082128Z_8b745f9a6864_stage08_b01_formal_a104000a.csv","20260810T082128Z_8b745f9a6864_stage08_b01_formal_a104000a","kaiser__kaiser_fp16_10e3__2f8463fda0960fbf__periodic","kaiser","FP16","FP16","actual_typed_scalar_input","1","length:INT32=1000|sym:BOOL=false|beta:FP16:bytes=0048",,"[{""input_name"":""window_positions"",""shape"":""[1000]"",""dtype"":""INDEX_INT64"",""element_count"":""1000"",""generator"":""implicit_window_index_domain(no_materialized_array)"",""preview_head4_tail2"":""i=0:position=0;i=1:position=1;i=2:position=2;i=3:position=3;i=998:position=998;i=999:position=999""},{""input_name"":""beta"",""shape"":""scalar"",""dtype"":""FP16"",""element_count"":""1"",""generator"":""exact_config_scalar"",""preview_head4_tail2"":""value=8""}]","{""length"":1000,""requested_dtype"":""FP16"",""sym"":false,""beta"":8}","2f8463fda0960fbff40765a7f5a1cb3a6fd545174de19e0654e0eb7bb379916b",,,,"FP64",,,,,,,,"PASS","OK"
"stage08","stage08_input_preview_b01_kaiser_8b745f9a6864","formal","input_preview","runs/stage08_input_preview_b01_kaiser_8b745f9a6864/formal/20260810T082128Z_8b745f9a6864_stage08_b01_formal_a104000a/operator_input_evidence_kaiser_not_applicable_20260810T082128Z_8b745f9a6864_stage08_b01_formal_a104000a.csv","20260810T082128Z_8b745f9a6864_stage08_b01_formal_a104000a","kaiser__kaiser_fp16_10e3__2f8463fda0960fbf__periodic","kaiser",,,,,,,,,,,,,,,"window_positions","[1000]","INDEX_INT64","1000","implicit_window_index_domain(no_materialized_array)","i=0:position=0;i=1:position=1;i=2:position=2;i=3:position=3;i=998:position=998;i=999:position=999","PASS","OK"
"stage08","stage08_input_preview_b01_kaiser_8b745f9a6864","formal","input_preview","runs/stage08_input_preview_b01_kaiser_8b745f9a6864/formal/20260810T082128Z_8b745f9a6864_stage08_b01_formal_a104000a/operator_input_evidence_kaiser_not_applicable_20260810T082128Z_8b745f9a6864_stage08_b01_formal_a104000a.csv","20260810T082128Z_8b745f9a6864_stage08_b01_formal_a104000a","kaiser__kaiser_fp16_10e3__2f8463fda0960fbf__periodic","kaiser",,,,,,,,,,,,,,,"beta","scalar","FP16","1","exact_config_scalar","value=8","PASS","OK"
"stage08","stage08_input_preview_b01_kaiser_8b745f9a6864","formal","dtype_and_input_contract","runs/stage08_input_preview_b01_kaiser_8b745f9a6864/formal/20260810T082128Z_8b745f9a6864_stage08_b01_formal_a104000b/operator_dtype_evidence_kaiser_not_applicable_20260810T082128Z_8b745f9a6864_stage08_b01_formal_a104000b.csv","20260810T082128Z_8b745f9a6864_stage08_b01_formal_a104000b","kaiser__kaiser_fp16_10e4__3b1dfe279e528031__sym","kaiser","FP16","FP16","actual_typed_scalar_input","1","length:INT32=10000|sym:BOOL=true|beta:FP16:bytes=0048",,"[{""input_name"":""window_positions"",""shape"":""[10000]"",""dtype"":""INDEX_INT64"",""element_count"":""10000"",""generator"":""implicit_window_index_domain(no_materialized_array)"",""preview_head4_tail2"":""i=0:position=0;i=1:position=1;i=2:position=2;i=3:position=3;i=9998:position=9998;i=9999:position=9999""},{""input_name"":""beta"",""shape"":""scalar"",""dtype"":""FP16"",""element_count"":""1"",""generator"":""exact_config_scalar"",""preview_head4_tail2"":""value=8""}]","{""length"":10000,""requested_dtype"":""FP16"",""sym"":true,""beta"":8}","3b1dfe279e528031f5143a51b0237b9cd23d24414e92896c38b7b3175a8988d8",,,,"FP64",,,,,,,,"PASS","OK"
"stage08","stage08_input_preview_b01_kaiser_8b745f9a6864","formal","input_preview","runs/stage08_input_preview_b01_kaiser_8b745f9a6864/formal/20260810T082128Z_8b745f9a6864_stage08_b01_formal_a104000b/operator_input_evidence_kaiser_not_applicable_20260810T082128Z_8b745f9a6864_stage08_b01_formal_a104000b.csv","20260810T082128Z_8b745f9a6864_stage08_b01_formal_a104000b","kaiser__kaiser_fp16_10e4__3b1dfe279e528031__sym","kaiser",,,,,,,,,,,,,,,"window_positions","[10000]","INDEX_INT64","10000","implicit_window_index_domain(no_materialized_array)","i=0:position=0;i=1:position=1;i=2:position=2;i=3:position=3;i=9998:position=9998;i=9999:position=9999","PASS","OK"
"stage08","stage08_input_preview_b01_kaiser_8b745f9a6864","formal","input_preview","runs/stage08_input_preview_b01_kaiser_8b745f9a6864/formal/20260810T082128Z_8b745f9a6864_stage08_b01_formal_a104000b/operator_input_evidence_kaiser_not_applicable_20260810T082128Z_8b745f9a6864_stage08_b01_formal_a104000b.csv","20260810T082128Z_8b745f9a6864_stage08_b01_formal_a104000b","kaiser__kaiser_fp16_10e4__3b1dfe279e528031__sym","kaiser",,,,,,,,,,,,,,,"beta","scalar","FP16","1","exact_config_scalar","value=8","PASS","OK"
"stage08","stage08_input_preview_b01_kaiser_8b745f9a6864","formal","dtype_and_input_contract","runs/stage08_input_preview_b01_kaiser_8b745f9a6864/formal/20260810T082128Z_8b745f9a6864_stage08_b01_formal_a104000c/operator_dtype_evidence_kaiser_not_applicable_20260810T082128Z_8b745f9a6864_stage08_b01_formal_a104000c.csv","20260810T082128Z_8b745f9a6864_stage08_b01_formal_a104000c","kaiser__kaiser_fp16_10e4__ea31d229d43c188c__periodic","kaiser","FP16","FP16","actual_typed_scalar_input","1","length:INT32=10000|sym:BOOL=false|beta:FP16:bytes=0048",,"[{""input_name"":""window_positions"",""shape"":""[10000]"",""dtype"":""INDEX_INT64"",""element_count"":""10000"",""generator"":""implicit_window_index_domain(no_materialized_array)"",""preview_head4_tail2"":""i=0:position=0;i=1:position=1;i=2:position=2;i=3:position=3;i=9998:position=9998;i=9999:position=9999""},{""input_name"":""beta"",""shape"":""scalar"",""dtype"":""FP16"",""element_count"":""1"",""generator"":""exact_config_scalar"",""preview_head4_tail2"":""value=8""}]","{""length"":10000,""requested_dtype"":""FP16"",""sym"":false,""beta"":8}","ea31d229d43c188c5733940ac7e39651e5606565bb64b1cbb1c37e3cbb18e317",,,,"FP64",,,,,,,,"PASS","OK"
"stage08","stage08_input_preview_b01_kaiser_8b745f9a6864","formal","input_preview","runs/stage08_input_preview_b01_kaiser_8b745f9a6864/formal/20260810T082128Z_8b745f9a6864_stage08_b01_formal_a104000c/operator_input_evidence_kaiser_not_applicable_20260810T082128Z_8b745f9a6864_stage08_b01_formal_a104000c.csv","20260810T082128Z_8b745f9a6864_stage08_b01_formal_a104000c","kaiser__kaiser_fp16_10e4__ea31d229d43c188c__periodic","kaiser",,,,,,,,,,,,,,,"window_positions","[10000]","INDEX_INT64","10000","implicit_window_index_domain(no_materialized_array)","i=0:position=0;i=1:position=1;i=2:position=2;i=3:position=3;i=9998:position=9998;i=9999:position=9999","PASS","OK"
"stage08","stage08_input_preview_b01_kaiser_8b745f9a6864","formal","input_preview","runs/stage08_input_preview_b01_kaiser_8b745f9a6864/formal/20260810T082128Z_8b745f9a6864_stage08_b01_formal_a104000c/operator_input_evidence_kaiser_not_applicable_20260810T082128Z_8b745f9a6864_stage08_b01_formal_a104000c.csv","20260810T082128Z_8b745f9a6864_stage08_b01_formal_a104000c","kaiser__kaiser_fp16_10e4__ea31d229d43c188c__periodic","kaiser",,,,,,,,,,,,,,,"beta","scalar","FP16","1","exact_config_scalar","value=8","PASS","OK"
"stage08","stage08_input_preview_b01_kaiser_8b745f9a6864","formal","dtype_and_input_contract","runs/stage08_input_preview_b01_kaiser_8b745f9a6864/formal/20260810T082129Z_8b745f9a6864_stage08_b01_formal_a104000d/operator_dtype_evidence_kaiser_not_applicable_20260810T082129Z_8b745f9a6864_stage08_b01_formal_a104000d.csv","20260810T082129Z_8b745f9a6864_stage08_b01_formal_a104000d","kaiser__kaiser_int32_10e2__6bec05d54eb4e77e__sym","kaiser","INT32","INT32","actual_typed_scalar_input","1","length:INT32=100|sym:BOOL=true|beta:INT32:bytes=08000000",,"[{""input_name"":""window_positions"",""shape"":""[100]"",""dtype"":""INDEX_INT64"",""element_count"":""100"",""generator"":""implicit_window_index_domain(no_materialized_array)"",""preview_head4_tail2"":""i=0:position=0;i=1:position=1;i=2:position=2;i=3:position=3;i=98:position=98;i=99:position=99""},{""input_name"":""beta"",""shape"":""scalar"",""dtype"":""INT32"",""element_count"":""1"",""generator"":""exact_config_scalar"",""preview_head4_tail2"":""value=8""}]","{""length"":100,""requested_dtype"":""INT32"",""sym"":true,""beta"":8}","6bec05d54eb4e77e2f24d19e72827a92603493cb864bc354ffcb80f9d8112aba",,,,"FP64",,,,,,,,"PASS","OK"
"stage08","stage08_input_preview_b01_kaiser_8b745f9a6864","formal","input_preview","runs/stage08_input_preview_b01_kaiser_8b745f9a6864/formal/20260810T082129Z_8b745f9a6864_stage08_b01_formal_a104000d/operator_input_evidence_kaiser_not_applicable_20260810T082129Z_8b745f9a6864_stage08_b01_formal_a104000d.csv","20260810T082129Z_8b745f9a6864_stage08_b01_formal_a104000d","kaiser__kaiser_int32_10e2__6bec05d54eb4e77e__sym","kaiser",,,,,,,,,,,,,,,"window_positions","[100]","INDEX_INT64","100","implicit_window_index_domain(no_materialized_array)","i=0:position=0;i=1:position=1;i=2:position=2;i=3:position=3;i=98:position=98;i=99:position=99","PASS","OK"
"stage08","stage08_input_preview_b01_kaiser_8b745f9a6864","formal","input_preview","runs/stage08_input_preview_b01_kaiser_8b745f9a6864/formal/20260810T082129Z_8b745f9a6864_stage08_b01_formal_a104000d/operator_input_evidence_kaiser_not_applicable_20260810T082129Z_8b745f9a6864_stage08_b01_formal_a104000d.csv","20260810T082129Z_8b745f9a6864_stage08_b01_formal_a104000d","kaiser__kaiser_int32_10e2__6bec05d54eb4e77e__sym","kaiser",,,,,,,,,,,,,,,"beta","scalar","INT32","1","exact_config_scalar","value=8","PASS","OK"
"stage08","stage08_input_preview_b01_kaiser_8b745f9a6864","formal","dtype_and_input_contract","runs/stage08_input_preview_b01_kaiser_8b745f9a6864/formal/20260810T082129Z_8b745f9a6864_stage08_b01_formal_a104000e/operator_dtype_evidence_kaiser_not_applicable_20260810T082129Z_8b745f9a6864_stage08_b01_formal_a104000e.csv","20260810T082129Z_8b745f9a6864_stage08_b01_formal_a104000e","kaiser__kaiser_int32_10e2__dc847291cb775b0e__periodic","kaiser","INT32","INT32","actual_typed_scalar_input","1","length:INT32=100|sym:BOOL=false|beta:INT32:bytes=08000000",,"[{""input_name"":""window_positions"",""shape"":""[100]"",""dtype"":""INDEX_INT64"",""element_count"":""100"",""generator"":""implicit_window_index_domain(no_materialized_array)"",""preview_head4_tail2"":""i=0:position=0;i=1:position=1;i=2:position=2;i=3:position=3;i=98:position=98;i=99:position=99""},{""input_name"":""beta"",""shape"":""scalar"",""dtype"":""INT32"",""element_count"":""1"",""generator"":""exact_config_scalar"",""preview_head4_tail2"":""value=8""}]","{""length"":100,""requested_dtype"":""INT32"",""sym"":false,""beta"":8}","dc847291cb775b0e649a6974df3ce12ec601614366d5185cb5700ed9df1866d0",,,,"FP64",,,,,,,,"PASS","OK"
"stage08","stage08_input_preview_b01_kaiser_8b745f9a6864","formal","input_preview","runs/stage08_input_preview_b01_kaiser_8b745f9a6864/formal/20260810T082129Z_8b745f9a6864_stage08_b01_formal_a104000e/operator_input_evidence_kaiser_not_applicable_20260810T082129Z_8b745f9a6864_stage08_b01_formal_a104000e.csv","20260810T082129Z_8b745f9a6864_stage08_b01_formal_a104000e","kaiser__kaiser_int32_10e2__dc847291cb775b0e__periodic","kaiser",,,,,,,,,,,,,,,"window_positions","[100]","INDEX_INT64","100","implicit_window_index_domain(no_materialized_array)","i=0:position=0;i=1:position=1;i=2:position=2;i=3:position=3;i=98:position=98;i=99:position=99","PASS","OK"
"stage08","stage08_input_preview_b01_kaiser_8b745f9a6864","formal","input_preview","runs/stage08_input_preview_b01_kaiser_8b745f9a6864/formal/20260810T082129Z_8b745f9a6864_stage08_b01_formal_a104000e/operator_input_evidence_kaiser_not_applicable_20260810T082129Z_8b745f9a6864_stage08_b01_formal_a104000e.csv","20260810T082129Z_8b745f9a6864_stage08_b01_formal_a104000e","kaiser__kaiser_int32_10e2__dc847291cb775b0e__periodic","kaiser",,,,,,,,,,,,,,,"beta","scalar","INT32","1","exact_config_scalar","value=8","PASS","OK"
"stage08","stage08_input_preview_b01_kaiser_8b745f9a6864","formal","dtype_and_input_contract","runs/stage08_input_preview_b01_kaiser_8b745f9a6864/formal/20260810T082129Z_8b745f9a6864_stage08_b01_formal_a104000f/operator_dtype_evidence_kaiser_not_applicable_20260810T082129Z_8b745f9a6864_stage08_b01_formal_a104000f.csv","20260810T082129Z_8b745f9a6864_stage08_b01_formal_a104000f","kaiser__kaiser_int32_10e3__983fdcb7898b7e0d__sym","kaiser","INT32","INT32","actual_typed_scalar_input","1","length:INT32=1000|sym:BOOL=true|beta:INT32:bytes=08000000",,"[{""input_name"":""window_positions"",""shape"":""[1000]"",""dtype"":""INDEX_INT64"",""element_count"":""1000"",""generator"":""implicit_window_index_domain(no_materialized_array)"",""preview_head4_tail2"":""i=0:position=0;i=1:position=1;i=2:position=2;i=3:position=3;i=998:position=998;i=999:position=999""},{""input_name"":""beta"",""shape"":""scalar"",""dtype"":""INT32"",""element_count"":""1"",""generator"":""exact_config_scalar"",""preview_head4_tail2"":""value=8""}]","{""length"":1000,""requested_dtype"":""INT32"",""sym"":true,""beta"":8}","983fdcb7898b7e0d42e0f977aa28bb69ec3cee657bff7a3738084d8c66698da7",,,,"FP64",,,,,,,,"PASS","OK"
"stage08","stage08_input_preview_b01_kaiser_8b745f9a6864","formal","input_preview","runs/stage08_input_preview_b01_kaiser_8b745f9a6864/formal/20260810T082129Z_8b745f9a6864_stage08_b01_formal_a104000f/operator_input_evidence_kaiser_not_applicable_20260810T082129Z_8b745f9a6864_stage08_b01_formal_a104000f.csv","20260810T082129Z_8b745f9a6864_stage08_b01_formal_a104000f","kaiser__kaiser_int32_10e3__983fdcb7898b7e0d__sym","kaiser",,,,,,,,,,,,,,,"window_positions","[1000]","INDEX_INT64","1000","implicit_window_index_domain(no_materialized_array)","i=0:position=0;i=1:position=1;i=2:position=2;i=3:position=3;i=998:position=998;i=999:position=999","PASS","OK"
"stage08","stage08_input_preview_b01_kaiser_8b745f9a6864","formal","input_preview","runs/stage08_input_preview_b01_kaiser_8b745f9a6864/formal/20260810T082129Z_8b745f9a6864_stage08_b01_formal_a104000f/operator_input_evidence_kaiser_not_applicable_20260810T082129Z_8b745f9a6864_stage08_b01_formal_a104000f.csv","20260810T082129Z_8b745f9a6864_stage08_b01_formal_a104000f","kaiser__kaiser_int32_10e3__983fdcb7898b7e0d__sym","kaiser",,,,,,,,,,,,,,,"beta","scalar","INT32","1","exact_config_scalar","value=8","PASS","OK"
"stage08","stage08_input_preview_b01_kaiser_8b745f9a6864","formal","dtype_and_input_contract","runs/stage08_input_preview_b01_kaiser_8b745f9a6864/formal/20260810T082129Z_8b745f9a6864_stage08_b01_formal_a1040010/operator_dtype_evidence_kaiser_not_applicable_20260810T082129Z_8b745f9a6864_stage08_b01_formal_a1040010.csv","20260810T082129Z_8b745f9a6864_stage08_b01_formal_a1040010","kaiser__kaiser_int32_10e3__37f23fa8ed3d03ce__periodic","kaiser","INT32","INT32","actual_typed_scalar_input","1","length:INT32=1000|sym:BOOL=false|beta:INT32:bytes=08000000",,"[{""input_name"":""window_positions"",""shape"":""[1000]"",""dtype"":""INDEX_INT64"",""element_count"":""1000"",""generator"":""implicit_window_index_domain(no_materialized_array)"",""preview_head4_tail2"":""i=0:position=0;i=1:position=1;i=2:position=2;i=3:position=3;i=998:position=998;i=999:position=999""},{""input_name"":""beta"",""shape"":""scalar"",""dtype"":""INT32"",""element_count"":""1"",""generator"":""exact_config_scalar"",""preview_head4_tail2"":""value=8""}]","{""length"":1000,""requested_dtype"":""INT32"",""sym"":false,""beta"":8}","37f23fa8ed3d03ce9763cb2503ab889c11563a476e045e37fbdac4e591c37ccd",,,,"FP64",,,,,,,,"PASS","OK"
"stage08","stage08_input_preview_b01_kaiser_8b745f9a6864","formal","input_preview","runs/stage08_input_preview_b01_kaiser_8b745f9a6864/formal/20260810T082129Z_8b745f9a6864_stage08_b01_formal_a1040010/operator_input_evidence_kaiser_not_applicable_20260810T082129Z_8b745f9a6864_stage08_b01_formal_a1040010.csv","20260810T082129Z_8b745f9a6864_stage08_b01_formal_a1040010","kaiser__kaiser_int32_10e3__37f23fa8ed3d03ce__periodic","kaiser",,,,,,,,,,,,,,,"window_positions","[1000]","INDEX_INT64","1000","implicit_window_index_domain(no_materialized_array)","i=0:position=0;i=1:position=1;i=2:position=2;i=3:position=3;i=998:position=998;i=999:position=999","PASS","OK"
"stage08","stage08_input_preview_b01_kaiser_8b745f9a6864","formal","input_preview","runs/stage08_input_preview_b01_kaiser_8b745f9a6864/formal/20260810T082129Z_8b745f9a6864_stage08_b01_formal_a1040010/operator_input_evidence_kaiser_not_applicable_20260810T082129Z_8b745f9a6864_stage08_b01_formal_a1040010.csv","20260810T082129Z_8b745f9a6864_stage08_b01_formal_a1040010","kaiser__kaiser_int32_10e3__37f23fa8ed3d03ce__periodic","kaiser",,,,,,,,,,,,,,,"beta","scalar","INT32","1","exact_config_scalar","value=8","PASS","OK"
"stage08","stage08_input_preview_b01_kaiser_8b745f9a6864","formal","dtype_and_input_contract","runs/stage08_input_preview_b01_kaiser_8b745f9a6864/formal/20260810T082129Z_8b745f9a6864_stage08_b01_formal_a1040011/operator_dtype_evidence_kaiser_not_applicable_20260810T082129Z_8b745f9a6864_stage08_b01_formal_a1040011.csv","20260810T082129Z_8b745f9a6864_stage08_b01_formal_a1040011","kaiser__kaiser_int32_10e4__af3456ba1d3017f9__sym","kaiser","INT32","INT32","actual_typed_scalar_input","1","length:INT32=10000|sym:BOOL=true|beta:INT32:bytes=08000000",,"[{""input_name"":""window_positions"",""shape"":""[10000]"",""dtype"":""INDEX_INT64"",""element_count"":""10000"",""generator"":""implicit_window_index_domain(no_materialized_array)"",""preview_head4_tail2"":""i=0:position=0;i=1:position=1;i=2:position=2;i=3:position=3;i=9998:position=9998;i=9999:position=9999""},{""input_name"":""beta"",""shape"":""scalar"",""dtype"":""INT32"",""element_count"":""1"",""generator"":""exact_config_scalar"",""preview_head4_tail2"":""value=8""}]","{""length"":10000,""requested_dtype"":""INT32"",""sym"":true,""beta"":8}","af3456ba1d3017f9660b99b6bd79e83bb7f644b30175aec69bdea2f88178f1af",,,,"FP64",,,,,,,,"PASS","OK"
"stage08","stage08_input_preview_b01_kaiser_8b745f9a6864","formal","input_preview","runs/stage08_input_preview_b01_kaiser_8b745f9a6864/formal/20260810T082129Z_8b745f9a6864_stage08_b01_formal_a1040011/operator_input_evidence_kaiser_not_applicable_20260810T082129Z_8b745f9a6864_stage08_b01_formal_a1040011.csv","20260810T082129Z_8b745f9a6864_stage08_b01_formal_a1040011","kaiser__kaiser_int32_10e4__af3456ba1d3017f9__sym","kaiser",,,,,,,,,,,,,,,"window_positions","[10000]","INDEX_INT64","10000","implicit_window_index_domain(no_materialized_array)","i=0:position=0;i=1:position=1;i=2:position=2;i=3:position=3;i=9998:position=9998;i=9999:position=9999","PASS","OK"
"stage08","stage08_input_preview_b01_kaiser_8b745f9a6864","formal","input_preview","runs/stage08_input_preview_b01_kaiser_8b745f9a6864/formal/20260810T082129Z_8b745f9a6864_stage08_b01_formal_a1040011/operator_input_evidence_kaiser_not_applicable_20260810T082129Z_8b745f9a6864_stage08_b01_formal_a1040011.csv","20260810T082129Z_8b745f9a6864_stage08_b01_formal_a1040011","kaiser__kaiser_int32_10e4__af3456ba1d3017f9__sym","kaiser",,,,,,,,,,,,,,,"beta","scalar","INT32","1","exact_config_scalar","value=8","PASS","OK"
"stage08","stage08_input_preview_b01_kaiser_8b745f9a6864","formal","dtype_and_input_contract","runs/stage08_input_preview_b01_kaiser_8b745f9a6864/formal/20260810T082129Z_8b745f9a6864_stage08_b01_formal_a1040012/operator_dtype_evidence_kaiser_not_applicable_20260810T082129Z_8b745f9a6864_stage08_b01_formal_a1040012.csv","20260810T082129Z_8b745f9a6864_stage08_b01_formal_a1040012","kaiser__kaiser_int32_10e4__63b56ee080418d5e__periodic","kaiser","INT32","INT32","actual_typed_scalar_input","1","length:INT32=10000|sym:BOOL=false|beta:INT32:bytes=08000000",,"[{""input_name"":""window_positions"",""shape"":""[10000]"",""dtype"":""INDEX_INT64"",""element_count"":""10000"",""generator"":""implicit_window_index_domain(no_materialized_array)"",""preview_head4_tail2"":""i=0:position=0;i=1:position=1;i=2:position=2;i=3:position=3;i=9998:position=9998;i=9999:position=9999""},{""input_name"":""beta"",""shape"":""scalar"",""dtype"":""INT32"",""element_count"":""1"",""generator"":""exact_config_scalar"",""preview_head4_tail2"":""value=8""}]","{""length"":10000,""requested_dtype"":""INT32"",""sym"":false,""beta"":8}","63b56ee080418d5e50de41c2a545d3cc405f9cbd6531cf4d9454811f1ad67aec",,,,"FP64",,,,,,,,"PASS","OK"
"stage08","stage08_input_preview_b01_kaiser_8b745f9a6864","formal","input_preview","runs/stage08_input_preview_b01_kaiser_8b745f9a6864/formal/20260810T082129Z_8b745f9a6864_stage08_b01_formal_a1040012/operator_input_evidence_kaiser_not_applicable_20260810T082129Z_8b745f9a6864_stage08_b01_formal_a1040012.csv","20260810T082129Z_8b745f9a6864_stage08_b01_formal_a1040012","kaiser__kaiser_int32_10e4__63b56ee080418d5e__periodic","kaiser",,,,,,,,,,,,,,,"window_positions","[10000]","INDEX_INT64","10000","implicit_window_index_domain(no_materialized_array)","i=0:position=0;i=1:position=1;i=2:position=2;i=3:position=3;i=9998:position=9998;i=9999:position=9999","PASS","OK"
"stage08","stage08_input_preview_b01_kaiser_8b745f9a6864","formal","input_preview","runs/stage08_input_preview_b01_kaiser_8b745f9a6864/formal/20260810T082129Z_8b745f9a6864_stage08_b01_formal_a1040012/operator_input_evidence_kaiser_not_applicable_20260810T082129Z_8b745f9a6864_stage08_b01_formal_a1040012.csv","20260810T082129Z_8b745f9a6864_stage08_b01_formal_a1040012","kaiser__kaiser_int32_10e4__63b56ee080418d5e__periodic","kaiser",,,,,,,,,,,,,,,"beta","scalar","INT32","1","exact_config_scalar","value=8","PASS","OK"
"stage08","stage08_input_preview_b01_kaiser_8b745f9a6864","formal","dtype_and_input_contract","runs/stage08_input_preview_b01_kaiser_8b745f9a6864/formal/20260810T082129Z_8b745f9a6864_stage08_b01_formal_a1040013/operator_dtype_evidence_kaiser_not_applicable_20260810T082129Z_8b745f9a6864_stage08_b01_formal_a1040013.csv","20260810T082129Z_8b745f9a6864_stage08_b01_formal_a1040013","kaiser__kaiser_int16_10e2__d5c749764ba8c024__sym","kaiser","INT16","INT16","actual_typed_scalar_input","1","length:INT32=100|sym:BOOL=true|beta:INT16:bytes=0800",,"[{""input_name"":""window_positions"",""shape"":""[100]"",""dtype"":""INDEX_INT64"",""element_count"":""100"",""generator"":""implicit_window_index_domain(no_materialized_array)"",""preview_head4_tail2"":""i=0:position=0;i=1:position=1;i=2:position=2;i=3:position=3;i=98:position=98;i=99:position=99""},{""input_name"":""beta"",""shape"":""scalar"",""dtype"":""INT16"",""element_count"":""1"",""generator"":""exact_config_scalar"",""preview_head4_tail2"":""value=8""}]","{""length"":100,""requested_dtype"":""INT16"",""sym"":true,""beta"":8}","d5c749764ba8c02489fb772902dd2d3b7760b304b0be42d3b804c83be3b34827",,,,"FP64",,,,,,,,"PASS","OK"
"stage08","stage08_input_preview_b01_kaiser_8b745f9a6864","formal","input_preview","runs/stage08_input_preview_b01_kaiser_8b745f9a6864/formal/20260810T082129Z_8b745f9a6864_stage08_b01_formal_a1040013/operator_input_evidence_kaiser_not_applicable_20260810T082129Z_8b745f9a6864_stage08_b01_formal_a1040013.csv","20260810T082129Z_8b745f9a6864_stage08_b01_formal_a1040013","kaiser__kaiser_int16_10e2__d5c749764ba8c024__sym","kaiser",,,,,,,,,,,,,,,"window_positions","[100]","INDEX_INT64","100","implicit_window_index_domain(no_materialized_array)","i=0:position=0;i=1:position=1;i=2:position=2;i=3:position=3;i=98:position=98;i=99:position=99","PASS","OK"
"stage08","stage08_input_preview_b01_kaiser_8b745f9a6864","formal","input_preview","runs/stage08_input_preview_b01_kaiser_8b745f9a6864/formal/20260810T082129Z_8b745f9a6864_stage08_b01_formal_a1040013/operator_input_evidence_kaiser_not_applicable_20260810T082129Z_8b745f9a6864_stage08_b01_formal_a1040013.csv","20260810T082129Z_8b745f9a6864_stage08_b01_formal_a1040013","kaiser__kaiser_int16_10e2__d5c749764ba8c024__sym","kaiser",,,,,,,,,,,,,,,"beta","scalar","INT16","1","exact_config_scalar","value=8","PASS","OK"
"stage08","stage08_input_preview_b01_kaiser_8b745f9a6864","formal","dtype_and_input_contract","runs/stage08_input_preview_b01_kaiser_8b745f9a6864/formal/20260810T082129Z_8b745f9a6864_stage08_b01_formal_a1040014/operator_dtype_evidence_kaiser_not_applicable_20260810T082129Z_8b745f9a6864_stage08_b01_formal_a1040014.csv","20260810T082129Z_8b745f9a6864_stage08_b01_formal_a1040014","kaiser__kaiser_int16_10e2__4fbf018ee4e07288__periodic","kaiser","INT16","INT16","actual_typed_scalar_input","1","length:INT32=100|sym:BOOL=false|beta:INT16:bytes=0800",,"[{""input_name"":""window_positions"",""shape"":""[100]"",""dtype"":""INDEX_INT64"",""element_count"":""100"",""generator"":""implicit_window_index_domain(no_materialized_array)"",""preview_head4_tail2"":""i=0:position=0;i=1:position=1;i=2:position=2;i=3:position=3;i=98:position=98;i=99:position=99""},{""input_name"":""beta"",""shape"":""scalar"",""dtype"":""INT16"",""element_count"":""1"",""generator"":""exact_config_scalar"",""preview_head4_tail2"":""value=8""}]","{""length"":100,""requested_dtype"":""INT16"",""sym"":false,""beta"":8}","4fbf018ee4e07288a6f5ff1acb70f64e154471207c61ac74005b450aa2fdb547",,,,"FP64",,,,,,,,"PASS","OK"
"stage08","stage08_input_preview_b01_kaiser_8b745f9a6864","formal","input_preview","runs/stage08_input_preview_b01_kaiser_8b745f9a6864/formal/20260810T082129Z_8b745f9a6864_stage08_b01_formal_a1040014/operator_input_evidence_kaiser_not_applicable_20260810T082129Z_8b745f9a6864_stage08_b01_formal_a1040014.csv","20260810T082129Z_8b745f9a6864_stage08_b01_formal_a1040014","kaiser__kaiser_int16_10e2__4fbf018ee4e07288__periodic","kaiser",,,,,,,,,,,,,,,"window_positions","[100]","INDEX_INT64","100","implicit_window_index_domain(no_materialized_array)","i=0:position=0;i=1:position=1;i=2:position=2;i=3:position=3;i=98:position=98;i=99:position=99","PASS","OK"
"stage08","stage08_input_preview_b01_kaiser_8b745f9a6864","formal","input_preview","runs/stage08_input_preview_b01_kaiser_8b745f9a6864/formal/20260810T082129Z_8b745f9a6864_stage08_b01_formal_a1040014/operator_input_evidence_kaiser_not_applicable_20260810T082129Z_8b745f9a6864_stage08_b01_formal_a1040014.csv","20260810T082129Z_8b745f9a6864_stage08_b01_formal_a1040014","kaiser__kaiser_int16_10e2__4fbf018ee4e07288__periodic","kaiser",,,,,,,,,,,,,,,"beta","scalar","INT16","1","exact_config_scalar","value=8","PASS","OK"
"stage08","stage08_input_preview_b01_kaiser_8b745f9a6864","formal","dtype_and_input_contract","runs/stage08_input_preview_b01_kaiser_8b745f9a6864/formal/20260810T082130Z_8b745f9a6864_stage08_b01_formal_a1040015/operator_dtype_evidence_kaiser_not_applicable_20260810T082130Z_8b745f9a6864_stage08_b01_formal_a1040015.csv","20260810T082130Z_8b745f9a6864_stage08_b01_formal_a1040015","kaiser__kaiser_int16_10e3__74709b6e0b9bcf4d__sym","kaiser","INT16","INT16","actual_typed_scalar_input","1","length:INT32=1000|sym:BOOL=true|beta:INT16:bytes=0800",,"[{""input_name"":""window_positions"",""shape"":""[1000]"",""dtype"":""INDEX_INT64"",""element_count"":""1000"",""generator"":""implicit_window_index_domain(no_materialized_array)"",""preview_head4_tail2"":""i=0:position=0;i=1:position=1;i=2:position=2;i=3:position=3;i=998:position=998;i=999:position=999""},{""input_name"":""beta"",""shape"":""scalar"",""dtype"":""INT16"",""element_count"":""1"",""generator"":""exact_config_scalar"",""preview_head4_tail2"":""value=8""}]","{""length"":1000,""requested_dtype"":""INT16"",""sym"":true,""beta"":8}","74709b6e0b9bcf4d6200d5bb50f3827293e1db326fc430281aa5aca886111923",,,,"FP64",,,,,,,,"PASS","OK"
"stage08","stage08_input_preview_b01_kaiser_8b745f9a6864","formal","input_preview","runs/stage08_input_preview_b01_kaiser_8b745f9a6864/formal/20260810T082130Z_8b745f9a6864_stage08_b01_formal_a1040015/operator_input_evidence_kaiser_not_applicable_20260810T082130Z_8b745f9a6864_stage08_b01_formal_a1040015.csv","20260810T082130Z_8b745f9a6864_stage08_b01_formal_a1040015","kaiser__kaiser_int16_10e3__74709b6e0b9bcf4d__sym","kaiser",,,,,,,,,,,,,,,"window_positions","[1000]","INDEX_INT64","1000","implicit_window_index_domain(no_materialized_array)","i=0:position=0;i=1:position=1;i=2:position=2;i=3:position=3;i=998:position=998;i=999:position=999","PASS","OK"
"stage08","stage08_input_preview_b01_kaiser_8b745f9a6864","formal","input_preview","runs/stage08_input_preview_b01_kaiser_8b745f9a6864/formal/20260810T082130Z_8b745f9a6864_stage08_b01_formal_a1040015/operator_input_evidence_kaiser_not_applicable_20260810T082130Z_8b745f9a6864_stage08_b01_formal_a1040015.csv","20260810T082130Z_8b745f9a6864_stage08_b01_formal_a1040015","kaiser__kaiser_int16_10e3__74709b6e0b9bcf4d__sym","kaiser",,,,,,,,,,,,,,,"beta","scalar","INT16","1","exact_config_scalar","value=8","PASS","OK"
"stage08","stage08_input_preview_b01_kaiser_8b745f9a6864","formal","dtype_and_input_contract","runs/stage08_input_preview_b01_kaiser_8b745f9a6864/formal/20260810T082130Z_8b745f9a6864_stage08_b01_formal_a1040016/operator_dtype_evidence_kaiser_not_applicable_20260810T082130Z_8b745f9a6864_stage08_b01_formal_a1040016.csv","20260810T082130Z_8b745f9a6864_stage08_b01_formal_a1040016","kaiser__kaiser_int16_10e3__4a2b9166701cf567__periodic","kaiser","INT16","INT16","actual_typed_scalar_input","1","length:INT32=1000|sym:BOOL=false|beta:INT16:bytes=0800",,"[{""input_name"":""window_positions"",""shape"":""[1000]"",""dtype"":""INDEX_INT64"",""element_count"":""1000"",""generator"":""implicit_window_index_domain(no_materialized_array)"",""preview_head4_tail2"":""i=0:position=0;i=1:position=1;i=2:position=2;i=3:position=3;i=998:position=998;i=999:position=999""},{""input_name"":""beta"",""shape"":""scalar"",""dtype"":""INT16"",""element_count"":""1"",""generator"":""exact_config_scalar"",""preview_head4_tail2"":""value=8""}]","{""length"":1000,""requested_dtype"":""INT16"",""sym"":false,""beta"":8}","4a2b9166701cf5672701837e2e5ada0cdae73f8f410a4a7725a7f480a38605db",,,,"FP64",,,,,,,,"PASS","OK"
"stage08","stage08_input_preview_b01_kaiser_8b745f9a6864","formal","input_preview","runs/stage08_input_preview_b01_kaiser_8b745f9a6864/formal/20260810T082130Z_8b745f9a6864_stage08_b01_formal_a1040016/operator_input_evidence_kaiser_not_applicable_20260810T082130Z_8b745f9a6864_stage08_b01_formal_a1040016.csv","20260810T082130Z_8b745f9a6864_stage08_b01_formal_a1040016","kaiser__kaiser_int16_10e3__4a2b9166701cf567__periodic","kaiser",,,,,,,,,,,,,,,"window_positions","[1000]","INDEX_INT64","1000","implicit_window_index_domain(no_materialized_array)","i=0:position=0;i=1:position=1;i=2:position=2;i=3:position=3;i=998:position=998;i=999:position=999","PASS","OK"
"stage08","stage08_input_preview_b01_kaiser_8b745f9a6864","formal","input_preview","runs/stage08_input_preview_b01_kaiser_8b745f9a6864/formal/20260810T082130Z_8b745f9a6864_stage08_b01_formal_a1040016/operator_input_evidence_kaiser_not_applicable_20260810T082130Z_8b745f9a6864_stage08_b01_formal_a1040016.csv","20260810T082130Z_8b745f9a6864_stage08_b01_formal_a1040016","kaiser__kaiser_int16_10e3__4a2b9166701cf567__periodic","kaiser",,,,,,,,,,,,,,,"beta","scalar","INT16","1","exact_config_scalar","value=8","PASS","OK"
"stage08","stage08_input_preview_b01_kaiser_8b745f9a6864","formal","dtype_and_input_contract","runs/stage08_input_preview_b01_kaiser_8b745f9a6864/formal/20260810T082130Z_8b745f9a6864_stage08_b01_formal_a1040017/operator_dtype_evidence_kaiser_not_applicable_20260810T082130Z_8b745f9a6864_stage08_b01_formal_a1040017.csv","20260810T082130Z_8b745f9a6864_stage08_b01_formal_a1040017","kaiser__kaiser_int16_10e4__81052564d4c970de__sym","kaiser","INT16","INT16","actual_typed_scalar_input","1","length:INT32=10000|sym:BOOL=true|beta:INT16:bytes=0800",,"[{""input_name"":""window_positions"",""shape"":""[10000]"",""dtype"":""INDEX_INT64"",""element_count"":""10000"",""generator"":""implicit_window_index_domain(no_materialized_array)"",""preview_head4_tail2"":""i=0:position=0;i=1:position=1;i=2:position=2;i=3:position=3;i=9998:position=9998;i=9999:position=9999""},{""input_name"":""beta"",""shape"":""scalar"",""dtype"":""INT16"",""element_count"":""1"",""generator"":""exact_config_scalar"",""preview_head4_tail2"":""value=8""}]","{""length"":10000,""requested_dtype"":""INT16"",""sym"":true,""beta"":8}","81052564d4c970de615a4b7233424716df676788e639d4727cd514f260b6b36d",,,,"FP64",,,,,,,,"PASS","OK"
"stage08","stage08_input_preview_b01_kaiser_8b745f9a6864","formal","input_preview","runs/stage08_input_preview_b01_kaiser_8b745f9a6864/formal/20260810T082130Z_8b745f9a6864_stage08_b01_formal_a1040017/operator_input_evidence_kaiser_not_applicable_20260810T082130Z_8b745f9a6864_stage08_b01_formal_a1040017.csv","20260810T082130Z_8b745f9a6864_stage08_b01_formal_a1040017","kaiser__kaiser_int16_10e4__81052564d4c970de__sym","kaiser",,,,,,,,,,,,,,,"window_positions","[10000]","INDEX_INT64","10000","implicit_window_index_domain(no_materialized_array)","i=0:position=0;i=1:position=1;i=2:position=2;i=3:position=3;i=9998:position=9998;i=9999:position=9999","PASS","OK"
"stage08","stage08_input_preview_b01_kaiser_8b745f9a6864","formal","input_preview","runs/stage08_input_preview_b01_kaiser_8b745f9a6864/formal/20260810T082130Z_8b745f9a6864_stage08_b01_formal_a1040017/operator_input_evidence_kaiser_not_applicable_20260810T082130Z_8b745f9a6864_stage08_b01_formal_a1040017.csv","20260810T082130Z_8b745f9a6864_stage08_b01_formal_a1040017","kaiser__kaiser_int16_10e4__81052564d4c970de__sym","kaiser",,,,,,,,,,,,,,,"beta","scalar","INT16","1","exact_config_scalar","value=8","PASS","OK"
"stage08","stage08_input_preview_b01_kaiser_8b745f9a6864","formal","dtype_and_input_contract","runs/stage08_input_preview_b01_kaiser_8b745f9a6864/formal/20260810T082130Z_8b745f9a6864_stage08_b01_formal_a1040018/operator_dtype_evidence_kaiser_not_applicable_20260810T082130Z_8b745f9a6864_stage08_b01_formal_a1040018.csv","20260810T082130Z_8b745f9a6864_stage08_b01_formal_a1040018","kaiser__kaiser_int16_10e4__dc162d7ba206b518__periodic","kaiser","INT16","INT16","actual_typed_scalar_input","1","length:INT32=10000|sym:BOOL=false|beta:INT16:bytes=0800",,"[{""input_name"":""window_positions"",""shape"":""[10000]"",""dtype"":""INDEX_INT64"",""element_count"":""10000"",""generator"":""implicit_window_index_domain(no_materialized_array)"",""preview_head4_tail2"":""i=0:position=0;i=1:position=1;i=2:position=2;i=3:position=3;i=9998:position=9998;i=9999:position=9999""},{""input_name"":""beta"",""shape"":""scalar"",""dtype"":""INT16"",""element_count"":""1"",""generator"":""exact_config_scalar"",""preview_head4_tail2"":""value=8""}]","{""length"":10000,""requested_dtype"":""INT16"",""sym"":false,""beta"":8}","dc162d7ba206b51824f0a33b82ea8cdf7543956c2b9a6ff30291b9f8c1c525e9",,,,"FP64",,,,,,,,"PASS","OK"
"stage08","stage08_input_preview_b01_kaiser_8b745f9a6864","formal","input_preview","runs/stage08_input_preview_b01_kaiser_8b745f9a6864/formal/20260810T082130Z_8b745f9a6864_stage08_b01_formal_a1040018/operator_input_evidence_kaiser_not_applicable_20260810T082130Z_8b745f9a6864_stage08_b01_formal_a1040018.csv","20260810T082130Z_8b745f9a6864_stage08_b01_formal_a1040018","kaiser__kaiser_int16_10e4__dc162d7ba206b518__periodic","kaiser",,,,,,,,,,,,,,,"window_positions","[10000]","INDEX_INT64","10000","implicit_window_index_domain(no_materialized_array)","i=0:position=0;i=1:position=1;i=2:position=2;i=3:position=3;i=9998:position=9998;i=9999:position=9999","PASS","OK"
"stage08","stage08_input_preview_b01_kaiser_8b745f9a6864","formal","input_preview","runs/stage08_input_preview_b01_kaiser_8b745f9a6864/formal/20260810T082130Z_8b745f9a6864_stage08_b01_formal_a1040018/operator_input_evidence_kaiser_not_applicable_20260810T082130Z_8b745f9a6864_stage08_b01_formal_a1040018.csv","20260810T082130Z_8b745f9a6864_stage08_b01_formal_a1040018","kaiser__kaiser_int16_10e4__dc162d7ba206b518__periodic","kaiser",,,,,,,,,,,,,,,"beta","scalar","INT16","1","exact_config_scalar","value=8","PASS","OK"
"stage08","stage08_input_preview_b01_kaiser_8b745f9a6864","formal","dtype_and_input_contract","runs/stage08_input_preview_b01_kaiser_8b745f9a6864/formal/20260810T082130Z_8b745f9a6864_stage08_b01_formal_a1040019/operator_dtype_evidence_kaiser_not_applicable_20260810T082130Z_8b745f9a6864_stage08_b01_formal_a1040019.csv","20260810T082130Z_8b745f9a6864_stage08_b01_formal_a1040019","kaiser__kaiser_int8_10e2__1a0a1d4d3712cd66__sym","kaiser","INT8","INT8","actual_typed_scalar_input","1","length:INT32=100|sym:BOOL=true|beta:INT8:bytes=08",,"[{""input_name"":""window_positions"",""shape"":""[100]"",""dtype"":""INDEX_INT64"",""element_count"":""100"",""generator"":""implicit_window_index_domain(no_materialized_array)"",""preview_head4_tail2"":""i=0:position=0;i=1:position=1;i=2:position=2;i=3:position=3;i=98:position=98;i=99:position=99""},{""input_name"":""beta"",""shape"":""scalar"",""dtype"":""INT8"",""element_count"":""1"",""generator"":""exact_config_scalar"",""preview_head4_tail2"":""value=8""}]","{""length"":100,""requested_dtype"":""INT8"",""sym"":true,""beta"":8}","1a0a1d4d3712cd66387f4ae7a21ab736dcb7ea5c871b5242e73bb02aca84511b",,,,"FP64",,,,,,,,"PASS","OK"
"stage08","stage08_input_preview_b01_kaiser_8b745f9a6864","formal","input_preview","runs/stage08_input_preview_b01_kaiser_8b745f9a6864/formal/20260810T082130Z_8b745f9a6864_stage08_b01_formal_a1040019/operator_input_evidence_kaiser_not_applicable_20260810T082130Z_8b745f9a6864_stage08_b01_formal_a1040019.csv","20260810T082130Z_8b745f9a6864_stage08_b01_formal_a1040019","kaiser__kaiser_int8_10e2__1a0a1d4d3712cd66__sym","kaiser",,,,,,,,,,,,,,,"window_positions","[100]","INDEX_INT64","100","implicit_window_index_domain(no_materialized_array)","i=0:position=0;i=1:position=1;i=2:position=2;i=3:position=3;i=98:position=98;i=99:position=99","PASS","OK"
"stage08","stage08_input_preview_b01_kaiser_8b745f9a6864","formal","input_preview","runs/stage08_input_preview_b01_kaiser_8b745f9a6864/formal/20260810T082130Z_8b745f9a6864_stage08_b01_formal_a1040019/operator_input_evidence_kaiser_not_applicable_20260810T082130Z_8b745f9a6864_stage08_b01_formal_a1040019.csv","20260810T082130Z_8b745f9a6864_stage08_b01_formal_a1040019","kaiser__kaiser_int8_10e2__1a0a1d4d3712cd66__sym","kaiser",,,,,,,,,,,,,,,"beta","scalar","INT8","1","exact_config_scalar","value=8","PASS","OK"
"stage08","stage08_input_preview_b01_kaiser_8b745f9a6864","formal","dtype_and_input_contract","runs/stage08_input_preview_b01_kaiser_8b745f9a6864/formal/20260810T082130Z_8b745f9a6864_stage08_b01_formal_a104001a/operator_dtype_evidence_kaiser_not_applicable_20260810T082130Z_8b745f9a6864_stage08_b01_formal_a104001a.csv","20260810T082130Z_8b745f9a6864_stage08_b01_formal_a104001a","kaiser__kaiser_int8_10e2__2717b67845b0cb80__periodic","kaiser","INT8","INT8","actual_typed_scalar_input","1","length:INT32=100|sym:BOOL=false|beta:INT8:bytes=08",,"[{""input_name"":""window_positions"",""shape"":""[100]"",""dtype"":""INDEX_INT64"",""element_count"":""100"",""generator"":""implicit_window_index_domain(no_materialized_array)"",""preview_head4_tail2"":""i=0:position=0;i=1:position=1;i=2:position=2;i=3:position=3;i=98:position=98;i=99:position=99""},{""input_name"":""beta"",""shape"":""scalar"",""dtype"":""INT8"",""element_count"":""1"",""generator"":""exact_config_scalar"",""preview_head4_tail2"":""value=8""}]","{""length"":100,""requested_dtype"":""INT8"",""sym"":false,""beta"":8}","2717b67845b0cb807ebe77185da4692a740e642a06104ded226fff40649ef7d7",,,,"FP64",,,,,,,,"PASS","OK"
"stage08","stage08_input_preview_b01_kaiser_8b745f9a6864","formal","input_preview","runs/stage08_input_preview_b01_kaiser_8b745f9a6864/formal/20260810T082130Z_8b745f9a6864_stage08_b01_formal_a104001a/operator_input_evidence_kaiser_not_applicable_20260810T082130Z_8b745f9a6864_stage08_b01_formal_a104001a.csv","20260810T082130Z_8b745f9a6864_stage08_b01_formal_a104001a","kaiser__kaiser_int8_10e2__2717b67845b0cb80__periodic","kaiser",,,,,,,,,,,,,,,"window_positions","[100]","INDEX_INT64","100","implicit_window_index_domain(no_materialized_array)","i=0:position=0;i=1:position=1;i=2:position=2;i=3:position=3;i=98:position=98;i=99:position=99","PASS","OK"
"stage08","stage08_input_preview_b01_kaiser_8b745f9a6864","formal","input_preview","runs/stage08_input_preview_b01_kaiser_8b745f9a6864/formal/20260810T082130Z_8b745f9a6864_stage08_b01_formal_a104001a/operator_input_evidence_kaiser_not_applicable_20260810T082130Z_8b745f9a6864_stage08_b01_formal_a104001a.csv","20260810T082130Z_8b745f9a6864_stage08_b01_formal_a104001a","kaiser__kaiser_int8_10e2__2717b67845b0cb80__periodic","kaiser",,,,,,,,,,,,,,,"beta","scalar","INT8","1","exact_config_scalar","value=8","PASS","OK"
"stage08","stage08_input_preview_b01_kaiser_8b745f9a6864","formal","dtype_and_input_contract","runs/stage08_input_preview_b01_kaiser_8b745f9a6864/formal/20260810T082130Z_8b745f9a6864_stage08_b01_formal_a104001b/operator_dtype_evidence_kaiser_not_applicable_20260810T082130Z_8b745f9a6864_stage08_b01_formal_a104001b.csv","20260810T082130Z_8b745f9a6864_stage08_b01_formal_a104001b","kaiser__kaiser_int8_10e3__23065a2aa1791fd3__sym","kaiser","INT8","INT8","actual_typed_scalar_input","1","length:INT32=1000|sym:BOOL=true|beta:INT8:bytes=08",,"[{""input_name"":""window_positions"",""shape"":""[1000]"",""dtype"":""INDEX_INT64"",""element_count"":""1000"",""generator"":""implicit_window_index_domain(no_materialized_array)"",""preview_head4_tail2"":""i=0:position=0;i=1:position=1;i=2:position=2;i=3:position=3;i=998:position=998;i=999:position=999""},{""input_name"":""beta"",""shape"":""scalar"",""dtype"":""INT8"",""element_count"":""1"",""generator"":""exact_config_scalar"",""preview_head4_tail2"":""value=8""}]","{""length"":1000,""requested_dtype"":""INT8"",""sym"":true,""beta"":8}","23065a2aa1791fd3c85752006414790f83d95bbec605c1f2e3a833aaa144918e",,,,"FP64",,,,,,,,"PASS","OK"
"stage08","stage08_input_preview_b01_kaiser_8b745f9a6864","formal","input_preview","runs/stage08_input_preview_b01_kaiser_8b745f9a6864/formal/20260810T082130Z_8b745f9a6864_stage08_b01_formal_a104001b/operator_input_evidence_kaiser_not_applicable_20260810T082130Z_8b745f9a6864_stage08_b01_formal_a104001b.csv","20260810T082130Z_8b745f9a6864_stage08_b01_formal_a104001b","kaiser__kaiser_int8_10e3__23065a2aa1791fd3__sym","kaiser",,,,,,,,,,,,,,,"window_positions","[1000]","INDEX_INT64","1000","implicit_window_index_domain(no_materialized_array)","i=0:position=0;i=1:position=1;i=2:position=2;i=3:position=3;i=998:position=998;i=999:position=999","PASS","OK"
"stage08","stage08_input_preview_b01_kaiser_8b745f9a6864","formal","input_preview","runs/stage08_input_preview_b01_kaiser_8b745f9a6864/formal/20260810T082130Z_8b745f9a6864_stage08_b01_formal_a104001b/operator_input_evidence_kaiser_not_applicable_20260810T082130Z_8b745f9a6864_stage08_b01_formal_a104001b.csv","20260810T082130Z_8b745f9a6864_stage08_b01_formal_a104001b","kaiser__kaiser_int8_10e3__23065a2aa1791fd3__sym","kaiser",,,,,,,,,,,,,,,"beta","scalar","INT8","1","exact_config_scalar","value=8","PASS","OK"
"stage08","stage08_input_preview_b01_kaiser_8b745f9a6864","formal","dtype_and_input_contract","runs/stage08_input_preview_b01_kaiser_8b745f9a6864/formal/20260810T082130Z_8b745f9a6864_stage08_b01_formal_a104001c/operator_dtype_evidence_kaiser_not_applicable_20260810T082130Z_8b745f9a6864_stage08_b01_formal_a104001c.csv","20260810T082130Z_8b745f9a6864_stage08_b01_formal_a104001c","kaiser__kaiser_int8_10e3__bc5c8c2eb8834191__periodic","kaiser","INT8","INT8","actual_typed_scalar_input","1","length:INT32=1000|sym:BOOL=false|beta:INT8:bytes=08",,"[{""input_name"":""window_positions"",""shape"":""[1000]"",""dtype"":""INDEX_INT64"",""element_count"":""1000"",""generator"":""implicit_window_index_domain(no_materialized_array)"",""preview_head4_tail2"":""i=0:position=0;i=1:position=1;i=2:position=2;i=3:position=3;i=998:position=998;i=999:position=999""},{""input_name"":""beta"",""shape"":""scalar"",""dtype"":""INT8"",""element_count"":""1"",""generator"":""exact_config_scalar"",""preview_head4_tail2"":""value=8""}]","{""length"":1000,""requested_dtype"":""INT8"",""sym"":false,""beta"":8}","bc5c8c2eb883419172e67cb13233001362d0f2169835e1a936c8fdf29a9a8cf7",,,,"FP64",,,,,,,,"PASS","OK"
"stage08","stage08_input_preview_b01_kaiser_8b745f9a6864","formal","input_preview","runs/stage08_input_preview_b01_kaiser_8b745f9a6864/formal/20260810T082130Z_8b745f9a6864_stage08_b01_formal_a104001c/operator_input_evidence_kaiser_not_applicable_20260810T082130Z_8b745f9a6864_stage08_b01_formal_a104001c.csv","20260810T082130Z_8b745f9a6864_stage08_b01_formal_a104001c","kaiser__kaiser_int8_10e3__bc5c8c2eb8834191__periodic","kaiser",,,,,,,,,,,,,,,"window_positions","[1000]","INDEX_INT64","1000","implicit_window_index_domain(no_materialized_array)","i=0:position=0;i=1:position=1;i=2:position=2;i=3:position=3;i=998:position=998;i=999:position=999","PASS","OK"
"stage08","stage08_input_preview_b01_kaiser_8b745f9a6864","formal","input_preview","runs/stage08_input_preview_b01_kaiser_8b745f9a6864/formal/20260810T082130Z_8b745f9a6864_stage08_b01_formal_a104001c/operator_input_evidence_kaiser_not_applicable_20260810T082130Z_8b745f9a6864_stage08_b01_formal_a104001c.csv","20260810T082130Z_8b745f9a6864_stage08_b01_formal_a104001c","kaiser__kaiser_int8_10e3__bc5c8c2eb8834191__periodic","kaiser",,,,,,,,,,,,,,,"beta","scalar","INT8","1","exact_config_scalar","value=8","PASS","OK"
"stage08","stage08_input_preview_b01_kaiser_8b745f9a6864","formal","dtype_and_input_contract","runs/stage08_input_preview_b01_kaiser_8b745f9a6864/formal/20260810T082131Z_8b745f9a6864_stage08_b01_formal_a104001d/operator_dtype_evidence_kaiser_not_applicable_20260810T082131Z_8b745f9a6864_stage08_b01_formal_a104001d.csv","20260810T082131Z_8b745f9a6864_stage08_b01_formal_a104001d","kaiser__kaiser_int8_10e4__d3e2b173864af1c8__sym","kaiser","INT8","INT8","actual_typed_scalar_input","1","length:INT32=10000|sym:BOOL=true|beta:INT8:bytes=08",,"[{""input_name"":""window_positions"",""shape"":""[10000]"",""dtype"":""INDEX_INT64"",""element_count"":""10000"",""generator"":""implicit_window_index_domain(no_materialized_array)"",""preview_head4_tail2"":""i=0:position=0;i=1:position=1;i=2:position=2;i=3:position=3;i=9998:position=9998;i=9999:position=9999""},{""input_name"":""beta"",""shape"":""scalar"",""dtype"":""INT8"",""element_count"":""1"",""generator"":""exact_config_scalar"",""preview_head4_tail2"":""value=8""}]","{""length"":10000,""requested_dtype"":""INT8"",""sym"":true,""beta"":8}","d3e2b173864af1c8052c24d82df63c20d3933a3626d004b563b7dd3c7d610e1a",,,,"FP64",,,,,,,,"PASS","OK"
"stage08","stage08_input_preview_b01_kaiser_8b745f9a6864","formal","input_preview","runs/stage08_input_preview_b01_kaiser_8b745f9a6864/formal/20260810T082131Z_8b745f9a6864_stage08_b01_formal_a104001d/operator_input_evidence_kaiser_not_applicable_20260810T082131Z_8b745f9a6864_stage08_b01_formal_a104001d.csv","20260810T082131Z_8b745f9a6864_stage08_b01_formal_a104001d","kaiser__kaiser_int8_10e4__d3e2b173864af1c8__sym","kaiser",,,,,,,,,,,,,,,"window_positions","[10000]","INDEX_INT64","10000","implicit_window_index_domain(no_materialized_array)","i=0:position=0;i=1:position=1;i=2:position=2;i=3:position=3;i=9998:position=9998;i=9999:position=9999","PASS","OK"
"stage08","stage08_input_preview_b01_kaiser_8b745f9a6864","formal","input_preview","runs/stage08_input_preview_b01_kaiser_8b745f9a6864/formal/20260810T082131Z_8b745f9a6864_stage08_b01_formal_a104001d/operator_input_evidence_kaiser_not_applicable_20260810T082131Z_8b745f9a6864_stage08_b01_formal_a104001d.csv","20260810T082131Z_8b745f9a6864_stage08_b01_formal_a104001d","kaiser__kaiser_int8_10e4__d3e2b173864af1c8__sym","kaiser",,,,,,,,,,,,,,,"beta","scalar","INT8","1","exact_config_scalar","value=8","PASS","OK"
"stage08","stage08_input_preview_b01_kaiser_8b745f9a6864","formal","dtype_and_input_contract","runs/stage08_input_preview_b01_kaiser_8b745f9a6864/formal/20260810T082131Z_8b745f9a6864_stage08_b01_formal_a104001e/operator_dtype_evidence_kaiser_not_applicable_20260810T082131Z_8b745f9a6864_stage08_b01_formal_a104001e.csv","20260810T082131Z_8b745f9a6864_stage08_b01_formal_a104001e","kaiser__kaiser_int8_10e4__2b6a57da80dae370__periodic","kaiser","INT8","INT8","actual_typed_scalar_input","1","length:INT32=10000|sym:BOOL=false|beta:INT8:bytes=08",,"[{""input_name"":""window_positions"",""shape"":""[10000]"",""dtype"":""INDEX_INT64"",""element_count"":""10000"",""generator"":""implicit_window_index_domain(no_materialized_array)"",""preview_head4_tail2"":""i=0:position=0;i=1:position=1;i=2:position=2;i=3:position=3;i=9998:position=9998;i=9999:position=9999""},{""input_name"":""beta"",""shape"":""scalar"",""dtype"":""INT8"",""element_count"":""1"",""generator"":""exact_config_scalar"",""preview_head4_tail2"":""value=8""}]","{""length"":10000,""requested_dtype"":""INT8"",""sym"":false,""beta"":8}","2b6a57da80dae370705e35e0b105bc217b369ed7435ef9be65045d795366144e",,,,"FP64",,,,,,,,"PASS","OK"
"stage08","stage08_input_preview_b01_kaiser_8b745f9a6864","formal","input_preview","runs/stage08_input_preview_b01_kaiser_8b745f9a6864/formal/20260810T082131Z_8b745f9a6864_stage08_b01_formal_a104001e/operator_input_evidence_kaiser_not_applicable_20260810T082131Z_8b745f9a6864_stage08_b01_formal_a104001e.csv","20260810T082131Z_8b745f9a6864_stage08_b01_formal_a104001e","kaiser__kaiser_int8_10e4__2b6a57da80dae370__periodic","kaiser",,,,,,,,,,,,,,,"window_positions","[10000]","INDEX_INT64","10000","implicit_window_index_domain(no_materialized_array)","i=0:position=0;i=1:position=1;i=2:position=2;i=3:position=3;i=9998:position=9998;i=9999:position=9999","PASS","OK"
"stage08","stage08_input_preview_b01_kaiser_8b745f9a6864","formal","input_preview","runs/stage08_input_preview_b01_kaiser_8b745f9a6864/formal/20260810T082131Z_8b745f9a6864_stage08_b01_formal_a104001e/operator_input_evidence_kaiser_not_applicable_20260810T082131Z_8b745f9a6864_stage08_b01_formal_a104001e.csv","20260810T082131Z_8b745f9a6864_stage08_b01_formal_a104001e","kaiser__kaiser_int8_10e4__2b6a57da80dae370__periodic","kaiser",,,,,,,,,,,,,,,"beta","scalar","INT8","1","exact_config_scalar","value=8","PASS","OK"
"stage08","stage08_input_preview_b02_parzen_a64a65577ccc","formal","dtype_and_input_contract","runs/stage08_input_preview_b02_parzen_a64a65577ccc/formal/20260810T083032Z_a64a65577ccc_stage08_b02_formal_a2010001/operator_dtype_evidence_parzen_not_applicable_20260810T083032Z_a64a65577ccc_stage08_b02_formal_a2010001.csv","20260810T083032Z_a64a65577ccc_stage08_b02_formal_a2010001","parzen__parzen_fp32_10e2__7f7d081aa0af5dfa__sym","parzen","FP32","FP32","request_variant_no_typed_data_input","0","length:INT32=100|sym:BOOL=true",,"[{""input_name"":""window_positions"",""shape"":""[100]"",""dtype"":""INDEX_INT64"",""element_count"":""100"",""generator"":""implicit_window_index_domain(no_materialized_array)"",""preview_head4_tail2"":""i=0:position=0;i=1:position=1;i=2:position=2;i=3:position=3;i=98:position=98;i=99:position=99""}]","{""length"":100,""requested_dtype"":""FP32"",""sym"":true,""dtype_semantics"":""request_variant_no_typed_data_input"",""typed_input_names"":""none""}","7f7d081aa0af5dfac9cbd2114e6e1ae81fa1069a67d6310ffd6db02c7f813864",,,,"FP64",,,,,,,,"PASS","OK"
"stage08","stage08_input_preview_b02_parzen_a64a65577ccc","formal","input_preview","runs/stage08_input_preview_b02_parzen_a64a65577ccc/formal/20260810T083032Z_a64a65577ccc_stage08_b02_formal_a2010001/operator_input_evidence_parzen_not_applicable_20260810T083032Z_a64a65577ccc_stage08_b02_formal_a2010001.csv","20260810T083032Z_a64a65577ccc_stage08_b02_formal_a2010001","parzen__parzen_fp32_10e2__7f7d081aa0af5dfa__sym","parzen",,,,,,,,,,,,,,,"window_positions","[100]","INDEX_INT64","100","implicit_window_index_domain(no_materialized_array)","i=0:position=0;i=1:position=1;i=2:position=2;i=3:position=3;i=98:position=98;i=99:position=99","PASS","OK"
"stage08","stage08_input_preview_b02_parzen_a64a65577ccc","formal","dtype_and_input_contract","runs/stage08_input_preview_b02_parzen_a64a65577ccc/formal/20260810T083032Z_a64a65577ccc_stage08_b02_formal_a2010002/operator_dtype_evidence_parzen_not_applicable_20260810T083032Z_a64a65577ccc_stage08_b02_formal_a2010002.csv","20260810T083032Z_a64a65577ccc_stage08_b02_formal_a2010002","parzen__parzen_fp32_10e2__dcd591d59c1c4f03__periodic","parzen","FP32","FP32","request_variant_no_typed_data_input","0","length:INT32=100|sym:BOOL=false",,"[{""input_name"":""window_positions"",""shape"":""[100]"",""dtype"":""INDEX_INT64"",""element_count"":""100"",""generator"":""implicit_window_index_domain(no_materialized_array)"",""preview_head4_tail2"":""i=0:position=0;i=1:position=1;i=2:position=2;i=3:position=3;i=98:position=98;i=99:position=99""}]","{""length"":100,""requested_dtype"":""FP32"",""sym"":false,""dtype_semantics"":""request_variant_no_typed_data_input"",""typed_input_names"":""none""}","dcd591d59c1c4f0312f128d800410df4856990f61a8c1880dc74ce18946cc2c7",,,,"FP64",,,,,,,,"PASS","OK"
"stage08","stage08_input_preview_b02_parzen_a64a65577ccc","formal","input_preview","runs/stage08_input_preview_b02_parzen_a64a65577ccc/formal/20260810T083032Z_a64a65577ccc_stage08_b02_formal_a2010002/operator_input_evidence_parzen_not_applicable_20260810T083032Z_a64a65577ccc_stage08_b02_formal_a2010002.csv","20260810T083032Z_a64a65577ccc_stage08_b02_formal_a2010002","parzen__parzen_fp32_10e2__dcd591d59c1c4f03__periodic","parzen",,,,,,,,,,,,,,,"window_positions","[100]","INDEX_INT64","100","implicit_window_index_domain(no_materialized_array)","i=0:position=0;i=1:position=1;i=2:position=2;i=3:position=3;i=98:position=98;i=99:position=99","PASS","OK"
"stage08","stage08_input_preview_b02_parzen_a64a65577ccc","formal","dtype_and_input_contract","runs/stage08_input_preview_b02_parzen_a64a65577ccc/formal/20260810T083032Z_a64a65577ccc_stage08_b02_formal_a2010003/operator_dtype_evidence_parzen_not_applicable_20260810T083032Z_a64a65577ccc_stage08_b02_formal_a2010003.csv","20260810T083032Z_a64a65577ccc_stage08_b02_formal_a2010003","parzen__parzen_fp32_10e3__6da158ece72508d2__sym","parzen","FP32","FP32","request_variant_no_typed_data_input","0","length:INT32=1000|sym:BOOL=true",,"[{""input_name"":""window_positions"",""shape"":""[1000]"",""dtype"":""INDEX_INT64"",""element_count"":""1000"",""generator"":""implicit_window_index_domain(no_materialized_array)"",""preview_head4_tail2"":""i=0:position=0;i=1:position=1;i=2:position=2;i=3:position=3;i=998:position=998;i=999:position=999""}]","{""length"":1000,""requested_dtype"":""FP32"",""sym"":true,""dtype_semantics"":""request_variant_no_typed_data_input"",""typed_input_names"":""none""}","6da158ece72508d29649124d2d289624f6020920ecb9c5233ac6aa50ef535fe7",,,,"FP64",,,,,,,,"PASS","OK"
"stage08","stage08_input_preview_b02_parzen_a64a65577ccc","formal","input_preview","runs/stage08_input_preview_b02_parzen_a64a65577ccc/formal/20260810T083032Z_a64a65577ccc_stage08_b02_formal_a2010003/operator_input_evidence_parzen_not_applicable_20260810T083032Z_a64a65577ccc_stage08_b02_formal_a2010003.csv","20260810T083032Z_a64a65577ccc_stage08_b02_formal_a2010003","parzen__parzen_fp32_10e3__6da158ece72508d2__sym","parzen",,,,,,,,,,,,,,,"window_positions","[1000]","INDEX_INT64","1000","implicit_window_index_domain(no_materialized_array)","i=0:position=0;i=1:position=1;i=2:position=2;i=3:position=3;i=998:position=998;i=999:position=999","PASS","OK"
"stage08","stage08_input_preview_b02_parzen_a64a65577ccc","formal","dtype_and_input_contract","runs/stage08_input_preview_b02_parzen_a64a65577ccc/formal/20260810T083032Z_a64a65577ccc_stage08_b02_formal_a2010004/operator_dtype_evidence_parzen_not_applicable_20260810T083032Z_a64a65577ccc_stage08_b02_formal_a2010004.csv","20260810T083032Z_a64a65577ccc_stage08_b02_formal_a2010004","parzen__parzen_fp32_10e3__2c38ec22bc77639b__periodic","parzen","FP32","FP32","request_variant_no_typed_data_input","0","length:INT32=1000|sym:BOOL=false",,"[{""input_name"":""window_positions"",""shape"":""[1000]"",""dtype"":""INDEX_INT64"",""element_count"":""1000"",""generator"":""implicit_window_index_domain(no_materialized_array)"",""preview_head4_tail2"":""i=0:position=0;i=1:position=1;i=2:position=2;i=3:position=3;i=998:position=998;i=999:position=999""}]","{""length"":1000,""requested_dtype"":""FP32"",""sym"":false,""dtype_semantics"":""request_variant_no_typed_data_input"",""typed_input_names"":""none""}","2c38ec22bc77639b93e2a6d9754d3f2496f591bfbe0e68f1bc4d9177dfcd796d",,,,"FP64",,,,,,,,"PASS","OK"
"stage08","stage08_input_preview_b02_parzen_a64a65577ccc","formal","input_preview","runs/stage08_input_preview_b02_parzen_a64a65577ccc/formal/20260810T083032Z_a64a65577ccc_stage08_b02_formal_a2010004/operator_input_evidence_parzen_not_applicable_20260810T083032Z_a64a65577ccc_stage08_b02_formal_a2010004.csv","20260810T083032Z_a64a65577ccc_stage08_b02_formal_a2010004","parzen__parzen_fp32_10e3__2c38ec22bc77639b__periodic","parzen",,,,,,,,,,,,,,,"window_positions","[1000]","INDEX_INT64","1000","implicit_window_index_domain(no_materialized_array)","i=0:position=0;i=1:position=1;i=2:position=2;i=3:position=3;i=998:position=998;i=999:position=999","PASS","OK"
"stage08","stage08_input_preview_b02_parzen_a64a65577ccc","formal","dtype_and_input_contract","runs/stage08_input_preview_b02_parzen_a64a65577ccc/formal/20260810T083032Z_a64a65577ccc_stage08_b02_formal_a2010005/operator_dtype_evidence_parzen_not_applicable_20260810T083032Z_a64a65577ccc_stage08_b02_formal_a2010005.csv","20260810T083032Z_a64a65577ccc_stage08_b02_formal_a2010005","parzen__parzen_fp32_10e4__cadad88e333e0a70__sym","parzen","FP32","FP32","request_variant_no_typed_data_input","0","length:INT32=10000|sym:BOOL=true",,"[{""input_name"":""window_positions"",""shape"":""[10000]"",""dtype"":""INDEX_INT64"",""element_count"":""10000"",""generator"":""implicit_window_index_domain(no_materialized_array)"",""preview_head4_tail2"":""i=0:position=0;i=1:position=1;i=2:position=2;i=3:position=3;i=9998:position=9998;i=9999:position=9999""}]","{""length"":10000,""requested_dtype"":""FP32"",""sym"":true,""dtype_semantics"":""request_variant_no_typed_data_input"",""typed_input_names"":""none""}","cadad88e333e0a70670079f972e771752bdabf67365c62ae56f8a799cc6ee292",,,,"FP64",,,,,,,,"PASS","OK"
"stage08","stage08_input_preview_b02_parzen_a64a65577ccc","formal","input_preview","runs/stage08_input_preview_b02_parzen_a64a65577ccc/formal/20260810T083032Z_a64a65577ccc_stage08_b02_formal_a2010005/operator_input_evidence_parzen_not_applicable_20260810T083032Z_a64a65577ccc_stage08_b02_formal_a2010005.csv","20260810T083032Z_a64a65577ccc_stage08_b02_formal_a2010005","parzen__parzen_fp32_10e4__cadad88e333e0a70__sym","parzen",,,,,,,,,,,,,,,"window_positions","[10000]","INDEX_INT64","10000","implicit_window_index_domain(no_materialized_array)","i=0:position=0;i=1:position=1;i=2:position=2;i=3:position=3;i=9998:position=9998;i=9999:position=9999","PASS","OK"
"stage08","stage08_input_preview_b02_parzen_a64a65577ccc","formal","dtype_and_input_contract","runs/stage08_input_preview_b02_parzen_a64a65577ccc/formal/20260810T083032Z_a64a65577ccc_stage08_b02_formal_a2010006/operator_dtype_evidence_parzen_not_applicable_20260810T083032Z_a64a65577ccc_stage08_b02_formal_a2010006.csv","20260810T083032Z_a64a65577ccc_stage08_b02_formal_a2010006","parzen__parzen_fp32_10e4__76494d2bef81be4b__periodic","parzen","FP32","FP32","request_variant_no_typed_data_input","0","length:INT32=10000|sym:BOOL=false",,"[{""input_name"":""window_positions"",""shape"":""[10000]"",""dtype"":""INDEX_INT64"",""element_count"":""10000"",""generator"":""implicit_window_index_domain(no_materialized_array)"",""preview_head4_tail2"":""i=0:position=0;i=1:position=1;i=2:position=2;i=3:position=3;i=9998:position=9998;i=9999:position=9999""}]","{""length"":10000,""requested_dtype"":""FP32"",""sym"":false,""dtype_semantics"":""request_variant_no_typed_data_input"",""typed_input_names"":""none""}","76494d2bef81be4babb51863b4a08c8e06a6b0ede8b9d8b479d3302163638ae0",,,,"FP64",,,,,,,,"PASS","OK"
"stage08","stage08_input_preview_b02_parzen_a64a65577ccc","formal","input_preview","runs/stage08_input_preview_b02_parzen_a64a65577ccc/formal/20260810T083032Z_a64a65577ccc_stage08_b02_formal_a2010006/operator_input_evidence_parzen_not_applicable_20260810T083032Z_a64a65577ccc_stage08_b02_formal_a2010006.csv","20260810T083032Z_a64a65577ccc_stage08_b02_formal_a2010006","parzen__parzen_fp32_10e4__76494d2bef81be4b__periodic","parzen",,,,,,,,,,,,,,,"window_positions","[10000]","INDEX_INT64","10000","implicit_window_index_domain(no_materialized_array)","i=0:position=0;i=1:position=1;i=2:position=2;i=3:position=3;i=9998:position=9998;i=9999:position=9999","PASS","OK"
"stage08","stage08_input_preview_b02_parzen_a64a65577ccc","formal","dtype_and_input_contract","runs/stage08_input_preview_b02_parzen_a64a65577ccc/formal/20260810T083033Z_a64a65577ccc_stage08_b02_formal_a2010007/operator_dtype_evidence_parzen_not_applicable_20260810T083033Z_a64a65577ccc_stage08_b02_formal_a2010007.csv","20260810T083033Z_a64a65577ccc_stage08_b02_formal_a2010007","parzen__parzen_fp16_10e2__7f7d081aa0af5dfa__sym","parzen","FP16","FP16","request_variant_no_typed_data_input","0","length:INT32=100|sym:BOOL=true",,"[{""input_name"":""window_positions"",""shape"":""[100]"",""dtype"":""INDEX_INT64"",""element_count"":""100"",""generator"":""implicit_window_index_domain(no_materialized_array)"",""preview_head4_tail2"":""i=0:position=0;i=1:position=1;i=2:position=2;i=3:position=3;i=98:position=98;i=99:position=99""}]","{""length"":100,""requested_dtype"":""FP16"",""sym"":true,""dtype_semantics"":""request_variant_no_typed_data_input"",""typed_input_names"":""none""}","7f7d081aa0af5dfac9cbd2114e6e1ae81fa1069a67d6310ffd6db02c7f813864",,,,"FP64",,,,,,,,"PASS","OK"
"stage08","stage08_input_preview_b02_parzen_a64a65577ccc","formal","input_preview","runs/stage08_input_preview_b02_parzen_a64a65577ccc/formal/20260810T083033Z_a64a65577ccc_stage08_b02_formal_a2010007/operator_input_evidence_parzen_not_applicable_20260810T083033Z_a64a65577ccc_stage08_b02_formal_a2010007.csv","20260810T083033Z_a64a65577ccc_stage08_b02_formal_a2010007","parzen__parzen_fp16_10e2__7f7d081aa0af5dfa__sym","parzen",,,,,,,,,,,,,,,"window_positions","[100]","INDEX_INT64","100","implicit_window_index_domain(no_materialized_array)","i=0:position=0;i=1:position=1;i=2:position=2;i=3:position=3;i=98:position=98;i=99:position=99","PASS","OK"
"stage08","stage08_input_preview_b02_parzen_a64a65577ccc","formal","dtype_and_input_contract","runs/stage08_input_preview_b02_parzen_a64a65577ccc/formal/20260810T083033Z_a64a65577ccc_stage08_b02_formal_a2010008/operator_dtype_evidence_parzen_not_applicable_20260810T083033Z_a64a65577ccc_stage08_b02_formal_a2010008.csv","20260810T083033Z_a64a65577ccc_stage08_b02_formal_a2010008","parzen__parzen_fp16_10e2__dcd591d59c1c4f03__periodic","parzen","FP16","FP16","request_variant_no_typed_data_input","0","length:INT32=100|sym:BOOL=false",,"[{""input_name"":""window_positions"",""shape"":""[100]"",""dtype"":""INDEX_INT64"",""element_count"":""100"",""generator"":""implicit_window_index_domain(no_materialized_array)"",""preview_head4_tail2"":""i=0:position=0;i=1:position=1;i=2:position=2;i=3:position=3;i=98:position=98;i=99:position=99""}]","{""length"":100,""requested_dtype"":""FP16"",""sym"":false,""dtype_semantics"":""request_variant_no_typed_data_input"",""typed_input_names"":""none""}","dcd591d59c1c4f0312f128d800410df4856990f61a8c1880dc74ce18946cc2c7",,,,"FP64",,,,,,,,"PASS","OK"
"stage08","stage08_input_preview_b02_parzen_a64a65577ccc","formal","input_preview","runs/stage08_input_preview_b02_parzen_a64a65577ccc/formal/20260810T083033Z_a64a65577ccc_stage08_b02_formal_a2010008/operator_input_evidence_parzen_not_applicable_20260810T083033Z_a64a65577ccc_stage08_b02_formal_a2010008.csv","20260810T083033Z_a64a65577ccc_stage08_b02_formal_a2010008","parzen__parzen_fp16_10e2__dcd591d59c1c4f03__periodic","parzen",,,,,,,,,,,,,,,"window_positions","[100]","INDEX_INT64","100","implicit_window_index_domain(no_materialized_array)","i=0:position=0;i=1:position=1;i=2:position=2;i=3:position=3;i=98:position=98;i=99:position=99","PASS","OK"
"stage08","stage08_input_preview_b02_parzen_a64a65577ccc","formal","dtype_and_input_contract","runs/stage08_input_preview_b02_parzen_a64a65577ccc/formal/20260810T083033Z_a64a65577ccc_stage08_b02_formal_a2010009/operator_dtype_evidence_parzen_not_applicable_20260810T083033Z_a64a65577ccc_stage08_b02_formal_a2010009.csv","20260810T083033Z_a64a65577ccc_stage08_b02_formal_a2010009","parzen__parzen_fp16_10e3__6da158ece72508d2__sym","parzen","FP16","FP16","request_variant_no_typed_data_input","0","length:INT32=1000|sym:BOOL=true",,"[{""input_name"":""window_positions"",""shape"":""[1000]"",""dtype"":""INDEX_INT64"",""element_count"":""1000"",""generator"":""implicit_window_index_domain(no_materialized_array)"",""preview_head4_tail2"":""i=0:position=0;i=1:position=1;i=2:position=2;i=3:position=3;i=998:position=998;i=999:position=999""}]","{""length"":1000,""requested_dtype"":""FP16"",""sym"":true,""dtype_semantics"":""request_variant_no_typed_data_input"",""typed_input_names"":""none""}","6da158ece72508d29649124d2d289624f6020920ecb9c5233ac6aa50ef535fe7",,,,"FP64",,,,,,,,"PASS","OK"
"stage08","stage08_input_preview_b02_parzen_a64a65577ccc","formal","input_preview","runs/stage08_input_preview_b02_parzen_a64a65577ccc/formal/20260810T083033Z_a64a65577ccc_stage08_b02_formal_a2010009/operator_input_evidence_parzen_not_applicable_20260810T083033Z_a64a65577ccc_stage08_b02_formal_a2010009.csv","20260810T083033Z_a64a65577ccc_stage08_b02_formal_a2010009","parzen__parzen_fp16_10e3__6da158ece72508d2__sym","parzen",,,,,,,,,,,,,,,"window_positions","[1000]","INDEX_INT64","1000","implicit_window_index_domain(no_materialized_array)","i=0:position=0;i=1:position=1;i=2:position=2;i=3:position=3;i=998:position=998;i=999:position=999","PASS","OK"
"stage08","stage08_input_preview_b02_parzen_a64a65577ccc","formal","dtype_and_input_contract","runs/stage08_input_preview_b02_parzen_a64a65577ccc/formal/20260810T083033Z_a64a65577ccc_stage08_b02_formal_a201000a/operator_dtype_evidence_parzen_not_applicable_20260810T083033Z_a64a65577ccc_stage08_b02_formal_a201000a.csv","20260810T083033Z_a64a65577ccc_stage08_b02_formal_a201000a","parzen__parzen_fp16_10e3__2c38ec22bc77639b__periodic","parzen","FP16","FP16","request_variant_no_typed_data_input","0","length:INT32=1000|sym:BOOL=false",,"[{""input_name"":""window_positions"",""shape"":""[1000]"",""dtype"":""INDEX_INT64"",""element_count"":""1000"",""generator"":""implicit_window_index_domain(no_materialized_array)"",""preview_head4_tail2"":""i=0:position=0;i=1:position=1;i=2:position=2;i=3:position=3;i=998:position=998;i=999:position=999""}]","{""length"":1000,""requested_dtype"":""FP16"",""sym"":false,""dtype_semantics"":""request_variant_no_typed_data_input"",""typed_input_names"":""none""}","2c38ec22bc77639b93e2a6d9754d3f2496f591bfbe0e68f1bc4d9177dfcd796d",,,,"FP64",,,,,,,,"PASS","OK"
"stage08","stage08_input_preview_b02_parzen_a64a65577ccc","formal","input_preview","runs/stage08_input_preview_b02_parzen_a64a65577ccc/formal/20260810T083033Z_a64a65577ccc_stage08_b02_formal_a201000a/operator_input_evidence_parzen_not_applicable_20260810T083033Z_a64a65577ccc_stage08_b02_formal_a201000a.csv","20260810T083033Z_a64a65577ccc_stage08_b02_formal_a201000a","parzen__parzen_fp16_10e3__2c38ec22bc77639b__periodic","parzen",,,,,,,,,,,,,,,"window_positions","[1000]","INDEX_INT64","1000","implicit_window_index_domain(no_materialized_array)","i=0:position=0;i=1:position=1;i=2:position=2;i=3:position=3;i=998:position=998;i=999:position=999","PASS","OK"
"stage08","stage08_input_preview_b02_parzen_a64a65577ccc","formal","dtype_and_input_contract","runs/stage08_input_preview_b02_parzen_a64a65577ccc/formal/20260810T083033Z_a64a65577ccc_stage08_b02_formal_a201000b/operator_dtype_evidence_parzen_not_applicable_20260810T083033Z_a64a65577ccc_stage08_b02_formal_a201000b.csv","20260810T083033Z_a64a65577ccc_stage08_b02_formal_a201000b","parzen__parzen_fp16_10e4__cadad88e333e0a70__sym","parzen","FP16","FP16","request_variant_no_typed_data_input","0","length:INT32=10000|sym:BOOL=true",,"[{""input_name"":""window_positions"",""shape"":""[10000]"",""dtype"":""INDEX_INT64"",""element_count"":""10000"",""generator"":""implicit_window_index_domain(no_materialized_array)"",""preview_head4_tail2"":""i=0:position=0;i=1:position=1;i=2:position=2;i=3:position=3;i=9998:position=9998;i=9999:position=9999""}]","{""length"":10000,""requested_dtype"":""FP16"",""sym"":true,""dtype_semantics"":""request_variant_no_typed_data_input"",""typed_input_names"":""none""}","cadad88e333e0a70670079f972e771752bdabf67365c62ae56f8a799cc6ee292",,,,"FP64",,,,,,,,"PASS","OK"
"stage08","stage08_input_preview_b02_parzen_a64a65577ccc","formal","input_preview","runs/stage08_input_preview_b02_parzen_a64a65577ccc/formal/20260810T083033Z_a64a65577ccc_stage08_b02_formal_a201000b/operator_input_evidence_parzen_not_applicable_20260810T083033Z_a64a65577ccc_stage08_b02_formal_a201000b.csv","20260810T083033Z_a64a65577ccc_stage08_b02_formal_a201000b","parzen__parzen_fp16_10e4__cadad88e333e0a70__sym","parzen",,,,,,,,,,,,,,,"window_positions","[10000]","INDEX_INT64","10000","implicit_window_index_domain(no_materialized_array)","i=0:position=0;i=1:position=1;i=2:position=2;i=3:position=3;i=9998:position=9998;i=9999:position=9999","PASS","OK"
"stage08","stage08_input_preview_b02_parzen_a64a65577ccc","formal","dtype_and_input_contract","runs/stage08_input_preview_b02_parzen_a64a65577ccc/formal/20260810T083033Z_a64a65577ccc_stage08_b02_formal_a201000c/operator_dtype_evidence_parzen_not_applicable_20260810T083033Z_a64a65577ccc_stage08_b02_formal_a201000c.csv","20260810T083033Z_a64a65577ccc_stage08_b02_formal_a201000c","parzen__parzen_fp16_10e4__76494d2bef81be4b__periodic","parzen","FP16","FP16","request_variant_no_typed_data_input","0","length:INT32=10000|sym:BOOL=false",,"[{""input_name"":""window_positions"",""shape"":""[10000]"",""dtype"":""INDEX_INT64"",""element_count"":""10000"",""generator"":""implicit_window_index_domain(no_materialized_array)"",""preview_head4_tail2"":""i=0:position=0;i=1:position=1;i=2:position=2;i=3:position=3;i=9998:position=9998;i=9999:position=9999""}]","{""length"":10000,""requested_dtype"":""FP16"",""sym"":false,""dtype_semantics"":""request_variant_no_typed_data_input"",""typed_input_names"":""none""}","76494d2bef81be4babb51863b4a08c8e06a6b0ede8b9d8b479d3302163638ae0",,,,"FP64",,,,,,,,"PASS","OK"
"stage08","stage08_input_preview_b02_parzen_a64a65577ccc","formal","input_preview","runs/stage08_input_preview_b02_parzen_a64a65577ccc/formal/20260810T083033Z_a64a65577ccc_stage08_b02_formal_a201000c/operator_input_evidence_parzen_not_applicable_20260810T083033Z_a64a65577ccc_stage08_b02_formal_a201000c.csv","20260810T083033Z_a64a65577ccc_stage08_b02_formal_a201000c","parzen__parzen_fp16_10e4__76494d2bef81be4b__periodic","parzen",,,,,,,,,,,,,,,"window_positions","[10000]","INDEX_INT64","10000","implicit_window_index_domain(no_materialized_array)","i=0:position=0;i=1:position=1;i=2:position=2;i=3:position=3;i=9998:position=9998;i=9999:position=9999","PASS","OK"
"stage08","stage08_input_preview_b02_parzen_a64a65577ccc","formal","dtype_and_input_contract","runs/stage08_input_preview_b02_parzen_a64a65577ccc/formal/20260810T083033Z_a64a65577ccc_stage08_b02_formal_a201000d/operator_dtype_evidence_parzen_not_applicable_20260810T083033Z_a64a65577ccc_stage08_b02_formal_a201000d.csv","20260810T083033Z_a64a65577ccc_stage08_b02_formal_a201000d","parzen__parzen_int32_10e2__7f7d081aa0af5dfa__sym","parzen","INT32","INT32","request_variant_no_typed_data_input","0","length:INT32=100|sym:BOOL=true",,"[{""input_name"":""window_positions"",""shape"":""[100]"",""dtype"":""INDEX_INT64"",""element_count"":""100"",""generator"":""implicit_window_index_domain(no_materialized_array)"",""preview_head4_tail2"":""i=0:position=0;i=1:position=1;i=2:position=2;i=3:position=3;i=98:position=98;i=99:position=99""}]","{""length"":100,""requested_dtype"":""INT32"",""sym"":true,""dtype_semantics"":""request_variant_no_typed_data_input"",""typed_input_names"":""none""}","7f7d081aa0af5dfac9cbd2114e6e1ae81fa1069a67d6310ffd6db02c7f813864",,,,"FP64",,,,,,,,"PASS","OK"
"stage08","stage08_input_preview_b02_parzen_a64a65577ccc","formal","input_preview","runs/stage08_input_preview_b02_parzen_a64a65577ccc/formal/20260810T083033Z_a64a65577ccc_stage08_b02_formal_a201000d/operator_input_evidence_parzen_not_applicable_20260810T083033Z_a64a65577ccc_stage08_b02_formal_a201000d.csv","20260810T083033Z_a64a65577ccc_stage08_b02_formal_a201000d","parzen__parzen_int32_10e2__7f7d081aa0af5dfa__sym","parzen",,,,,,,,,,,,,,,"window_positions","[100]","INDEX_INT64","100","implicit_window_index_domain(no_materialized_array)","i=0:position=0;i=1:position=1;i=2:position=2;i=3:position=3;i=98:position=98;i=99:position=99","PASS","OK"
"stage08","stage08_input_preview_b02_parzen_a64a65577ccc","formal","dtype_and_input_contract","runs/stage08_input_preview_b02_parzen_a64a65577ccc/formal/20260810T083033Z_a64a65577ccc_stage08_b02_formal_a201000e/operator_dtype_evidence_parzen_not_applicable_20260810T083033Z_a64a65577ccc_stage08_b02_formal_a201000e.csv","20260810T083033Z_a64a65577ccc_stage08_b02_formal_a201000e","parzen__parzen_int32_10e2__dcd591d59c1c4f03__periodic","parzen","INT32","INT32","request_variant_no_typed_data_input","0","length:INT32=100|sym:BOOL=false",,"[{""input_name"":""window_positions"",""shape"":""[100]"",""dtype"":""INDEX_INT64"",""element_count"":""100"",""generator"":""implicit_window_index_domain(no_materialized_array)"",""preview_head4_tail2"":""i=0:position=0;i=1:position=1;i=2:position=2;i=3:position=3;i=98:position=98;i=99:position=99""}]","{""length"":100,""requested_dtype"":""INT32"",""sym"":false,""dtype_semantics"":""request_variant_no_typed_data_input"",""typed_input_names"":""none""}","dcd591d59c1c4f0312f128d800410df4856990f61a8c1880dc74ce18946cc2c7",,,,"FP64",,,,,,,,"PASS","OK"
"stage08","stage08_input_preview_b02_parzen_a64a65577ccc","formal","input_preview","runs/stage08_input_preview_b02_parzen_a64a65577ccc/formal/20260810T083033Z_a64a65577ccc_stage08_b02_formal_a201000e/operator_input_evidence_parzen_not_applicable_20260810T083033Z_a64a65577ccc_stage08_b02_formal_a201000e.csv","20260810T083033Z_a64a65577ccc_stage08_b02_formal_a201000e","parzen__parzen_int32_10e2__dcd591d59c1c4f03__periodic","parzen",,,,,,,,,,,,,,,"window_positions","[100]","INDEX_INT64","100","implicit_window_index_domain(no_materialized_array)","i=0:position=0;i=1:position=1;i=2:position=2;i=3:position=3;i=98:position=98;i=99:position=99","PASS","OK"
"stage08","stage08_input_preview_b02_parzen_a64a65577ccc","formal","dtype_and_input_contract","runs/stage08_input_preview_b02_parzen_a64a65577ccc/formal/20260810T083034Z_a64a65577ccc_stage08_b02_formal_a201000f/operator_dtype_evidence_parzen_not_applicable_20260810T083034Z_a64a65577ccc_stage08_b02_formal_a201000f.csv","20260810T083034Z_a64a65577ccc_stage08_b02_formal_a201000f","parzen__parzen_int32_10e3__6da158ece72508d2__sym","parzen","INT32","INT32","request_variant_no_typed_data_input","0","length:INT32=1000|sym:BOOL=true",,"[{""input_name"":""window_positions"",""shape"":""[1000]"",""dtype"":""INDEX_INT64"",""element_count"":""1000"",""generator"":""implicit_window_index_domain(no_materialized_array)"",""preview_head4_tail2"":""i=0:position=0;i=1:position=1;i=2:position=2;i=3:position=3;i=998:position=998;i=999:position=999""}]","{""length"":1000,""requested_dtype"":""INT32"",""sym"":true,""dtype_semantics"":""request_variant_no_typed_data_input"",""typed_input_names"":""none""}","6da158ece72508d29649124d2d289624f6020920ecb9c5233ac6aa50ef535fe7",,,,"FP64",,,,,,,,"PASS","OK"
"stage08","stage08_input_preview_b02_parzen_a64a65577ccc","formal","input_preview","runs/stage08_input_preview_b02_parzen_a64a65577ccc/formal/20260810T083034Z_a64a65577ccc_stage08_b02_formal_a201000f/operator_input_evidence_parzen_not_applicable_20260810T083034Z_a64a65577ccc_stage08_b02_formal_a201000f.csv","20260810T083034Z_a64a65577ccc_stage08_b02_formal_a201000f","parzen__parzen_int32_10e3__6da158ece72508d2__sym","parzen",,,,,,,,,,,,,,,"window_positions","[1000]","INDEX_INT64","1000","implicit_window_index_domain(no_materialized_array)","i=0:position=0;i=1:position=1;i=2:position=2;i=3:position=3;i=998:position=998;i=999:position=999","PASS","OK"
"stage08","stage08_input_preview_b02_parzen_a64a65577ccc","formal","dtype_and_input_contract","runs/stage08_input_preview_b02_parzen_a64a65577ccc/formal/20260810T083034Z_a64a65577ccc_stage08_b02_formal_a2010010/operator_dtype_evidence_parzen_not_applicable_20260810T083034Z_a64a65577ccc_stage08_b02_formal_a2010010.csv","20260810T083034Z_a64a65577ccc_stage08_b02_formal_a2010010","parzen__parzen_int32_10e3__2c38ec22bc77639b__periodic","parzen","INT32","INT32","request_variant_no_typed_data_input","0","length:INT32=1000|sym:BOOL=false",,"[{""input_name"":""window_positions"",""shape"":""[1000]"",""dtype"":""INDEX_INT64"",""element_count"":""1000"",""generator"":""implicit_window_index_domain(no_materialized_array)"",""preview_head4_tail2"":""i=0:position=0;i=1:position=1;i=2:position=2;i=3:position=3;i=998:position=998;i=999:position=999""}]","{""length"":1000,""requested_dtype"":""INT32"",""sym"":false,""dtype_semantics"":""request_variant_no_typed_data_input"",""typed_input_names"":""none""}","2c38ec22bc77639b93e2a6d9754d3f2496f591bfbe0e68f1bc4d9177dfcd796d",,,,"FP64",,,,,,,,"PASS","OK"
"stage08","stage08_input_preview_b02_parzen_a64a65577ccc","formal","input_preview","runs/stage08_input_preview_b02_parzen_a64a65577ccc/formal/20260810T083034Z_a64a65577ccc_stage08_b02_formal_a2010010/operator_input_evidence_parzen_not_applicable_20260810T083034Z_a64a65577ccc_stage08_b02_formal_a2010010.csv","20260810T083034Z_a64a65577ccc_stage08_b02_formal_a2010010","parzen__parzen_int32_10e3__2c38ec22bc77639b__periodic","parzen",,,,,,,,,,,,,,,"window_positions","[1000]","INDEX_INT64","1000","implicit_window_index_domain(no_materialized_array)","i=0:position=0;i=1:position=1;i=2:position=2;i=3:position=3;i=998:position=998;i=999:position=999","PASS","OK"
"stage08","stage08_input_preview_b02_parzen_a64a65577ccc","formal","dtype_and_input_contract","runs/stage08_input_preview_b02_parzen_a64a65577ccc/formal/20260810T083034Z_a64a65577ccc_stage08_b02_formal_a2010011/operator_dtype_evidence_parzen_not_applicable_20260810T083034Z_a64a65577ccc_stage08_b02_formal_a2010011.csv","20260810T083034Z_a64a65577ccc_stage08_b02_formal_a2010011","parzen__parzen_int32_10e4__cadad88e333e0a70__sym","parzen","INT32","INT32","request_variant_no_typed_data_input","0","length:INT32=10000|sym:BOOL=true",,"[{""input_name"":""window_positions"",""shape"":""[10000]"",""dtype"":""INDEX_INT64"",""element_count"":""10000"",""generator"":""implicit_window_index_domain(no_materialized_array)"",""preview_head4_tail2"":""i=0:position=0;i=1:position=1;i=2:position=2;i=3:position=3;i=9998:position=9998;i=9999:position=9999""}]","{""length"":10000,""requested_dtype"":""INT32"",""sym"":true,""dtype_semantics"":""request_variant_no_typed_data_input"",""typed_input_names"":""none""}","cadad88e333e0a70670079f972e771752bdabf67365c62ae56f8a799cc6ee292",,,,"FP64",,,,,,,,"PASS","OK"
"stage08","stage08_input_preview_b02_parzen_a64a65577ccc","formal","input_preview","runs/stage08_input_preview_b02_parzen_a64a65577ccc/formal/20260810T083034Z_a64a65577ccc_stage08_b02_formal_a2010011/operator_input_evidence_parzen_not_applicable_20260810T083034Z_a64a65577ccc_stage08_b02_formal_a2010011.csv","20260810T083034Z_a64a65577ccc_stage08_b02_formal_a2010011","parzen__parzen_int32_10e4__cadad88e333e0a70__sym","parzen",,,,,,,,,,,,,,,"window_positions","[10000]","INDEX_INT64","10000","implicit_window_index_domain(no_materialized_array)","i=0:position=0;i=1:position=1;i=2:position=2;i=3:position=3;i=9998:position=9998;i=9999:position=9999","PASS","OK"
"stage08","stage08_input_preview_b02_parzen_a64a65577ccc","formal","dtype_and_input_contract","runs/stage08_input_preview_b02_parzen_a64a65577ccc/formal/20260810T083034Z_a64a65577ccc_stage08_b02_formal_a2010012/operator_dtype_evidence_parzen_not_applicable_20260810T083034Z_a64a65577ccc_stage08_b02_formal_a2010012.csv","20260810T083034Z_a64a65577ccc_stage08_b02_formal_a2010012","parzen__parzen_int32_10e4__76494d2bef81be4b__periodic","parzen","INT32","INT32","request_variant_no_typed_data_input","0","length:INT32=10000|sym:BOOL=false",,"[{""input_name"":""window_positions"",""shape"":""[10000]"",""dtype"":""INDEX_INT64"",""element_count"":""10000"",""generator"":""implicit_window_index_domain(no_materialized_array)"",""preview_head4_tail2"":""i=0:position=0;i=1:position=1;i=2:position=2;i=3:position=3;i=9998:position=9998;i=9999:position=9999""}]","{""length"":10000,""requested_dtype"":""INT32"",""sym"":false,""dtype_semantics"":""request_variant_no_typed_data_input"",""typed_input_names"":""none""}","76494d2bef81be4babb51863b4a08c8e06a6b0ede8b9d8b479d3302163638ae0",,,,"FP64",,,,,,,,"PASS","OK"
"stage08","stage08_input_preview_b02_parzen_a64a65577ccc","formal","input_preview","runs/stage08_input_preview_b02_parzen_a64a65577ccc/formal/20260810T083034Z_a64a65577ccc_stage08_b02_formal_a2010012/operator_input_evidence_parzen_not_applicable_20260810T083034Z_a64a65577ccc_stage08_b02_formal_a2010012.csv","20260810T083034Z_a64a65577ccc_stage08_b02_formal_a2010012","parzen__parzen_int32_10e4__76494d2bef81be4b__periodic","parzen",,,,,,,,,,,,,,,"window_positions","[10000]","INDEX_INT64","10000","implicit_window_index_domain(no_materialized_array)","i=0:position=0;i=1:position=1;i=2:position=2;i=3:position=3;i=9998:position=9998;i=9999:position=9999","PASS","OK"
"stage08","stage08_input_preview_b02_parzen_a64a65577ccc","formal","dtype_and_input_contract","runs/stage08_input_preview_b02_parzen_a64a65577ccc/formal/20260810T083034Z_a64a65577ccc_stage08_b02_formal_a2010013/operator_dtype_evidence_parzen_not_applicable_20260810T083034Z_a64a65577ccc_stage08_b02_formal_a2010013.csv","20260810T083034Z_a64a65577ccc_stage08_b02_formal_a2010013","parzen__parzen_int16_10e2__7f7d081aa0af5dfa__sym","parzen","INT16","INT16","request_variant_no_typed_data_input","0","length:INT32=100|sym:BOOL=true",,"[{""input_name"":""window_positions"",""shape"":""[100]"",""dtype"":""INDEX_INT64"",""element_count"":""100"",""generator"":""implicit_window_index_domain(no_materialized_array)"",""preview_head4_tail2"":""i=0:position=0;i=1:position=1;i=2:position=2;i=3:position=3;i=98:position=98;i=99:position=99""}]","{""length"":100,""requested_dtype"":""INT16"",""sym"":true,""dtype_semantics"":""request_variant_no_typed_data_input"",""typed_input_names"":""none""}","7f7d081aa0af5dfac9cbd2114e6e1ae81fa1069a67d6310ffd6db02c7f813864",,,,"FP64",,,,,,,,"PASS","OK"
"stage08","stage08_input_preview_b02_parzen_a64a65577ccc","formal","input_preview","runs/stage08_input_preview_b02_parzen_a64a65577ccc/formal/20260810T083034Z_a64a65577ccc_stage08_b02_formal_a2010013/operator_input_evidence_parzen_not_applicable_20260810T083034Z_a64a65577ccc_stage08_b02_formal_a2010013.csv","20260810T083034Z_a64a65577ccc_stage08_b02_formal_a2010013","parzen__parzen_int16_10e2__7f7d081aa0af5dfa__sym","parzen",,,,,,,,,,,,,,,"window_positions","[100]","INDEX_INT64","100","implicit_window_index_domain(no_materialized_array)","i=0:position=0;i=1:position=1;i=2:position=2;i=3:position=3;i=98:position=98;i=99:position=99","PASS","OK"
"stage08","stage08_input_preview_b02_parzen_a64a65577ccc","formal","dtype_and_input_contract","runs/stage08_input_preview_b02_parzen_a64a65577ccc/formal/20260810T083034Z_a64a65577ccc_stage08_b02_formal_a2010014/operator_dtype_evidence_parzen_not_applicable_20260810T083034Z_a64a65577ccc_stage08_b02_formal_a2010014.csv","20260810T083034Z_a64a65577ccc_stage08_b02_formal_a2010014","parzen__parzen_int16_10e2__dcd591d59c1c4f03__periodic","parzen","INT16","INT16","request_variant_no_typed_data_input","0","length:INT32=100|sym:BOOL=false",,"[{""input_name"":""window_positions"",""shape"":""[100]"",""dtype"":""INDEX_INT64"",""element_count"":""100"",""generator"":""implicit_window_index_domain(no_materialized_array)"",""preview_head4_tail2"":""i=0:position=0;i=1:position=1;i=2:position=2;i=3:position=3;i=98:position=98;i=99:position=99""}]","{""length"":100,""requested_dtype"":""INT16"",""sym"":false,""dtype_semantics"":""request_variant_no_typed_data_input"",""typed_input_names"":""none""}","dcd591d59c1c4f0312f128d800410df4856990f61a8c1880dc74ce18946cc2c7",,,,"FP64",,,,,,,,"PASS","OK"
"stage08","stage08_input_preview_b02_parzen_a64a65577ccc","formal","input_preview","runs/stage08_input_preview_b02_parzen_a64a65577ccc/formal/20260810T083034Z_a64a65577ccc_stage08_b02_formal_a2010014/operator_input_evidence_parzen_not_applicable_20260810T083034Z_a64a65577ccc_stage08_b02_formal_a2010014.csv","20260810T083034Z_a64a65577ccc_stage08_b02_formal_a2010014","parzen__parzen_int16_10e2__dcd591d59c1c4f03__periodic","parzen",,,,,,,,,,,,,,,"window_positions","[100]","INDEX_INT64","100","implicit_window_index_domain(no_materialized_array)","i=0:position=0;i=1:position=1;i=2:position=2;i=3:position=3;i=98:position=98;i=99:position=99","PASS","OK"
"stage08","stage08_input_preview_b02_parzen_a64a65577ccc","formal","dtype_and_input_contract","runs/stage08_input_preview_b02_parzen_a64a65577ccc/formal/20260810T083034Z_a64a65577ccc_stage08_b02_formal_a2010015/operator_dtype_evidence_parzen_not_applicable_20260810T083034Z_a64a65577ccc_stage08_b02_formal_a2010015.csv","20260810T083034Z_a64a65577ccc_stage08_b02_formal_a2010015","parzen__parzen_int16_10e3__6da158ece72508d2__sym","parzen","INT16","INT16","request_variant_no_typed_data_input","0","length:INT32=1000|sym:BOOL=true",,"[{""input_name"":""window_positions"",""shape"":""[1000]"",""dtype"":""INDEX_INT64"",""element_count"":""1000"",""generator"":""implicit_window_index_domain(no_materialized_array)"",""preview_head4_tail2"":""i=0:position=0;i=1:position=1;i=2:position=2;i=3:position=3;i=998:position=998;i=999:position=999""}]","{""length"":1000,""requested_dtype"":""INT16"",""sym"":true,""dtype_semantics"":""request_variant_no_typed_data_input"",""typed_input_names"":""none""}","6da158ece72508d29649124d2d289624f6020920ecb9c5233ac6aa50ef535fe7",,,,"FP64",,,,,,,,"PASS","OK"
"stage08","stage08_input_preview_b02_parzen_a64a65577ccc","formal","input_preview","runs/stage08_input_preview_b02_parzen_a64a65577ccc/formal/20260810T083034Z_a64a65577ccc_stage08_b02_formal_a2010015/operator_input_evidence_parzen_not_applicable_20260810T083034Z_a64a65577ccc_stage08_b02_formal_a2010015.csv","20260810T083034Z_a64a65577ccc_stage08_b02_formal_a2010015","parzen__parzen_int16_10e3__6da158ece72508d2__sym","parzen",,,,,,,,,,,,,,,"window_positions","[1000]","INDEX_INT64","1000","implicit_window_index_domain(no_materialized_array)","i=0:position=0;i=1:position=1;i=2:position=2;i=3:position=3;i=998:position=998;i=999:position=999","PASS","OK"
"stage08","stage08_input_preview_b02_parzen_a64a65577ccc","formal","dtype_and_input_contract","runs/stage08_input_preview_b02_parzen_a64a65577ccc/formal/20260810T083034Z_a64a65577ccc_stage08_b02_formal_a2010016/operator_dtype_evidence_parzen_not_applicable_20260810T083034Z_a64a65577ccc_stage08_b02_formal_a2010016.csv","20260810T083034Z_a64a65577ccc_stage08_b02_formal_a2010016","parzen__parzen_int16_10e3__2c38ec22bc77639b__periodic","parzen","INT16","INT16","request_variant_no_typed_data_input","0","length:INT32=1000|sym:BOOL=false",,"[{""input_name"":""window_positions"",""shape"":""[1000]"",""dtype"":""INDEX_INT64"",""element_count"":""1000"",""generator"":""implicit_window_index_domain(no_materialized_array)"",""preview_head4_tail2"":""i=0:position=0;i=1:position=1;i=2:position=2;i=3:position=3;i=998:position=998;i=999:position=999""}]","{""length"":1000,""requested_dtype"":""INT16"",""sym"":false,""dtype_semantics"":""request_variant_no_typed_data_input"",""typed_input_names"":""none""}","2c38ec22bc77639b93e2a6d9754d3f2496f591bfbe0e68f1bc4d9177dfcd796d",,,,"FP64",,,,,,,,"PASS","OK"
"stage08","stage08_input_preview_b02_parzen_a64a65577ccc","formal","input_preview","runs/stage08_input_preview_b02_parzen_a64a65577ccc/formal/20260810T083034Z_a64a65577ccc_stage08_b02_formal_a2010016/operator_input_evidence_parzen_not_applicable_20260810T083034Z_a64a65577ccc_stage08_b02_formal_a2010016.csv","20260810T083034Z_a64a65577ccc_stage08_b02_formal_a2010016","parzen__parzen_int16_10e3__2c38ec22bc77639b__periodic","parzen",,,,,,,,,,,,,,,"window_positions","[1000]","INDEX_INT64","1000","implicit_window_index_domain(no_materialized_array)","i=0:position=0;i=1:position=1;i=2:position=2;i=3:position=3;i=998:position=998;i=999:position=999","PASS","OK"
"stage08","stage08_input_preview_b02_parzen_a64a65577ccc","formal","dtype_and_input_contract","runs/stage08_input_preview_b02_parzen_a64a65577ccc/formal/20260810T083035Z_a64a65577ccc_stage08_b02_formal_a2010017/operator_dtype_evidence_parzen_not_applicable_20260810T083035Z_a64a65577ccc_stage08_b02_formal_a2010017.csv","20260810T083035Z_a64a65577ccc_stage08_b02_formal_a2010017","parzen__parzen_int16_10e4__cadad88e333e0a70__sym","parzen","INT16","INT16","request_variant_no_typed_data_input","0","length:INT32=10000|sym:BOOL=true",,"[{""input_name"":""window_positions"",""shape"":""[10000]"",""dtype"":""INDEX_INT64"",""element_count"":""10000"",""generator"":""implicit_window_index_domain(no_materialized_array)"",""preview_head4_tail2"":""i=0:position=0;i=1:position=1;i=2:position=2;i=3:position=3;i=9998:position=9998;i=9999:position=9999""}]","{""length"":10000,""requested_dtype"":""INT16"",""sym"":true,""dtype_semantics"":""request_variant_no_typed_data_input"",""typed_input_names"":""none""}","cadad88e333e0a70670079f972e771752bdabf67365c62ae56f8a799cc6ee292",,,,"FP64",,,,,,,,"PASS","OK"
"stage08","stage08_input_preview_b02_parzen_a64a65577ccc","formal","input_preview","runs/stage08_input_preview_b02_parzen_a64a65577ccc/formal/20260810T083035Z_a64a65577ccc_stage08_b02_formal_a2010017/operator_input_evidence_parzen_not_applicable_20260810T083035Z_a64a65577ccc_stage08_b02_formal_a2010017.csv","20260810T083035Z_a64a65577ccc_stage08_b02_formal_a2010017","parzen__parzen_int16_10e4__cadad88e333e0a70__sym","parzen",,,,,,,,,,,,,,,"window_positions","[10000]","INDEX_INT64","10000","implicit_window_index_domain(no_materialized_array)","i=0:position=0;i=1:position=1;i=2:position=2;i=3:position=3;i=9998:position=9998;i=9999:position=9999","PASS","OK"
"stage08","stage08_input_preview_b02_parzen_a64a65577ccc","formal","dtype_and_input_contract","runs/stage08_input_preview_b02_parzen_a64a65577ccc/formal/20260810T083035Z_a64a65577ccc_stage08_b02_formal_a2010018/operator_dtype_evidence_parzen_not_applicable_20260810T083035Z_a64a65577ccc_stage08_b02_formal_a2010018.csv","20260810T083035Z_a64a65577ccc_stage08_b02_formal_a2010018","parzen__parzen_int16_10e4__76494d2bef81be4b__periodic","parzen","INT16","INT16","request_variant_no_typed_data_input","0","length:INT32=10000|sym:BOOL=false",,"[{""input_name"":""window_positions"",""shape"":""[10000]"",""dtype"":""INDEX_INT64"",""element_count"":""10000"",""generator"":""implicit_window_index_domain(no_materialized_array)"",""preview_head4_tail2"":""i=0:position=0;i=1:position=1;i=2:position=2;i=3:position=3;i=9998:position=9998;i=9999:position=9999""}]","{""length"":10000,""requested_dtype"":""INT16"",""sym"":false,""dtype_semantics"":""request_variant_no_typed_data_input"",""typed_input_names"":""none""}","76494d2bef81be4babb51863b4a08c8e06a6b0ede8b9d8b479d3302163638ae0",,,,"FP64",,,,,,,,"PASS","OK"
"stage08","stage08_input_preview_b02_parzen_a64a65577ccc","formal","input_preview","runs/stage08_input_preview_b02_parzen_a64a65577ccc/formal/20260810T083035Z_a64a65577ccc_stage08_b02_formal_a2010018/operator_input_evidence_parzen_not_applicable_20260810T083035Z_a64a65577ccc_stage08_b02_formal_a2010018.csv","20260810T083035Z_a64a65577ccc_stage08_b02_formal_a2010018","parzen__parzen_int16_10e4__76494d2bef81be4b__periodic","parzen",,,,,,,,,,,,,,,"window_positions","[10000]","INDEX_INT64","10000","implicit_window_index_domain(no_materialized_array)","i=0:position=0;i=1:position=1;i=2:position=2;i=3:position=3;i=9998:position=9998;i=9999:position=9999","PASS","OK"
"stage08","stage08_input_preview_b02_parzen_a64a65577ccc","formal","dtype_and_input_contract","runs/stage08_input_preview_b02_parzen_a64a65577ccc/formal/20260810T083035Z_a64a65577ccc_stage08_b02_formal_a2010019/operator_dtype_evidence_parzen_not_applicable_20260810T083035Z_a64a65577ccc_stage08_b02_formal_a2010019.csv","20260810T083035Z_a64a65577ccc_stage08_b02_formal_a2010019","parzen__parzen_int8_10e2__7f7d081aa0af5dfa__sym","parzen","INT8","INT8","request_variant_no_typed_data_input","0","length:INT32=100|sym:BOOL=true",,"[{""input_name"":""window_positions"",""shape"":""[100]"",""dtype"":""INDEX_INT64"",""element_count"":""100"",""generator"":""implicit_window_index_domain(no_materialized_array)"",""preview_head4_tail2"":""i=0:position=0;i=1:position=1;i=2:position=2;i=3:position=3;i=98:position=98;i=99:position=99""}]","{""length"":100,""requested_dtype"":""INT8"",""sym"":true,""dtype_semantics"":""request_variant_no_typed_data_input"",""typed_input_names"":""none""}","7f7d081aa0af5dfac9cbd2114e6e1ae81fa1069a67d6310ffd6db02c7f813864",,,,"FP64",,,,,,,,"PASS","OK"
"stage08","stage08_input_preview_b02_parzen_a64a65577ccc","formal","input_preview","runs/stage08_input_preview_b02_parzen_a64a65577ccc/formal/20260810T083035Z_a64a65577ccc_stage08_b02_formal_a2010019/operator_input_evidence_parzen_not_applicable_20260810T083035Z_a64a65577ccc_stage08_b02_formal_a2010019.csv","20260810T083035Z_a64a65577ccc_stage08_b02_formal_a2010019","parzen__parzen_int8_10e2__7f7d081aa0af5dfa__sym","parzen",,,,,,,,,,,,,,,"window_positions","[100]","INDEX_INT64","100","implicit_window_index_domain(no_materialized_array)","i=0:position=0;i=1:position=1;i=2:position=2;i=3:position=3;i=98:position=98;i=99:position=99","PASS","OK"
"stage08","stage08_input_preview_b02_parzen_a64a65577ccc","formal","dtype_and_input_contract","runs/stage08_input_preview_b02_parzen_a64a65577ccc/formal/20260810T083035Z_a64a65577ccc_stage08_b02_formal_a201001a/operator_dtype_evidence_parzen_not_applicable_20260810T083035Z_a64a65577ccc_stage08_b02_formal_a201001a.csv","20260810T083035Z_a64a65577ccc_stage08_b02_formal_a201001a","parzen__parzen_int8_10e2__dcd591d59c1c4f03__periodic","parzen","INT8","INT8","request_variant_no_typed_data_input","0","length:INT32=100|sym:BOOL=false",,"[{""input_name"":""window_positions"",""shape"":""[100]"",""dtype"":""INDEX_INT64"",""element_count"":""100"",""generator"":""implicit_window_index_domain(no_materialized_array)"",""preview_head4_tail2"":""i=0:position=0;i=1:position=1;i=2:position=2;i=3:position=3;i=98:position=98;i=99:position=99""}]","{""length"":100,""requested_dtype"":""INT8"",""sym"":false,""dtype_semantics"":""request_variant_no_typed_data_input"",""typed_input_names"":""none""}","dcd591d59c1c4f0312f128d800410df4856990f61a8c1880dc74ce18946cc2c7",,,,"FP64",,,,,,,,"PASS","OK"
"stage08","stage08_input_preview_b02_parzen_a64a65577ccc","formal","input_preview","runs/stage08_input_preview_b02_parzen_a64a65577ccc/formal/20260810T083035Z_a64a65577ccc_stage08_b02_formal_a201001a/operator_input_evidence_parzen_not_applicable_20260810T083035Z_a64a65577ccc_stage08_b02_formal_a201001a.csv","20260810T083035Z_a64a65577ccc_stage08_b02_formal_a201001a","parzen__parzen_int8_10e2__dcd591d59c1c4f03__periodic","parzen",,,,,,,,,,,,,,,"window_positions","[100]","INDEX_INT64","100","implicit_window_index_domain(no_materialized_array)","i=0:position=0;i=1:position=1;i=2:position=2;i=3:position=3;i=98:position=98;i=99:position=99","PASS","OK"
"stage08","stage08_input_preview_b02_parzen_a64a65577ccc","formal","dtype_and_input_contract","runs/stage08_input_preview_b02_parzen_a64a65577ccc/formal/20260810T083035Z_a64a65577ccc_stage08_b02_formal_a201001b/operator_dtype_evidence_parzen_not_applicable_20260810T083035Z_a64a65577ccc_stage08_b02_formal_a201001b.csv","20260810T083035Z_a64a65577ccc_stage08_b02_formal_a201001b","parzen__parzen_int8_10e3__6da158ece72508d2__sym","parzen","INT8","INT8","request_variant_no_typed_data_input","0","length:INT32=1000|sym:BOOL=true",,"[{""input_name"":""window_positions"",""shape"":""[1000]"",""dtype"":""INDEX_INT64"",""element_count"":""1000"",""generator"":""implicit_window_index_domain(no_materialized_array)"",""preview_head4_tail2"":""i=0:position=0;i=1:position=1;i=2:position=2;i=3:position=3;i=998:position=998;i=999:position=999""}]","{""length"":1000,""requested_dtype"":""INT8"",""sym"":true,""dtype_semantics"":""request_variant_no_typed_data_input"",""typed_input_names"":""none""}","6da158ece72508d29649124d2d289624f6020920ecb9c5233ac6aa50ef535fe7",,,,"FP64",,,,,,,,"PASS","OK"
"stage08","stage08_input_preview_b02_parzen_a64a65577ccc","formal","input_preview","runs/stage08_input_preview_b02_parzen_a64a65577ccc/formal/20260810T083035Z_a64a65577ccc_stage08_b02_formal_a201001b/operator_input_evidence_parzen_not_applicable_20260810T083035Z_a64a65577ccc_stage08_b02_formal_a201001b.csv","20260810T083035Z_a64a65577ccc_stage08_b02_formal_a201001b","parzen__parzen_int8_10e3__6da158ece72508d2__sym","parzen",,,,,,,,,,,,,,,"window_positions","[1000]","INDEX_INT64","1000","implicit_window_index_domain(no_materialized_array)","i=0:position=0;i=1:position=1;i=2:position=2;i=3:position=3;i=998:position=998;i=999:position=999","PASS","OK"
"stage08","stage08_input_preview_b02_parzen_a64a65577ccc","formal","dtype_and_input_contract","runs/stage08_input_preview_b02_parzen_a64a65577ccc/formal/20260810T083035Z_a64a65577ccc_stage08_b02_formal_a201001c/operator_dtype_evidence_parzen_not_applicable_20260810T083035Z_a64a65577ccc_stage08_b02_formal_a201001c.csv","20260810T083035Z_a64a65577ccc_stage08_b02_formal_a201001c","parzen__parzen_int8_10e3__2c38ec22bc77639b__periodic","parzen","INT8","INT8","request_variant_no_typed_data_input","0","length:INT32=1000|sym:BOOL=false",,"[{""input_name"":""window_positions"",""shape"":""[1000]"",""dtype"":""INDEX_INT64"",""element_count"":""1000"",""generator"":""implicit_window_index_domain(no_materialized_array)"",""preview_head4_tail2"":""i=0:position=0;i=1:position=1;i=2:position=2;i=3:position=3;i=998:position=998;i=999:position=999""}]","{""length"":1000,""requested_dtype"":""INT8"",""sym"":false,""dtype_semantics"":""request_variant_no_typed_data_input"",""typed_input_names"":""none""}","2c38ec22bc77639b93e2a6d9754d3f2496f591bfbe0e68f1bc4d9177dfcd796d",,,,"FP64",,,,,,,,"PASS","OK"
"stage08","stage08_input_preview_b02_parzen_a64a65577ccc","formal","input_preview","runs/stage08_input_preview_b02_parzen_a64a65577ccc/formal/20260810T083035Z_a64a65577ccc_stage08_b02_formal_a201001c/operator_input_evidence_parzen_not_applicable_20260810T083035Z_a64a65577ccc_stage08_b02_formal_a201001c.csv","20260810T083035Z_a64a65577ccc_stage08_b02_formal_a201001c","parzen__parzen_int8_10e3__2c38ec22bc77639b__periodic","parzen",,,,,,,,,,,,,,,"window_positions","[1000]","INDEX_INT64","1000","implicit_window_index_domain(no_materialized_array)","i=0:position=0;i=1:position=1;i=2:position=2;i=3:position=3;i=998:position=998;i=999:position=999","PASS","OK"
"stage08","stage08_input_preview_b02_parzen_a64a65577ccc","formal","dtype_and_input_contract","runs/stage08_input_preview_b02_parzen_a64a65577ccc/formal/20260810T083035Z_a64a65577ccc_stage08_b02_formal_a201001d/operator_dtype_evidence_parzen_not_applicable_20260810T083035Z_a64a65577ccc_stage08_b02_formal_a201001d.csv","20260810T083035Z_a64a65577ccc_stage08_b02_formal_a201001d","parzen__parzen_int8_10e4__cadad88e333e0a70__sym","parzen","INT8","INT8","request_variant_no_typed_data_input","0","length:INT32=10000|sym:BOOL=true",,"[{""input_name"":""window_positions"",""shape"":""[10000]"",""dtype"":""INDEX_INT64"",""element_count"":""10000"",""generator"":""implicit_window_index_domain(no_materialized_array)"",""preview_head4_tail2"":""i=0:position=0;i=1:position=1;i=2:position=2;i=3:position=3;i=9998:position=9998;i=9999:position=9999""}]","{""length"":10000,""requested_dtype"":""INT8"",""sym"":true,""dtype_semantics"":""request_variant_no_typed_data_input"",""typed_input_names"":""none""}","cadad88e333e0a70670079f972e771752bdabf67365c62ae56f8a799cc6ee292",,,,"FP64",,,,,,,,"PASS","OK"
"stage08","stage08_input_preview_b02_parzen_a64a65577ccc","formal","input_preview","runs/stage08_input_preview_b02_parzen_a64a65577ccc/formal/20260810T083035Z_a64a65577ccc_stage08_b02_formal_a201001d/operator_input_evidence_parzen_not_applicable_20260810T083035Z_a64a65577ccc_stage08_b02_formal_a201001d.csv","20260810T083035Z_a64a65577ccc_stage08_b02_formal_a201001d","parzen__parzen_int8_10e4__cadad88e333e0a70__sym","parzen",,,,,,,,,,,,,,,"window_positions","[10000]","INDEX_INT64","10000","implicit_window_index_domain(no_materialized_array)","i=0:position=0;i=1:position=1;i=2:position=2;i=3:position=3;i=9998:position=9998;i=9999:position=9999","PASS","OK"
"stage08","stage08_input_preview_b02_parzen_a64a65577ccc","formal","dtype_and_input_contract","runs/stage08_input_preview_b02_parzen_a64a65577ccc/formal/20260810T083035Z_a64a65577ccc_stage08_b02_formal_a201001e/operator_dtype_evidence_parzen_not_applicable_20260810T083035Z_a64a65577ccc_stage08_b02_formal_a201001e.csv","20260810T083035Z_a64a65577ccc_stage08_b02_formal_a201001e","parzen__parzen_int8_10e4__76494d2bef81be4b__periodic","parzen","INT8","INT8","request_variant_no_typed_data_input","0","length:INT32=10000|sym:BOOL=false",,"[{""input_name"":""window_positions"",""shape"":""[10000]"",""dtype"":""INDEX_INT64"",""element_count"":""10000"",""generator"":""implicit_window_index_domain(no_materialized_array)"",""preview_head4_tail2"":""i=0:position=0;i=1:position=1;i=2:position=2;i=3:position=3;i=9998:position=9998;i=9999:position=9999""}]","{""length"":10000,""requested_dtype"":""INT8"",""sym"":false,""dtype_semantics"":""request_variant_no_typed_data_input"",""typed_input_names"":""none""}","76494d2bef81be4babb51863b4a08c8e06a6b0ede8b9d8b479d3302163638ae0",,,,"FP64",,,,,,,,"PASS","OK"
"stage08","stage08_input_preview_b02_parzen_a64a65577ccc","formal","input_preview","runs/stage08_input_preview_b02_parzen_a64a65577ccc/formal/20260810T083035Z_a64a65577ccc_stage08_b02_formal_a201001e/operator_input_evidence_parzen_not_applicable_20260810T083035Z_a64a65577ccc_stage08_b02_formal_a201001e.csv","20260810T083035Z_a64a65577ccc_stage08_b02_formal_a201001e","parzen__parzen_int8_10e4__76494d2bef81be4b__periodic","parzen",,,,,,,,,,,,,,,"window_positions","[10000]","INDEX_INT64","10000","implicit_window_index_domain(no_materialized_array)","i=0:position=0;i=1:position=1;i=2:position=2;i=3:position=3;i=9998:position=9998;i=9999:position=9999","PASS","OK"
"stage08","stage08_input_preview_b02_taylor_a64a65577ccc","formal","dtype_and_input_contract","runs/stage08_input_preview_b02_taylor_a64a65577ccc/formal/20260810T083038Z_a64a65577ccc_stage08_b02_formal_a2020001/operator_dtype_evidence_taylor_not_applicable_20260810T083038Z_a64a65577ccc_stage08_b02_formal_a2020001.csv","20260810T083038Z_a64a65577ccc_stage08_b02_formal_a2020001","taylor__taylor_fp32_10e2__3137a27866a19941__sym","taylor","FP32","FP32","actual_typed_scalar_input","1","length:INT32=100|sym:BOOL=true|sidelobe_level_db:FP32:bytes=0000f041",,"[{""input_name"":""window_positions"",""shape"":""[100]"",""dtype"":""INDEX_INT64"",""element_count"":""100"",""generator"":""implicit_window_index_domain(no_materialized_array)"",""preview_head4_tail2"":""i=0:position=0;i=1:position=1;i=2:position=2;i=3:position=3;i=98:position=98;i=99:position=99""},{""input_name"":""nbar"",""shape"":""scalar"",""dtype"":""INT32"",""element_count"":""1"",""generator"":""exact_config_scalar"",""preview_head4_tail2"":""value=4""},{""input_name"":""sidelobe_level_db"",""shape"":""scalar"",""dtype"":""FP32"",""element_count"":""1"",""generator"":""exact_config_scalar"",""preview_head4_tail2"":""value=30""},{""input_name"":""normalize"",""shape"":""scalar"",""dtype"":""BOOL"",""element_count"":""1"",""generator"":""exact_config_scalar"",""preview_head4_tail2"":""value=true""}]","{""length"":100,""requested_dtype"":""FP32"",""sym"":true,""nbar"":4,""sidelobe_level_db"":30,""normalize"":true,""dtype_semantics"":""actual_typed_scalar_input"",""typed_input_names"":""sidelobe_level_db""}","3137a27866a19941acdc1cc33f184a349cd02d72175ccf8b3e87aca7a431cb7d",,,,"FP64",,,,,,,,"PASS","OK"
"stage08","stage08_input_preview_b02_taylor_a64a65577ccc","formal","input_preview","runs/stage08_input_preview_b02_taylor_a64a65577ccc/formal/20260810T083038Z_a64a65577ccc_stage08_b02_formal_a2020001/operator_input_evidence_taylor_not_applicable_20260810T083038Z_a64a65577ccc_stage08_b02_formal_a2020001.csv","20260810T083038Z_a64a65577ccc_stage08_b02_formal_a2020001","taylor__taylor_fp32_10e2__3137a27866a19941__sym","taylor",,,,,,,,,,,,,,,"window_positions","[100]","INDEX_INT64","100","implicit_window_index_domain(no_materialized_array)","i=0:position=0;i=1:position=1;i=2:position=2;i=3:position=3;i=98:position=98;i=99:position=99","PASS","OK"
"stage08","stage08_input_preview_b02_taylor_a64a65577ccc","formal","input_preview","runs/stage08_input_preview_b02_taylor_a64a65577ccc/formal/20260810T083038Z_a64a65577ccc_stage08_b02_formal_a2020001/operator_input_evidence_taylor_not_applicable_20260810T083038Z_a64a65577ccc_stage08_b02_formal_a2020001.csv","20260810T083038Z_a64a65577ccc_stage08_b02_formal_a2020001","taylor__taylor_fp32_10e2__3137a27866a19941__sym","taylor",,,,,,,,,,,,,,,"nbar","scalar","INT32","1","exact_config_scalar","value=4","PASS","OK"
"stage08","stage08_input_preview_b02_taylor_a64a65577ccc","formal","input_preview","runs/stage08_input_preview_b02_taylor_a64a65577ccc/formal/20260810T083038Z_a64a65577ccc_stage08_b02_formal_a2020001/operator_input_evidence_taylor_not_applicable_20260810T083038Z_a64a65577ccc_stage08_b02_formal_a2020001.csv","20260810T083038Z_a64a65577ccc_stage08_b02_formal_a2020001","taylor__taylor_fp32_10e2__3137a27866a19941__sym","taylor",,,,,,,,,,,,,,,"sidelobe_level_db","scalar","FP32","1","exact_config_scalar","value=30","PASS","OK"
"stage08","stage08_input_preview_b02_taylor_a64a65577ccc","formal","input_preview","runs/stage08_input_preview_b02_taylor_a64a65577ccc/formal/20260810T083038Z_a64a65577ccc_stage08_b02_formal_a2020001/operator_input_evidence_taylor_not_applicable_20260810T083038Z_a64a65577ccc_stage08_b02_formal_a2020001.csv","20260810T083038Z_a64a65577ccc_stage08_b02_formal_a2020001","taylor__taylor_fp32_10e2__3137a27866a19941__sym","taylor",,,,,,,,,,,,,,,"normalize","scalar","BOOL","1","exact_config_scalar","value=true","PASS","OK"
"stage08","stage08_input_preview_b02_taylor_a64a65577ccc","formal","dtype_and_input_contract","runs/stage08_input_preview_b02_taylor_a64a65577ccc/formal/20260810T083038Z_a64a65577ccc_stage08_b02_formal_a2020002/operator_dtype_evidence_taylor_not_applicable_20260810T083038Z_a64a65577ccc_stage08_b02_formal_a2020002.csv","20260810T083038Z_a64a65577ccc_stage08_b02_formal_a2020002","taylor__taylor_fp32_10e2__b5ccf2fc290aa6b7__periodic","taylor","FP32","FP32","actual_typed_scalar_input","1","length:INT32=100|sym:BOOL=false|sidelobe_level_db:FP32:bytes=0000f041",,"[{""input_name"":""window_positions"",""shape"":""[100]"",""dtype"":""INDEX_INT64"",""element_count"":""100"",""generator"":""implicit_window_index_domain(no_materialized_array)"",""preview_head4_tail2"":""i=0:position=0;i=1:position=1;i=2:position=2;i=3:position=3;i=98:position=98;i=99:position=99""},{""input_name"":""nbar"",""shape"":""scalar"",""dtype"":""INT32"",""element_count"":""1"",""generator"":""exact_config_scalar"",""preview_head4_tail2"":""value=4""},{""input_name"":""sidelobe_level_db"",""shape"":""scalar"",""dtype"":""FP32"",""element_count"":""1"",""generator"":""exact_config_scalar"",""preview_head4_tail2"":""value=30""},{""input_name"":""normalize"",""shape"":""scalar"",""dtype"":""BOOL"",""element_count"":""1"",""generator"":""exact_config_scalar"",""preview_head4_tail2"":""value=true""}]","{""length"":100,""requested_dtype"":""FP32"",""sym"":false,""nbar"":4,""sidelobe_level_db"":30,""normalize"":true,""dtype_semantics"":""actual_typed_scalar_input"",""typed_input_names"":""sidelobe_level_db""}","b5ccf2fc290aa6b709e94f669df05bd4cf1379553f291ccea99584df95df4669",,,,"FP64",,,,,,,,"PASS","OK"
"stage08","stage08_input_preview_b02_taylor_a64a65577ccc","formal","input_preview","runs/stage08_input_preview_b02_taylor_a64a65577ccc/formal/20260810T083038Z_a64a65577ccc_stage08_b02_formal_a2020002/operator_input_evidence_taylor_not_applicable_20260810T083038Z_a64a65577ccc_stage08_b02_formal_a2020002.csv","20260810T083038Z_a64a65577ccc_stage08_b02_formal_a2020002","taylor__taylor_fp32_10e2__b5ccf2fc290aa6b7__periodic","taylor",,,,,,,,,,,,,,,"window_positions","[100]","INDEX_INT64","100","implicit_window_index_domain(no_materialized_array)","i=0:position=0;i=1:position=1;i=2:position=2;i=3:position=3;i=98:position=98;i=99:position=99","PASS","OK"
"stage08","stage08_input_preview_b02_taylor_a64a65577ccc","formal","input_preview","runs/stage08_input_preview_b02_taylor_a64a65577ccc/formal/20260810T083038Z_a64a65577ccc_stage08_b02_formal_a2020002/operator_input_evidence_taylor_not_applicable_20260810T083038Z_a64a65577ccc_stage08_b02_formal_a2020002.csv","20260810T083038Z_a64a65577ccc_stage08_b02_formal_a2020002","taylor__taylor_fp32_10e2__b5ccf2fc290aa6b7__periodic","taylor",,,,,,,,,,,,,,,"nbar","scalar","INT32","1","exact_config_scalar","value=4","PASS","OK"
"stage08","stage08_input_preview_b02_taylor_a64a65577ccc","formal","input_preview","runs/stage08_input_preview_b02_taylor_a64a65577ccc/formal/20260810T083038Z_a64a65577ccc_stage08_b02_formal_a2020002/operator_input_evidence_taylor_not_applicable_20260810T083038Z_a64a65577ccc_stage08_b02_formal_a2020002.csv","20260810T083038Z_a64a65577ccc_stage08_b02_formal_a2020002","taylor__taylor_fp32_10e2__b5ccf2fc290aa6b7__periodic","taylor",,,,,,,,,,,,,,,"sidelobe_level_db","scalar","FP32","1","exact_config_scalar","value=30","PASS","OK"
"stage08","stage08_input_preview_b02_taylor_a64a65577ccc","formal","input_preview","runs/stage08_input_preview_b02_taylor_a64a65577ccc/formal/20260810T083038Z_a64a65577ccc_stage08_b02_formal_a2020002/operator_input_evidence_taylor_not_applicable_20260810T083038Z_a64a65577ccc_stage08_b02_formal_a2020002.csv","20260810T083038Z_a64a65577ccc_stage08_b02_formal_a2020002","taylor__taylor_fp32_10e2__b5ccf2fc290aa6b7__periodic","taylor",,,,,,,,,,,,,,,"normalize","scalar","BOOL","1","exact_config_scalar","value=true","PASS","OK"
"stage08","stage08_input_preview_b02_taylor_a64a65577ccc","formal","dtype_and_input_contract","runs/stage08_input_preview_b02_taylor_a64a65577ccc/formal/20260810T083038Z_a64a65577ccc_stage08_b02_formal_a2020003/operator_dtype_evidence_taylor_not_applicable_20260810T083038Z_a64a65577ccc_stage08_b02_formal_a2020003.csv","20260810T083038Z_a64a65577ccc_stage08_b02_formal_a2020003","taylor__taylor_fp32_10e3__fafcf120c6885f09__sym","taylor","FP32","FP32","actual_typed_scalar_input","1","length:INT32=1000|sym:BOOL=true|sidelobe_level_db:FP32:bytes=0000f041",,"[{""input_name"":""window_positions"",""shape"":""[1000]"",""dtype"":""INDEX_INT64"",""element_count"":""1000"",""generator"":""implicit_window_index_domain(no_materialized_array)"",""preview_head4_tail2"":""i=0:position=0;i=1:position=1;i=2:position=2;i=3:position=3;i=998:position=998;i=999:position=999""},{""input_name"":""nbar"",""shape"":""scalar"",""dtype"":""INT32"",""element_count"":""1"",""generator"":""exact_config_scalar"",""preview_head4_tail2"":""value=4""},{""input_name"":""sidelobe_level_db"",""shape"":""scalar"",""dtype"":""FP32"",""element_count"":""1"",""generator"":""exact_config_scalar"",""preview_head4_tail2"":""value=30""},{""input_name"":""normalize"",""shape"":""scalar"",""dtype"":""BOOL"",""element_count"":""1"",""generator"":""exact_config_scalar"",""preview_head4_tail2"":""value=true""}]","{""length"":1000,""requested_dtype"":""FP32"",""sym"":true,""nbar"":4,""sidelobe_level_db"":30,""normalize"":true,""dtype_semantics"":""actual_typed_scalar_input"",""typed_input_names"":""sidelobe_level_db""}","fafcf120c6885f098648cbc3781c53d1015daeb09944f29e400d8be4fd82c624",,,,"FP64",,,,,,,,"PASS","OK"
"stage08","stage08_input_preview_b02_taylor_a64a65577ccc","formal","input_preview","runs/stage08_input_preview_b02_taylor_a64a65577ccc/formal/20260810T083038Z_a64a65577ccc_stage08_b02_formal_a2020003/operator_input_evidence_taylor_not_applicable_20260810T083038Z_a64a65577ccc_stage08_b02_formal_a2020003.csv","20260810T083038Z_a64a65577ccc_stage08_b02_formal_a2020003","taylor__taylor_fp32_10e3__fafcf120c6885f09__sym","taylor",,,,,,,,,,,,,,,"window_positions","[1000]","INDEX_INT64","1000","implicit_window_index_domain(no_materialized_array)","i=0:position=0;i=1:position=1;i=2:position=2;i=3:position=3;i=998:position=998;i=999:position=999","PASS","OK"
"stage08","stage08_input_preview_b02_taylor_a64a65577ccc","formal","input_preview","runs/stage08_input_preview_b02_taylor_a64a65577ccc/formal/20260810T083038Z_a64a65577ccc_stage08_b02_formal_a2020003/operator_input_evidence_taylor_not_applicable_20260810T083038Z_a64a65577ccc_stage08_b02_formal_a2020003.csv","20260810T083038Z_a64a65577ccc_stage08_b02_formal_a2020003","taylor__taylor_fp32_10e3__fafcf120c6885f09__sym","taylor",,,,,,,,,,,,,,,"nbar","scalar","INT32","1","exact_config_scalar","value=4","PASS","OK"
"stage08","stage08_input_preview_b02_taylor_a64a65577ccc","formal","input_preview","runs/stage08_input_preview_b02_taylor_a64a65577ccc/formal/20260810T083038Z_a64a65577ccc_stage08_b02_formal_a2020003/operator_input_evidence_taylor_not_applicable_20260810T083038Z_a64a65577ccc_stage08_b02_formal_a2020003.csv","20260810T083038Z_a64a65577ccc_stage08_b02_formal_a2020003","taylor__taylor_fp32_10e3__fafcf120c6885f09__sym","taylor",,,,,,,,,,,,,,,"sidelobe_level_db","scalar","FP32","1","exact_config_scalar","value=30","PASS","OK"
"stage08","stage08_input_preview_b02_taylor_a64a65577ccc","formal","input_preview","runs/stage08_input_preview_b02_taylor_a64a65577ccc/formal/20260810T083038Z_a64a65577ccc_stage08_b02_formal_a2020003/operator_input_evidence_taylor_not_applicable_20260810T083038Z_a64a65577ccc_stage08_b02_formal_a2020003.csv","20260810T083038Z_a64a65577ccc_stage08_b02_formal_a2020003","taylor__taylor_fp32_10e3__fafcf120c6885f09__sym","taylor",,,,,,,,,,,,,,,"normalize","scalar","BOOL","1","exact_config_scalar","value=true","PASS","OK"
"stage08","stage08_input_preview_b02_taylor_a64a65577ccc","formal","dtype_and_input_contract","runs/stage08_input_preview_b02_taylor_a64a65577ccc/formal/20260810T083038Z_a64a65577ccc_stage08_b02_formal_a2020004/operator_dtype_evidence_taylor_not_applicable_20260810T083038Z_a64a65577ccc_stage08_b02_formal_a2020004.csv","20260810T083038Z_a64a65577ccc_stage08_b02_formal_a2020004","taylor__taylor_fp32_10e3__6ccda7dd661da86c__periodic","taylor","FP32","FP32","actual_typed_scalar_input","1","length:INT32=1000|sym:BOOL=false|sidelobe_level_db:FP32:bytes=0000f041",,"[{""input_name"":""window_positions"",""shape"":""[1000]"",""dtype"":""INDEX_INT64"",""element_count"":""1000"",""generator"":""implicit_window_index_domain(no_materialized_array)"",""preview_head4_tail2"":""i=0:position=0;i=1:position=1;i=2:position=2;i=3:position=3;i=998:position=998;i=999:position=999""},{""input_name"":""nbar"",""shape"":""scalar"",""dtype"":""INT32"",""element_count"":""1"",""generator"":""exact_config_scalar"",""preview_head4_tail2"":""value=4""},{""input_name"":""sidelobe_level_db"",""shape"":""scalar"",""dtype"":""FP32"",""element_count"":""1"",""generator"":""exact_config_scalar"",""preview_head4_tail2"":""value=30""},{""input_name"":""normalize"",""shape"":""scalar"",""dtype"":""BOOL"",""element_count"":""1"",""generator"":""exact_config_scalar"",""preview_head4_tail2"":""value=true""}]","{""length"":1000,""requested_dtype"":""FP32"",""sym"":false,""nbar"":4,""sidelobe_level_db"":30,""normalize"":true,""dtype_semantics"":""actual_typed_scalar_input"",""typed_input_names"":""sidelobe_level_db""}","6ccda7dd661da86cea99b0334d86927a2a18fb3531cef73a39fee5d9c0bf8dc4",,,,"FP64",,,,,,,,"PASS","OK"
"stage08","stage08_input_preview_b02_taylor_a64a65577ccc","formal","input_preview","runs/stage08_input_preview_b02_taylor_a64a65577ccc/formal/20260810T083038Z_a64a65577ccc_stage08_b02_formal_a2020004/operator_input_evidence_taylor_not_applicable_20260810T083038Z_a64a65577ccc_stage08_b02_formal_a2020004.csv","20260810T083038Z_a64a65577ccc_stage08_b02_formal_a2020004","taylor__taylor_fp32_10e3__6ccda7dd661da86c__periodic","taylor",,,,,,,,,,,,,,,"window_positions","[1000]","INDEX_INT64","1000","implicit_window_index_domain(no_materialized_array)","i=0:position=0;i=1:position=1;i=2:position=2;i=3:position=3;i=998:position=998;i=999:position=999","PASS","OK"
"stage08","stage08_input_preview_b02_taylor_a64a65577ccc","formal","input_preview","runs/stage08_input_preview_b02_taylor_a64a65577ccc/formal/20260810T083038Z_a64a65577ccc_stage08_b02_formal_a2020004/operator_input_evidence_taylor_not_applicable_20260810T083038Z_a64a65577ccc_stage08_b02_formal_a2020004.csv","20260810T083038Z_a64a65577ccc_stage08_b02_formal_a2020004","taylor__taylor_fp32_10e3__6ccda7dd661da86c__periodic","taylor",,,,,,,,,,,,,,,"nbar","scalar","INT32","1","exact_config_scalar","value=4","PASS","OK"
"stage08","stage08_input_preview_b02_taylor_a64a65577ccc","formal","input_preview","runs/stage08_input_preview_b02_taylor_a64a65577ccc/formal/20260810T083038Z_a64a65577ccc_stage08_b02_formal_a2020004/operator_input_evidence_taylor_not_applicable_20260810T083038Z_a64a65577ccc_stage08_b02_formal_a2020004.csv","20260810T083038Z_a64a65577ccc_stage08_b02_formal_a2020004","taylor__taylor_fp32_10e3__6ccda7dd661da86c__periodic","taylor",,,,,,,,,,,,,,,"sidelobe_level_db","scalar","FP32","1","exact_config_scalar","value=30","PASS","OK"
"stage08","stage08_input_preview_b02_taylor_a64a65577ccc","formal","input_preview","runs/stage08_input_preview_b02_taylor_a64a65577ccc/formal/20260810T083038Z_a64a65577ccc_stage08_b02_formal_a2020004/operator_input_evidence_taylor_not_applicable_20260810T083038Z_a64a65577ccc_stage08_b02_formal_a2020004.csv","20260810T083038Z_a64a65577ccc_stage08_b02_formal_a2020004","taylor__taylor_fp32_10e3__6ccda7dd661da86c__periodic","taylor",,,,,,,,,,,,,,,"normalize","scalar","BOOL","1","exact_config_scalar","value=true","PASS","OK"
"stage08","stage08_input_preview_b02_taylor_a64a65577ccc","formal","dtype_and_input_contract","runs/stage08_input_preview_b02_taylor_a64a65577ccc/formal/20260810T083038Z_a64a65577ccc_stage08_b02_formal_a2020005/operator_dtype_evidence_taylor_not_applicable_20260810T083038Z_a64a65577ccc_stage08_b02_formal_a2020005.csv","20260810T083038Z_a64a65577ccc_stage08_b02_formal_a2020005","taylor__taylor_fp32_10e4__b34b6ff39925c221__sym","taylor","FP32","FP32","actual_typed_scalar_input","1","length:INT32=10000|sym:BOOL=true|sidelobe_level_db:FP32:bytes=0000f041",,"[{""input_name"":""window_positions"",""shape"":""[10000]"",""dtype"":""INDEX_INT64"",""element_count"":""10000"",""generator"":""implicit_window_index_domain(no_materialized_array)"",""preview_head4_tail2"":""i=0:position=0;i=1:position=1;i=2:position=2;i=3:position=3;i=9998:position=9998;i=9999:position=9999""},{""input_name"":""nbar"",""shape"":""scalar"",""dtype"":""INT32"",""element_count"":""1"",""generator"":""exact_config_scalar"",""preview_head4_tail2"":""value=4""},{""input_name"":""sidelobe_level_db"",""shape"":""scalar"",""dtype"":""FP32"",""element_count"":""1"",""generator"":""exact_config_scalar"",""preview_head4_tail2"":""value=30""},{""input_name"":""normalize"",""shape"":""scalar"",""dtype"":""BOOL"",""element_count"":""1"",""generator"":""exact_config_scalar"",""preview_head4_tail2"":""value=true""}]","{""length"":10000,""requested_dtype"":""FP32"",""sym"":true,""nbar"":4,""sidelobe_level_db"":30,""normalize"":true,""dtype_semantics"":""actual_typed_scalar_input"",""typed_input_names"":""sidelobe_level_db""}","b34b6ff39925c22171467d5d7514b47d8c3c0a5f3420fb5f895d7cf941e2d9e6",,,,"FP64",,,,,,,,"PASS","OK"
"stage08","stage08_input_preview_b02_taylor_a64a65577ccc","formal","input_preview","runs/stage08_input_preview_b02_taylor_a64a65577ccc/formal/20260810T083038Z_a64a65577ccc_stage08_b02_formal_a2020005/operator_input_evidence_taylor_not_applicable_20260810T083038Z_a64a65577ccc_stage08_b02_formal_a2020005.csv","20260810T083038Z_a64a65577ccc_stage08_b02_formal_a2020005","taylor__taylor_fp32_10e4__b34b6ff39925c221__sym","taylor",,,,,,,,,,,,,,,"window_positions","[10000]","INDEX_INT64","10000","implicit_window_index_domain(no_materialized_array)","i=0:position=0;i=1:position=1;i=2:position=2;i=3:position=3;i=9998:position=9998;i=9999:position=9999","PASS","OK"
"stage08","stage08_input_preview_b02_taylor_a64a65577ccc","formal","input_preview","runs/stage08_input_preview_b02_taylor_a64a65577ccc/formal/20260810T083038Z_a64a65577ccc_stage08_b02_formal_a2020005/operator_input_evidence_taylor_not_applicable_20260810T083038Z_a64a65577ccc_stage08_b02_formal_a2020005.csv","20260810T083038Z_a64a65577ccc_stage08_b02_formal_a2020005","taylor__taylor_fp32_10e4__b34b6ff39925c221__sym","taylor",,,,,,,,,,,,,,,"nbar","scalar","INT32","1","exact_config_scalar","value=4","PASS","OK"
"stage08","stage08_input_preview_b02_taylor_a64a65577ccc","formal","input_preview","runs/stage08_input_preview_b02_taylor_a64a65577ccc/formal/20260810T083038Z_a64a65577ccc_stage08_b02_formal_a2020005/operator_input_evidence_taylor_not_applicable_20260810T083038Z_a64a65577ccc_stage08_b02_formal_a2020005.csv","20260810T083038Z_a64a65577ccc_stage08_b02_formal_a2020005","taylor__taylor_fp32_10e4__b34b6ff39925c221__sym","taylor",,,,,,,,,,,,,,,"sidelobe_level_db","scalar","FP32","1","exact_config_scalar","value=30","PASS","OK"
"stage08","stage08_input_preview_b02_taylor_a64a65577ccc","formal","input_preview","runs/stage08_input_preview_b02_taylor_a64a65577ccc/formal/20260810T083038Z_a64a65577ccc_stage08_b02_formal_a2020005/operator_input_evidence_taylor_not_applicable_20260810T083038Z_a64a65577ccc_stage08_b02_formal_a2020005.csv","20260810T083038Z_a64a65577ccc_stage08_b02_formal_a2020005","taylor__taylor_fp32_10e4__b34b6ff39925c221__sym","taylor",,,,,,,,,,,,,,,"normalize","scalar","BOOL","1","exact_config_scalar","value=true","PASS","OK"
"stage08","stage08_input_preview_b02_taylor_a64a65577ccc","formal","dtype_and_input_contract","runs/stage08_input_preview_b02_taylor_a64a65577ccc/formal/20260810T083039Z_a64a65577ccc_stage08_b02_formal_a2020006/operator_dtype_evidence_taylor_not_applicable_20260810T083039Z_a64a65577ccc_stage08_b02_formal_a2020006.csv","20260810T083039Z_a64a65577ccc_stage08_b02_formal_a2020006","taylor__taylor_fp32_10e4__dbf030732937dd65__periodic","taylor","FP32","FP32","actual_typed_scalar_input","1","length:INT32=10000|sym:BOOL=false|sidelobe_level_db:FP32:bytes=0000f041",,"[{""input_name"":""window_positions"",""shape"":""[10000]"",""dtype"":""INDEX_INT64"",""element_count"":""10000"",""generator"":""implicit_window_index_domain(no_materialized_array)"",""preview_head4_tail2"":""i=0:position=0;i=1:position=1;i=2:position=2;i=3:position=3;i=9998:position=9998;i=9999:position=9999""},{""input_name"":""nbar"",""shape"":""scalar"",""dtype"":""INT32"",""element_count"":""1"",""generator"":""exact_config_scalar"",""preview_head4_tail2"":""value=4""},{""input_name"":""sidelobe_level_db"",""shape"":""scalar"",""dtype"":""FP32"",""element_count"":""1"",""generator"":""exact_config_scalar"",""preview_head4_tail2"":""value=30""},{""input_name"":""normalize"",""shape"":""scalar"",""dtype"":""BOOL"",""element_count"":""1"",""generator"":""exact_config_scalar"",""preview_head4_tail2"":""value=true""}]","{""length"":10000,""requested_dtype"":""FP32"",""sym"":false,""nbar"":4,""sidelobe_level_db"":30,""normalize"":true,""dtype_semantics"":""actual_typed_scalar_input"",""typed_input_names"":""sidelobe_level_db""}","dbf030732937dd65897a544c3ea100cd9cebb1d5149426fa1f0b7a7345a1f105",,,,"FP64",,,,,,,,"PASS","OK"
"stage08","stage08_input_preview_b02_taylor_a64a65577ccc","formal","input_preview","runs/stage08_input_preview_b02_taylor_a64a65577ccc/formal/20260810T083039Z_a64a65577ccc_stage08_b02_formal_a2020006/operator_input_evidence_taylor_not_applicable_20260810T083039Z_a64a65577ccc_stage08_b02_formal_a2020006.csv","20260810T083039Z_a64a65577ccc_stage08_b02_formal_a2020006","taylor__taylor_fp32_10e4__dbf030732937dd65__periodic","taylor",,,,,,,,,,,,,,,"window_positions","[10000]","INDEX_INT64","10000","implicit_window_index_domain(no_materialized_array)","i=0:position=0;i=1:position=1;i=2:position=2;i=3:position=3;i=9998:position=9998;i=9999:position=9999","PASS","OK"
"stage08","stage08_input_preview_b02_taylor_a64a65577ccc","formal","input_preview","runs/stage08_input_preview_b02_taylor_a64a65577ccc/formal/20260810T083039Z_a64a65577ccc_stage08_b02_formal_a2020006/operator_input_evidence_taylor_not_applicable_20260810T083039Z_a64a65577ccc_stage08_b02_formal_a2020006.csv","20260810T083039Z_a64a65577ccc_stage08_b02_formal_a2020006","taylor__taylor_fp32_10e4__dbf030732937dd65__periodic","taylor",,,,,,,,,,,,,,,"nbar","scalar","INT32","1","exact_config_scalar","value=4","PASS","OK"
"stage08","stage08_input_preview_b02_taylor_a64a65577ccc","formal","input_preview","runs/stage08_input_preview_b02_taylor_a64a65577ccc/formal/20260810T083039Z_a64a65577ccc_stage08_b02_formal_a2020006/operator_input_evidence_taylor_not_applicable_20260810T083039Z_a64a65577ccc_stage08_b02_formal_a2020006.csv","20260810T083039Z_a64a65577ccc_stage08_b02_formal_a2020006","taylor__taylor_fp32_10e4__dbf030732937dd65__periodic","taylor",,,,,,,,,,,,,,,"sidelobe_level_db","scalar","FP32","1","exact_config_scalar","value=30","PASS","OK"
"stage08","stage08_input_preview_b02_taylor_a64a65577ccc","formal","input_preview","runs/stage08_input_preview_b02_taylor_a64a65577ccc/formal/20260810T083039Z_a64a65577ccc_stage08_b02_formal_a2020006/operator_input_evidence_taylor_not_applicable_20260810T083039Z_a64a65577ccc_stage08_b02_formal_a2020006.csv","20260810T083039Z_a64a65577ccc_stage08_b02_formal_a2020006","taylor__taylor_fp32_10e4__dbf030732937dd65__periodic","taylor",,,,,,,,,,,,,,,"normalize","scalar","BOOL","1","exact_config_scalar","value=true","PASS","OK"
"stage08","stage08_input_preview_b02_taylor_a64a65577ccc","formal","dtype_and_input_contract","runs/stage08_input_preview_b02_taylor_a64a65577ccc/formal/20260810T083039Z_a64a65577ccc_stage08_b02_formal_a2020007/operator_dtype_evidence_taylor_not_applicable_20260810T083039Z_a64a65577ccc_stage08_b02_formal_a2020007.csv","20260810T083039Z_a64a65577ccc_stage08_b02_formal_a2020007","taylor__taylor_fp16_10e2__531efa49a738157b__sym","taylor","FP16","FP16","actual_typed_scalar_input","1","length:INT32=100|sym:BOOL=true|sidelobe_level_db:FP16:bytes=804f",,"[{""input_name"":""window_positions"",""shape"":""[100]"",""dtype"":""INDEX_INT64"",""element_count"":""100"",""generator"":""implicit_window_index_domain(no_materialized_array)"",""preview_head4_tail2"":""i=0:position=0;i=1:position=1;i=2:position=2;i=3:position=3;i=98:position=98;i=99:position=99""},{""input_name"":""nbar"",""shape"":""scalar"",""dtype"":""INT32"",""element_count"":""1"",""generator"":""exact_config_scalar"",""preview_head4_tail2"":""value=4""},{""input_name"":""sidelobe_level_db"",""shape"":""scalar"",""dtype"":""FP16"",""element_count"":""1"",""generator"":""exact_config_scalar"",""preview_head4_tail2"":""value=30""},{""input_name"":""normalize"",""shape"":""scalar"",""dtype"":""BOOL"",""element_count"":""1"",""generator"":""exact_config_scalar"",""preview_head4_tail2"":""value=true""}]","{""length"":100,""requested_dtype"":""FP16"",""sym"":true,""nbar"":4,""sidelobe_level_db"":30,""normalize"":true,""dtype_semantics"":""actual_typed_scalar_input"",""typed_input_names"":""sidelobe_level_db""}","531efa49a738157bc75b4ac6d47040fd154d0b79a53745405822eb6691a21df7",,,,"FP64",,,,,,,,"PASS","OK"
"stage08","stage08_input_preview_b02_taylor_a64a65577ccc","formal","input_preview","runs/stage08_input_preview_b02_taylor_a64a65577ccc/formal/20260810T083039Z_a64a65577ccc_stage08_b02_formal_a2020007/operator_input_evidence_taylor_not_applicable_20260810T083039Z_a64a65577ccc_stage08_b02_formal_a2020007.csv","20260810T083039Z_a64a65577ccc_stage08_b02_formal_a2020007","taylor__taylor_fp16_10e2__531efa49a738157b__sym","taylor",,,,,,,,,,,,,,,"window_positions","[100]","INDEX_INT64","100","implicit_window_index_domain(no_materialized_array)","i=0:position=0;i=1:position=1;i=2:position=2;i=3:position=3;i=98:position=98;i=99:position=99","PASS","OK"
"stage08","stage08_input_preview_b02_taylor_a64a65577ccc","formal","input_preview","runs/stage08_input_preview_b02_taylor_a64a65577ccc/formal/20260810T083039Z_a64a65577ccc_stage08_b02_formal_a2020007/operator_input_evidence_taylor_not_applicable_20260810T083039Z_a64a65577ccc_stage08_b02_formal_a2020007.csv","20260810T083039Z_a64a65577ccc_stage08_b02_formal_a2020007","taylor__taylor_fp16_10e2__531efa49a738157b__sym","taylor",,,,,,,,,,,,,,,"nbar","scalar","INT32","1","exact_config_scalar","value=4","PASS","OK"
"stage08","stage08_input_preview_b02_taylor_a64a65577ccc","formal","input_preview","runs/stage08_input_preview_b02_taylor_a64a65577ccc/formal/20260810T083039Z_a64a65577ccc_stage08_b02_formal_a2020007/operator_input_evidence_taylor_not_applicable_20260810T083039Z_a64a65577ccc_stage08_b02_formal_a2020007.csv","20260810T083039Z_a64a65577ccc_stage08_b02_formal_a2020007","taylor__taylor_fp16_10e2__531efa49a738157b__sym","taylor",,,,,,,,,,,,,,,"sidelobe_level_db","scalar","FP16","1","exact_config_scalar","value=30","PASS","OK"
"stage08","stage08_input_preview_b02_taylor_a64a65577ccc","formal","input_preview","runs/stage08_input_preview_b02_taylor_a64a65577ccc/formal/20260810T083039Z_a64a65577ccc_stage08_b02_formal_a2020007/operator_input_evidence_taylor_not_applicable_20260810T083039Z_a64a65577ccc_stage08_b02_formal_a2020007.csv","20260810T083039Z_a64a65577ccc_stage08_b02_formal_a2020007","taylor__taylor_fp16_10e2__531efa49a738157b__sym","taylor",,,,,,,,,,,,,,,"normalize","scalar","BOOL","1","exact_config_scalar","value=true","PASS","OK"
"stage08","stage08_input_preview_b02_taylor_a64a65577ccc","formal","dtype_and_input_contract","runs/stage08_input_preview_b02_taylor_a64a65577ccc/formal/20260810T083039Z_a64a65577ccc_stage08_b02_formal_a2020008/operator_dtype_evidence_taylor_not_applicable_20260810T083039Z_a64a65577ccc_stage08_b02_formal_a2020008.csv","20260810T083039Z_a64a65577ccc_stage08_b02_formal_a2020008","taylor__taylor_fp16_10e2__f2b474e4e4d5c878__periodic","taylor","FP16","FP16","actual_typed_scalar_input","1","length:INT32=100|sym:BOOL=false|sidelobe_level_db:FP16:bytes=804f",,"[{""input_name"":""window_positions"",""shape"":""[100]"",""dtype"":""INDEX_INT64"",""element_count"":""100"",""generator"":""implicit_window_index_domain(no_materialized_array)"",""preview_head4_tail2"":""i=0:position=0;i=1:position=1;i=2:position=2;i=3:position=3;i=98:position=98;i=99:position=99""},{""input_name"":""nbar"",""shape"":""scalar"",""dtype"":""INT32"",""element_count"":""1"",""generator"":""exact_config_scalar"",""preview_head4_tail2"":""value=4""},{""input_name"":""sidelobe_level_db"",""shape"":""scalar"",""dtype"":""FP16"",""element_count"":""1"",""generator"":""exact_config_scalar"",""preview_head4_tail2"":""value=30""},{""input_name"":""normalize"",""shape"":""scalar"",""dtype"":""BOOL"",""element_count"":""1"",""generator"":""exact_config_scalar"",""preview_head4_tail2"":""value=true""}]","{""length"":100,""requested_dtype"":""FP16"",""sym"":false,""nbar"":4,""sidelobe_level_db"":30,""normalize"":true,""dtype_semantics"":""actual_typed_scalar_input"",""typed_input_names"":""sidelobe_level_db""}","f2b474e4e4d5c878c16fae0dd426b937800997b6e1152624be55b7022378e4e3",,,,"FP64",,,,,,,,"PASS","OK"
"stage08","stage08_input_preview_b02_taylor_a64a65577ccc","formal","input_preview","runs/stage08_input_preview_b02_taylor_a64a65577ccc/formal/20260810T083039Z_a64a65577ccc_stage08_b02_formal_a2020008/operator_input_evidence_taylor_not_applicable_20260810T083039Z_a64a65577ccc_stage08_b02_formal_a2020008.csv","20260810T083039Z_a64a65577ccc_stage08_b02_formal_a2020008","taylor__taylor_fp16_10e2__f2b474e4e4d5c878__periodic","taylor",,,,,,,,,,,,,,,"window_positions","[100]","INDEX_INT64","100","implicit_window_index_domain(no_materialized_array)","i=0:position=0;i=1:position=1;i=2:position=2;i=3:position=3;i=98:position=98;i=99:position=99","PASS","OK"
"stage08","stage08_input_preview_b02_taylor_a64a65577ccc","formal","input_preview","runs/stage08_input_preview_b02_taylor_a64a65577ccc/formal/20260810T083039Z_a64a65577ccc_stage08_b02_formal_a2020008/operator_input_evidence_taylor_not_applicable_20260810T083039Z_a64a65577ccc_stage08_b02_formal_a2020008.csv","20260810T083039Z_a64a65577ccc_stage08_b02_formal_a2020008","taylor__taylor_fp16_10e2__f2b474e4e4d5c878__periodic","taylor",,,,,,,,,,,,,,,"nbar","scalar","INT32","1","exact_config_scalar","value=4","PASS","OK"
"stage08","stage08_input_preview_b02_taylor_a64a65577ccc","formal","input_preview","runs/stage08_input_preview_b02_taylor_a64a65577ccc/formal/20260810T083039Z_a64a65577ccc_stage08_b02_formal_a2020008/operator_input_evidence_taylor_not_applicable_20260810T083039Z_a64a65577ccc_stage08_b02_formal_a2020008.csv","20260810T083039Z_a64a65577ccc_stage08_b02_formal_a2020008","taylor__taylor_fp16_10e2__f2b474e4e4d5c878__periodic","taylor",,,,,,,,,,,,,,,"sidelobe_level_db","scalar","FP16","1","exact_config_scalar","value=30","PASS","OK"
"stage08","stage08_input_preview_b02_taylor_a64a65577ccc","formal","input_preview","runs/stage08_input_preview_b02_taylor_a64a65577ccc/formal/20260810T083039Z_a64a65577ccc_stage08_b02_formal_a2020008/operator_input_evidence_taylor_not_applicable_20260810T083039Z_a64a65577ccc_stage08_b02_formal_a2020008.csv","20260810T083039Z_a64a65577ccc_stage08_b02_formal_a2020008","taylor__taylor_fp16_10e2__f2b474e4e4d5c878__periodic","taylor",,,,,,,,,,,,,,,"normalize","scalar","BOOL","1","exact_config_scalar","value=true","PASS","OK"
"stage08","stage08_input_preview_b02_taylor_a64a65577ccc","formal","dtype_and_input_contract","runs/stage08_input_preview_b02_taylor_a64a65577ccc/formal/20260810T083039Z_a64a65577ccc_stage08_b02_formal_a2020009/operator_dtype_evidence_taylor_not_applicable_20260810T083039Z_a64a65577ccc_stage08_b02_formal_a2020009.csv","20260810T083039Z_a64a65577ccc_stage08_b02_formal_a2020009","taylor__taylor_fp16_10e3__c94690d60245dd2d__sym","taylor","FP16","FP16","actual_typed_scalar_input","1","length:INT32=1000|sym:BOOL=true|sidelobe_level_db:FP16:bytes=804f",,"[{""input_name"":""window_positions"",""shape"":""[1000]"",""dtype"":""INDEX_INT64"",""element_count"":""1000"",""generator"":""implicit_window_index_domain(no_materialized_array)"",""preview_head4_tail2"":""i=0:position=0;i=1:position=1;i=2:position=2;i=3:position=3;i=998:position=998;i=999:position=999""},{""input_name"":""nbar"",""shape"":""scalar"",""dtype"":""INT32"",""element_count"":""1"",""generator"":""exact_config_scalar"",""preview_head4_tail2"":""value=4""},{""input_name"":""sidelobe_level_db"",""shape"":""scalar"",""dtype"":""FP16"",""element_count"":""1"",""generator"":""exact_config_scalar"",""preview_head4_tail2"":""value=30""},{""input_name"":""normalize"",""shape"":""scalar"",""dtype"":""BOOL"",""element_count"":""1"",""generator"":""exact_config_scalar"",""preview_head4_tail2"":""value=true""}]","{""length"":1000,""requested_dtype"":""FP16"",""sym"":true,""nbar"":4,""sidelobe_level_db"":30,""normalize"":true,""dtype_semantics"":""actual_typed_scalar_input"",""typed_input_names"":""sidelobe_level_db""}","c94690d60245dd2dcc4c4eb3ac1384068ae4bea817257d0c0dfd8ec48f8558bc",,,,"FP64",,,,,,,,"PASS","OK"
"stage08","stage08_input_preview_b02_taylor_a64a65577ccc","formal","input_preview","runs/stage08_input_preview_b02_taylor_a64a65577ccc/formal/20260810T083039Z_a64a65577ccc_stage08_b02_formal_a2020009/operator_input_evidence_taylor_not_applicable_20260810T083039Z_a64a65577ccc_stage08_b02_formal_a2020009.csv","20260810T083039Z_a64a65577ccc_stage08_b02_formal_a2020009","taylor__taylor_fp16_10e3__c94690d60245dd2d__sym","taylor",,,,,,,,,,,,,,,"window_positions","[1000]","INDEX_INT64","1000","implicit_window_index_domain(no_materialized_array)","i=0:position=0;i=1:position=1;i=2:position=2;i=3:position=3;i=998:position=998;i=999:position=999","PASS","OK"
"stage08","stage08_input_preview_b02_taylor_a64a65577ccc","formal","input_preview","runs/stage08_input_preview_b02_taylor_a64a65577ccc/formal/20260810T083039Z_a64a65577ccc_stage08_b02_formal_a2020009/operator_input_evidence_taylor_not_applicable_20260810T083039Z_a64a65577ccc_stage08_b02_formal_a2020009.csv","20260810T083039Z_a64a65577ccc_stage08_b02_formal_a2020009","taylor__taylor_fp16_10e3__c94690d60245dd2d__sym","taylor",,,,,,,,,,,,,,,"nbar","scalar","INT32","1","exact_config_scalar","value=4","PASS","OK"
"stage08","stage08_input_preview_b02_taylor_a64a65577ccc","formal","input_preview","runs/stage08_input_preview_b02_taylor_a64a65577ccc/formal/20260810T083039Z_a64a65577ccc_stage08_b02_formal_a2020009/operator_input_evidence_taylor_not_applicable_20260810T083039Z_a64a65577ccc_stage08_b02_formal_a2020009.csv","20260810T083039Z_a64a65577ccc_stage08_b02_formal_a2020009","taylor__taylor_fp16_10e3__c94690d60245dd2d__sym","taylor",,,,,,,,,,,,,,,"sidelobe_level_db","scalar","FP16","1","exact_config_scalar","value=30","PASS","OK"
"stage08","stage08_input_preview_b02_taylor_a64a65577ccc","formal","input_preview","runs/stage08_input_preview_b02_taylor_a64a65577ccc/formal/20260810T083039Z_a64a65577ccc_stage08_b02_formal_a2020009/operator_input_evidence_taylor_not_applicable_20260810T083039Z_a64a65577ccc_stage08_b02_formal_a2020009.csv","20260810T083039Z_a64a65577ccc_stage08_b02_formal_a2020009","taylor__taylor_fp16_10e3__c94690d60245dd2d__sym","taylor",,,,,,,,,,,,,,,"normalize","scalar","BOOL","1","exact_config_scalar","value=true","PASS","OK"
"stage08","stage08_input_preview_b02_taylor_a64a65577ccc","formal","dtype_and_input_contract","runs/stage08_input_preview_b02_taylor_a64a65577ccc/formal/20260810T083039Z_a64a65577ccc_stage08_b02_formal_a202000a/operator_dtype_evidence_taylor_not_applicable_20260810T083039Z_a64a65577ccc_stage08_b02_formal_a202000a.csv","20260810T083039Z_a64a65577ccc_stage08_b02_formal_a202000a","taylor__taylor_fp16_10e3__7feaa30b95029e27__periodic","taylor","FP16","FP16","actual_typed_scalar_input","1","length:INT32=1000|sym:BOOL=false|sidelobe_level_db:FP16:bytes=804f",,"[{""input_name"":""window_positions"",""shape"":""[1000]"",""dtype"":""INDEX_INT64"",""element_count"":""1000"",""generator"":""implicit_window_index_domain(no_materialized_array)"",""preview_head4_tail2"":""i=0:position=0;i=1:position=1;i=2:position=2;i=3:position=3;i=998:position=998;i=999:position=999""},{""input_name"":""nbar"",""shape"":""scalar"",""dtype"":""INT32"",""element_count"":""1"",""generator"":""exact_config_scalar"",""preview_head4_tail2"":""value=4""},{""input_name"":""sidelobe_level_db"",""shape"":""scalar"",""dtype"":""FP16"",""element_count"":""1"",""generator"":""exact_config_scalar"",""preview_head4_tail2"":""value=30""},{""input_name"":""normalize"",""shape"":""scalar"",""dtype"":""BOOL"",""element_count"":""1"",""generator"":""exact_config_scalar"",""preview_head4_tail2"":""value=true""}]","{""length"":1000,""requested_dtype"":""FP16"",""sym"":false,""nbar"":4,""sidelobe_level_db"":30,""normalize"":true,""dtype_semantics"":""actual_typed_scalar_input"",""typed_input_names"":""sidelobe_level_db""}","7feaa30b95029e272dbcf4f5d401413d1a4dd9db354fe073f99aaab0fbcb3d59",,,,"FP64",,,,,,,,"PASS","OK"
"stage08","stage08_input_preview_b02_taylor_a64a65577ccc","formal","input_preview","runs/stage08_input_preview_b02_taylor_a64a65577ccc/formal/20260810T083039Z_a64a65577ccc_stage08_b02_formal_a202000a/operator_input_evidence_taylor_not_applicable_20260810T083039Z_a64a65577ccc_stage08_b02_formal_a202000a.csv","20260810T083039Z_a64a65577ccc_stage08_b02_formal_a202000a","taylor__taylor_fp16_10e3__7feaa30b95029e27__periodic","taylor",,,,,,,,,,,,,,,"window_positions","[1000]","INDEX_INT64","1000","implicit_window_index_domain(no_materialized_array)","i=0:position=0;i=1:position=1;i=2:position=2;i=3:position=3;i=998:position=998;i=999:position=999","PASS","OK"
"stage08","stage08_input_preview_b02_taylor_a64a65577ccc","formal","input_preview","runs/stage08_input_preview_b02_taylor_a64a65577ccc/formal/20260810T083039Z_a64a65577ccc_stage08_b02_formal_a202000a/operator_input_evidence_taylor_not_applicable_20260810T083039Z_a64a65577ccc_stage08_b02_formal_a202000a.csv","20260810T083039Z_a64a65577ccc_stage08_b02_formal_a202000a","taylor__taylor_fp16_10e3__7feaa30b95029e27__periodic","taylor",,,,,,,,,,,,,,,"nbar","scalar","INT32","1","exact_config_scalar","value=4","PASS","OK"
"stage08","stage08_input_preview_b02_taylor_a64a65577ccc","formal","input_preview","runs/stage08_input_preview_b02_taylor_a64a65577ccc/formal/20260810T083039Z_a64a65577ccc_stage08_b02_formal_a202000a/operator_input_evidence_taylor_not_applicable_20260810T083039Z_a64a65577ccc_stage08_b02_formal_a202000a.csv","20260810T083039Z_a64a65577ccc_stage08_b02_formal_a202000a","taylor__taylor_fp16_10e3__7feaa30b95029e27__periodic","taylor",,,,,,,,,,,,,,,"sidelobe_level_db","scalar","FP16","1","exact_config_scalar","value=30","PASS","OK"
"stage08","stage08_input_preview_b02_taylor_a64a65577ccc","formal","input_preview","runs/stage08_input_preview_b02_taylor_a64a65577ccc/formal/20260810T083039Z_a64a65577ccc_stage08_b02_formal_a202000a/operator_input_evidence_taylor_not_applicable_20260810T083039Z_a64a65577ccc_stage08_b02_formal_a202000a.csv","20260810T083039Z_a64a65577ccc_stage08_b02_formal_a202000a","taylor__taylor_fp16_10e3__7feaa30b95029e27__periodic","taylor",,,,,,,,,,,,,,,"normalize","scalar","BOOL","1","exact_config_scalar","value=true","PASS","OK"
"stage08","stage08_input_preview_b02_taylor_a64a65577ccc","formal","dtype_and_input_contract","runs/stage08_input_preview_b02_taylor_a64a65577ccc/formal/20260810T083039Z_a64a65577ccc_stage08_b02_formal_a202000b/operator_dtype_evidence_taylor_not_applicable_20260810T083039Z_a64a65577ccc_stage08_b02_formal_a202000b.csv","20260810T083039Z_a64a65577ccc_stage08_b02_formal_a202000b","taylor__taylor_fp16_10e4__69c07abeaca58afa__sym","taylor","FP16","FP16","actual_typed_scalar_input","1","length:INT32=10000|sym:BOOL=true|sidelobe_level_db:FP16:bytes=804f",,"[{""input_name"":""window_positions"",""shape"":""[10000]"",""dtype"":""INDEX_INT64"",""element_count"":""10000"",""generator"":""implicit_window_index_domain(no_materialized_array)"",""preview_head4_tail2"":""i=0:position=0;i=1:position=1;i=2:position=2;i=3:position=3;i=9998:position=9998;i=9999:position=9999""},{""input_name"":""nbar"",""shape"":""scalar"",""dtype"":""INT32"",""element_count"":""1"",""generator"":""exact_config_scalar"",""preview_head4_tail2"":""value=4""},{""input_name"":""sidelobe_level_db"",""shape"":""scalar"",""dtype"":""FP16"",""element_count"":""1"",""generator"":""exact_config_scalar"",""preview_head4_tail2"":""value=30""},{""input_name"":""normalize"",""shape"":""scalar"",""dtype"":""BOOL"",""element_count"":""1"",""generator"":""exact_config_scalar"",""preview_head4_tail2"":""value=true""}]","{""length"":10000,""requested_dtype"":""FP16"",""sym"":true,""nbar"":4,""sidelobe_level_db"":30,""normalize"":true,""dtype_semantics"":""actual_typed_scalar_input"",""typed_input_names"":""sidelobe_level_db""}","69c07abeaca58afa2c2f82ff3cba7e9ef716d3ea6e3ce84e3b0a59f5ea712a53",,,,"FP64",,,,,,,,"PASS","OK"
"stage08","stage08_input_preview_b02_taylor_a64a65577ccc","formal","input_preview","runs/stage08_input_preview_b02_taylor_a64a65577ccc/formal/20260810T083039Z_a64a65577ccc_stage08_b02_formal_a202000b/operator_input_evidence_taylor_not_applicable_20260810T083039Z_a64a65577ccc_stage08_b02_formal_a202000b.csv","20260810T083039Z_a64a65577ccc_stage08_b02_formal_a202000b","taylor__taylor_fp16_10e4__69c07abeaca58afa__sym","taylor",,,,,,,,,,,,,,,"window_positions","[10000]","INDEX_INT64","10000","implicit_window_index_domain(no_materialized_array)","i=0:position=0;i=1:position=1;i=2:position=2;i=3:position=3;i=9998:position=9998;i=9999:position=9999","PASS","OK"
"stage08","stage08_input_preview_b02_taylor_a64a65577ccc","formal","input_preview","runs/stage08_input_preview_b02_taylor_a64a65577ccc/formal/20260810T083039Z_a64a65577ccc_stage08_b02_formal_a202000b/operator_input_evidence_taylor_not_applicable_20260810T083039Z_a64a65577ccc_stage08_b02_formal_a202000b.csv","20260810T083039Z_a64a65577ccc_stage08_b02_formal_a202000b","taylor__taylor_fp16_10e4__69c07abeaca58afa__sym","taylor",,,,,,,,,,,,,,,"nbar","scalar","INT32","1","exact_config_scalar","value=4","PASS","OK"
"stage08","stage08_input_preview_b02_taylor_a64a65577ccc","formal","input_preview","runs/stage08_input_preview_b02_taylor_a64a65577ccc/formal/20260810T083039Z_a64a65577ccc_stage08_b02_formal_a202000b/operator_input_evidence_taylor_not_applicable_20260810T083039Z_a64a65577ccc_stage08_b02_formal_a202000b.csv","20260810T083039Z_a64a65577ccc_stage08_b02_formal_a202000b","taylor__taylor_fp16_10e4__69c07abeaca58afa__sym","taylor",,,,,,,,,,,,,,,"sidelobe_level_db","scalar","FP16","1","exact_config_scalar","value=30","PASS","OK"
"stage08","stage08_input_preview_b02_taylor_a64a65577ccc","formal","input_preview","runs/stage08_input_preview_b02_taylor_a64a65577ccc/formal/20260810T083039Z_a64a65577ccc_stage08_b02_formal_a202000b/operator_input_evidence_taylor_not_applicable_20260810T083039Z_a64a65577ccc_stage08_b02_formal_a202000b.csv","20260810T083039Z_a64a65577ccc_stage08_b02_formal_a202000b","taylor__taylor_fp16_10e4__69c07abeaca58afa__sym","taylor",,,,,,,,,,,,,,,"normalize","scalar","BOOL","1","exact_config_scalar","value=true","PASS","OK"
"stage08","stage08_input_preview_b02_taylor_a64a65577ccc","formal","dtype_and_input_contract","runs/stage08_input_preview_b02_taylor_a64a65577ccc/formal/20260810T083040Z_a64a65577ccc_stage08_b02_formal_a202000c/operator_dtype_evidence_taylor_not_applicable_20260810T083040Z_a64a65577ccc_stage08_b02_formal_a202000c.csv","20260810T083040Z_a64a65577ccc_stage08_b02_formal_a202000c","taylor__taylor_fp16_10e4__13b4d15c5222845e__periodic","taylor","FP16","FP16","actual_typed_scalar_input","1","length:INT32=10000|sym:BOOL=false|sidelobe_level_db:FP16:bytes=804f",,"[{""input_name"":""window_positions"",""shape"":""[10000]"",""dtype"":""INDEX_INT64"",""element_count"":""10000"",""generator"":""implicit_window_index_domain(no_materialized_array)"",""preview_head4_tail2"":""i=0:position=0;i=1:position=1;i=2:position=2;i=3:position=3;i=9998:position=9998;i=9999:position=9999""},{""input_name"":""nbar"",""shape"":""scalar"",""dtype"":""INT32"",""element_count"":""1"",""generator"":""exact_config_scalar"",""preview_head4_tail2"":""value=4""},{""input_name"":""sidelobe_level_db"",""shape"":""scalar"",""dtype"":""FP16"",""element_count"":""1"",""generator"":""exact_config_scalar"",""preview_head4_tail2"":""value=30""},{""input_name"":""normalize"",""shape"":""scalar"",""dtype"":""BOOL"",""element_count"":""1"",""generator"":""exact_config_scalar"",""preview_head4_tail2"":""value=true""}]","{""length"":10000,""requested_dtype"":""FP16"",""sym"":false,""nbar"":4,""sidelobe_level_db"":30,""normalize"":true,""dtype_semantics"":""actual_typed_scalar_input"",""typed_input_names"":""sidelobe_level_db""}","13b4d15c5222845ed10b9bda0f3bc256db1c82dda741a64fb8c3d009f3f5ac5f",,,,"FP64",,,,,,,,"PASS","OK"
"stage08","stage08_input_preview_b02_taylor_a64a65577ccc","formal","input_preview","runs/stage08_input_preview_b02_taylor_a64a65577ccc/formal/20260810T083040Z_a64a65577ccc_stage08_b02_formal_a202000c/operator_input_evidence_taylor_not_applicable_20260810T083040Z_a64a65577ccc_stage08_b02_formal_a202000c.csv","20260810T083040Z_a64a65577ccc_stage08_b02_formal_a202000c","taylor__taylor_fp16_10e4__13b4d15c5222845e__periodic","taylor",,,,,,,,,,,,,,,"window_positions","[10000]","INDEX_INT64","10000","implicit_window_index_domain(no_materialized_array)","i=0:position=0;i=1:position=1;i=2:position=2;i=3:position=3;i=9998:position=9998;i=9999:position=9999","PASS","OK"
"stage08","stage08_input_preview_b02_taylor_a64a65577ccc","formal","input_preview","runs/stage08_input_preview_b02_taylor_a64a65577ccc/formal/20260810T083040Z_a64a65577ccc_stage08_b02_formal_a202000c/operator_input_evidence_taylor_not_applicable_20260810T083040Z_a64a65577ccc_stage08_b02_formal_a202000c.csv","20260810T083040Z_a64a65577ccc_stage08_b02_formal_a202000c","taylor__taylor_fp16_10e4__13b4d15c5222845e__periodic","taylor",,,,,,,,,,,,,,,"nbar","scalar","INT32","1","exact_config_scalar","value=4","PASS","OK"
"stage08","stage08_input_preview_b02_taylor_a64a65577ccc","formal","input_preview","runs/stage08_input_preview_b02_taylor_a64a65577ccc/formal/20260810T083040Z_a64a65577ccc_stage08_b02_formal_a202000c/operator_input_evidence_taylor_not_applicable_20260810T083040Z_a64a65577ccc_stage08_b02_formal_a202000c.csv","20260810T083040Z_a64a65577ccc_stage08_b02_formal_a202000c","taylor__taylor_fp16_10e4__13b4d15c5222845e__periodic","taylor",,,,,,,,,,,,,,,"sidelobe_level_db","scalar","FP16","1","exact_config_scalar","value=30","PASS","OK"
"stage08","stage08_input_preview_b02_taylor_a64a65577ccc","formal","input_preview","runs/stage08_input_preview_b02_taylor_a64a65577ccc/formal/20260810T083040Z_a64a65577ccc_stage08_b02_formal_a202000c/operator_input_evidence_taylor_not_applicable_20260810T083040Z_a64a65577ccc_stage08_b02_formal_a202000c.csv","20260810T083040Z_a64a65577ccc_stage08_b02_formal_a202000c","taylor__taylor_fp16_10e4__13b4d15c5222845e__periodic","taylor",,,,,,,,,,,,,,,"normalize","scalar","BOOL","1","exact_config_scalar","value=true","PASS","OK"
"stage08","stage08_input_preview_b02_taylor_a64a65577ccc","formal","dtype_and_input_contract","runs/stage08_input_preview_b02_taylor_a64a65577ccc/formal/20260810T083040Z_a64a65577ccc_stage08_b02_formal_a202000d/operator_dtype_evidence_taylor_not_applicable_20260810T083040Z_a64a65577ccc_stage08_b02_formal_a202000d.csv","20260810T083040Z_a64a65577ccc_stage08_b02_formal_a202000d","taylor__taylor_int32_10e2__90574fd8db22528f__sym","taylor","INT32","INT32","actual_typed_scalar_input","1","length:INT32=100|sym:BOOL=true|sidelobe_level_db:INT32:bytes=1e000000",,"[{""input_name"":""window_positions"",""shape"":""[100]"",""dtype"":""INDEX_INT64"",""element_count"":""100"",""generator"":""implicit_window_index_domain(no_materialized_array)"",""preview_head4_tail2"":""i=0:position=0;i=1:position=1;i=2:position=2;i=3:position=3;i=98:position=98;i=99:position=99""},{""input_name"":""nbar"",""shape"":""scalar"",""dtype"":""INT32"",""element_count"":""1"",""generator"":""exact_config_scalar"",""preview_head4_tail2"":""value=4""},{""input_name"":""sidelobe_level_db"",""shape"":""scalar"",""dtype"":""INT32"",""element_count"":""1"",""generator"":""exact_config_scalar"",""preview_head4_tail2"":""value=30""},{""input_name"":""normalize"",""shape"":""scalar"",""dtype"":""BOOL"",""element_count"":""1"",""generator"":""exact_config_scalar"",""preview_head4_tail2"":""value=true""}]","{""length"":100,""requested_dtype"":""INT32"",""sym"":true,""nbar"":4,""sidelobe_level_db"":30,""normalize"":true,""dtype_semantics"":""actual_typed_scalar_input"",""typed_input_names"":""sidelobe_level_db""}","90574fd8db22528f38c31787ee5ab30e47a646cab990b7ad3288351748b48fb6",,,,"FP64",,,,,,,,"PASS","OK"
"stage08","stage08_input_preview_b02_taylor_a64a65577ccc","formal","input_preview","runs/stage08_input_preview_b02_taylor_a64a65577ccc/formal/20260810T083040Z_a64a65577ccc_stage08_b02_formal_a202000d/operator_input_evidence_taylor_not_applicable_20260810T083040Z_a64a65577ccc_stage08_b02_formal_a202000d.csv","20260810T083040Z_a64a65577ccc_stage08_b02_formal_a202000d","taylor__taylor_int32_10e2__90574fd8db22528f__sym","taylor",,,,,,,,,,,,,,,"window_positions","[100]","INDEX_INT64","100","implicit_window_index_domain(no_materialized_array)","i=0:position=0;i=1:position=1;i=2:position=2;i=3:position=3;i=98:position=98;i=99:position=99","PASS","OK"
"stage08","stage08_input_preview_b02_taylor_a64a65577ccc","formal","input_preview","runs/stage08_input_preview_b02_taylor_a64a65577ccc/formal/20260810T083040Z_a64a65577ccc_stage08_b02_formal_a202000d/operator_input_evidence_taylor_not_applicable_20260810T083040Z_a64a65577ccc_stage08_b02_formal_a202000d.csv","20260810T083040Z_a64a65577ccc_stage08_b02_formal_a202000d","taylor__taylor_int32_10e2__90574fd8db22528f__sym","taylor",,,,,,,,,,,,,,,"nbar","scalar","INT32","1","exact_config_scalar","value=4","PASS","OK"
"stage08","stage08_input_preview_b02_taylor_a64a65577ccc","formal","input_preview","runs/stage08_input_preview_b02_taylor_a64a65577ccc/formal/20260810T083040Z_a64a65577ccc_stage08_b02_formal_a202000d/operator_input_evidence_taylor_not_applicable_20260810T083040Z_a64a65577ccc_stage08_b02_formal_a202000d.csv","20260810T083040Z_a64a65577ccc_stage08_b02_formal_a202000d","taylor__taylor_int32_10e2__90574fd8db22528f__sym","taylor",,,,,,,,,,,,,,,"sidelobe_level_db","scalar","INT32","1","exact_config_scalar","value=30","PASS","OK"
"stage08","stage08_input_preview_b02_taylor_a64a65577ccc","formal","input_preview","runs/stage08_input_preview_b02_taylor_a64a65577ccc/formal/20260810T083040Z_a64a65577ccc_stage08_b02_formal_a202000d/operator_input_evidence_taylor_not_applicable_20260810T083040Z_a64a65577ccc_stage08_b02_formal_a202000d.csv","20260810T083040Z_a64a65577ccc_stage08_b02_formal_a202000d","taylor__taylor_int32_10e2__90574fd8db22528f__sym","taylor",,,,,,,,,,,,,,,"normalize","scalar","BOOL","1","exact_config_scalar","value=true","PASS","OK"
"stage08","stage08_input_preview_b02_taylor_a64a65577ccc","formal","dtype_and_input_contract","runs/stage08_input_preview_b02_taylor_a64a65577ccc/formal/20260810T083040Z_a64a65577ccc_stage08_b02_formal_a202000e/operator_dtype_evidence_taylor_not_applicable_20260810T083040Z_a64a65577ccc_stage08_b02_formal_a202000e.csv","20260810T083040Z_a64a65577ccc_stage08_b02_formal_a202000e","taylor__taylor_int32_10e2__8095015959f43121__periodic","taylor","INT32","INT32","actual_typed_scalar_input","1","length:INT32=100|sym:BOOL=false|sidelobe_level_db:INT32:bytes=1e000000",,"[{""input_name"":""window_positions"",""shape"":""[100]"",""dtype"":""INDEX_INT64"",""element_count"":""100"",""generator"":""implicit_window_index_domain(no_materialized_array)"",""preview_head4_tail2"":""i=0:position=0;i=1:position=1;i=2:position=2;i=3:position=3;i=98:position=98;i=99:position=99""},{""input_name"":""nbar"",""shape"":""scalar"",""dtype"":""INT32"",""element_count"":""1"",""generator"":""exact_config_scalar"",""preview_head4_tail2"":""value=4""},{""input_name"":""sidelobe_level_db"",""shape"":""scalar"",""dtype"":""INT32"",""element_count"":""1"",""generator"":""exact_config_scalar"",""preview_head4_tail2"":""value=30""},{""input_name"":""normalize"",""shape"":""scalar"",""dtype"":""BOOL"",""element_count"":""1"",""generator"":""exact_config_scalar"",""preview_head4_tail2"":""value=true""}]","{""length"":100,""requested_dtype"":""INT32"",""sym"":false,""nbar"":4,""sidelobe_level_db"":30,""normalize"":true,""dtype_semantics"":""actual_typed_scalar_input"",""typed_input_names"":""sidelobe_level_db""}","8095015959f43121dc3a27f1a4bcd54be627356eaf7e5c2359d83fcde05a0aed",,,,"FP64",,,,,,,,"PASS","OK"
"stage08","stage08_input_preview_b02_taylor_a64a65577ccc","formal","input_preview","runs/stage08_input_preview_b02_taylor_a64a65577ccc/formal/20260810T083040Z_a64a65577ccc_stage08_b02_formal_a202000e/operator_input_evidence_taylor_not_applicable_20260810T083040Z_a64a65577ccc_stage08_b02_formal_a202000e.csv","20260810T083040Z_a64a65577ccc_stage08_b02_formal_a202000e","taylor__taylor_int32_10e2__8095015959f43121__periodic","taylor",,,,,,,,,,,,,,,"window_positions","[100]","INDEX_INT64","100","implicit_window_index_domain(no_materialized_array)","i=0:position=0;i=1:position=1;i=2:position=2;i=3:position=3;i=98:position=98;i=99:position=99","PASS","OK"
"stage08","stage08_input_preview_b02_taylor_a64a65577ccc","formal","input_preview","runs/stage08_input_preview_b02_taylor_a64a65577ccc/formal/20260810T083040Z_a64a65577ccc_stage08_b02_formal_a202000e/operator_input_evidence_taylor_not_applicable_20260810T083040Z_a64a65577ccc_stage08_b02_formal_a202000e.csv","20260810T083040Z_a64a65577ccc_stage08_b02_formal_a202000e","taylor__taylor_int32_10e2__8095015959f43121__periodic","taylor",,,,,,,,,,,,,,,"nbar","scalar","INT32","1","exact_config_scalar","value=4","PASS","OK"
"stage08","stage08_input_preview_b02_taylor_a64a65577ccc","formal","input_preview","runs/stage08_input_preview_b02_taylor_a64a65577ccc/formal/20260810T083040Z_a64a65577ccc_stage08_b02_formal_a202000e/operator_input_evidence_taylor_not_applicable_20260810T083040Z_a64a65577ccc_stage08_b02_formal_a202000e.csv","20260810T083040Z_a64a65577ccc_stage08_b02_formal_a202000e","taylor__taylor_int32_10e2__8095015959f43121__periodic","taylor",,,,,,,,,,,,,,,"sidelobe_level_db","scalar","INT32","1","exact_config_scalar","value=30","PASS","OK"
"stage08","stage08_input_preview_b02_taylor_a64a65577ccc","formal","input_preview","runs/stage08_input_preview_b02_taylor_a64a65577ccc/formal/20260810T083040Z_a64a65577ccc_stage08_b02_formal_a202000e/operator_input_evidence_taylor_not_applicable_20260810T083040Z_a64a65577ccc_stage08_b02_formal_a202000e.csv","20260810T083040Z_a64a65577ccc_stage08_b02_formal_a202000e","taylor__taylor_int32_10e2__8095015959f43121__periodic","taylor",,,,,,,,,,,,,,,"normalize","scalar","BOOL","1","exact_config_scalar","value=true","PASS","OK"
"stage08","stage08_input_preview_b02_taylor_a64a65577ccc","formal","dtype_and_input_contract","runs/stage08_input_preview_b02_taylor_a64a65577ccc/formal/20260810T083040Z_a64a65577ccc_stage08_b02_formal_a202000f/operator_dtype_evidence_taylor_not_applicable_20260810T083040Z_a64a65577ccc_stage08_b02_formal_a202000f.csv","20260810T083040Z_a64a65577ccc_stage08_b02_formal_a202000f","taylor__taylor_int32_10e3__5a769b2aa50de2f2__sym","taylor","INT32","INT32","actual_typed_scalar_input","1","length:INT32=1000|sym:BOOL=true|sidelobe_level_db:INT32:bytes=1e000000",,"[{""input_name"":""window_positions"",""shape"":""[1000]"",""dtype"":""INDEX_INT64"",""element_count"":""1000"",""generator"":""implicit_window_index_domain(no_materialized_array)"",""preview_head4_tail2"":""i=0:position=0;i=1:position=1;i=2:position=2;i=3:position=3;i=998:position=998;i=999:position=999""},{""input_name"":""nbar"",""shape"":""scalar"",""dtype"":""INT32"",""element_count"":""1"",""generator"":""exact_config_scalar"",""preview_head4_tail2"":""value=4""},{""input_name"":""sidelobe_level_db"",""shape"":""scalar"",""dtype"":""INT32"",""element_count"":""1"",""generator"":""exact_config_scalar"",""preview_head4_tail2"":""value=30""},{""input_name"":""normalize"",""shape"":""scalar"",""dtype"":""BOOL"",""element_count"":""1"",""generator"":""exact_config_scalar"",""preview_head4_tail2"":""value=true""}]","{""length"":1000,""requested_dtype"":""INT32"",""sym"":true,""nbar"":4,""sidelobe_level_db"":30,""normalize"":true,""dtype_semantics"":""actual_typed_scalar_input"",""typed_input_names"":""sidelobe_level_db""}","5a769b2aa50de2f26b22dbce32462c71231f481c55003a8b4e7c6f8598a4fee9",,,,"FP64",,,,,,,,"PASS","OK"
"stage08","stage08_input_preview_b02_taylor_a64a65577ccc","formal","input_preview","runs/stage08_input_preview_b02_taylor_a64a65577ccc/formal/20260810T083040Z_a64a65577ccc_stage08_b02_formal_a202000f/operator_input_evidence_taylor_not_applicable_20260810T083040Z_a64a65577ccc_stage08_b02_formal_a202000f.csv","20260810T083040Z_a64a65577ccc_stage08_b02_formal_a202000f","taylor__taylor_int32_10e3__5a769b2aa50de2f2__sym","taylor",,,,,,,,,,,,,,,"window_positions","[1000]","INDEX_INT64","1000","implicit_window_index_domain(no_materialized_array)","i=0:position=0;i=1:position=1;i=2:position=2;i=3:position=3;i=998:position=998;i=999:position=999","PASS","OK"
"stage08","stage08_input_preview_b02_taylor_a64a65577ccc","formal","input_preview","runs/stage08_input_preview_b02_taylor_a64a65577ccc/formal/20260810T083040Z_a64a65577ccc_stage08_b02_formal_a202000f/operator_input_evidence_taylor_not_applicable_20260810T083040Z_a64a65577ccc_stage08_b02_formal_a202000f.csv","20260810T083040Z_a64a65577ccc_stage08_b02_formal_a202000f","taylor__taylor_int32_10e3__5a769b2aa50de2f2__sym","taylor",,,,,,,,,,,,,,,"nbar","scalar","INT32","1","exact_config_scalar","value=4","PASS","OK"
"stage08","stage08_input_preview_b02_taylor_a64a65577ccc","formal","input_preview","runs/stage08_input_preview_b02_taylor_a64a65577ccc/formal/20260810T083040Z_a64a65577ccc_stage08_b02_formal_a202000f/operator_input_evidence_taylor_not_applicable_20260810T083040Z_a64a65577ccc_stage08_b02_formal_a202000f.csv","20260810T083040Z_a64a65577ccc_stage08_b02_formal_a202000f","taylor__taylor_int32_10e3__5a769b2aa50de2f2__sym","taylor",,,,,,,,,,,,,,,"sidelobe_level_db","scalar","INT32","1","exact_config_scalar","value=30","PASS","OK"
"stage08","stage08_input_preview_b02_taylor_a64a65577ccc","formal","input_preview","runs/stage08_input_preview_b02_taylor_a64a65577ccc/formal/20260810T083040Z_a64a65577ccc_stage08_b02_formal_a202000f/operator_input_evidence_taylor_not_applicable_20260810T083040Z_a64a65577ccc_stage08_b02_formal_a202000f.csv","20260810T083040Z_a64a65577ccc_stage08_b02_formal_a202000f","taylor__taylor_int32_10e3__5a769b2aa50de2f2__sym","taylor",,,,,,,,,,,,,,,"normalize","scalar","BOOL","1","exact_config_scalar","value=true","PASS","OK"
"stage08","stage08_input_preview_b02_taylor_a64a65577ccc","formal","dtype_and_input_contract","runs/stage08_input_preview_b02_taylor_a64a65577ccc/formal/20260810T083041Z_a64a65577ccc_stage08_b02_formal_a2020010/operator_dtype_evidence_taylor_not_applicable_20260810T083041Z_a64a65577ccc_stage08_b02_formal_a2020010.csv","20260810T083041Z_a64a65577ccc_stage08_b02_formal_a2020010","taylor__taylor_int32_10e3__6865701d91df6ab0__periodic","taylor","INT32","INT32","actual_typed_scalar_input","1","length:INT32=1000|sym:BOOL=false|sidelobe_level_db:INT32:bytes=1e000000",,"[{""input_name"":""window_positions"",""shape"":""[1000]"",""dtype"":""INDEX_INT64"",""element_count"":""1000"",""generator"":""implicit_window_index_domain(no_materialized_array)"",""preview_head4_tail2"":""i=0:position=0;i=1:position=1;i=2:position=2;i=3:position=3;i=998:position=998;i=999:position=999""},{""input_name"":""nbar"",""shape"":""scalar"",""dtype"":""INT32"",""element_count"":""1"",""generator"":""exact_config_scalar"",""preview_head4_tail2"":""value=4""},{""input_name"":""sidelobe_level_db"",""shape"":""scalar"",""dtype"":""INT32"",""element_count"":""1"",""generator"":""exact_config_scalar"",""preview_head4_tail2"":""value=30""},{""input_name"":""normalize"",""shape"":""scalar"",""dtype"":""BOOL"",""element_count"":""1"",""generator"":""exact_config_scalar"",""preview_head4_tail2"":""value=true""}]","{""length"":1000,""requested_dtype"":""INT32"",""sym"":false,""nbar"":4,""sidelobe_level_db"":30,""normalize"":true,""dtype_semantics"":""actual_typed_scalar_input"",""typed_input_names"":""sidelobe_level_db""}","6865701d91df6ab0bb9333b2cb2122067da98b942ba04d0a5cc70a0966768613",,,,"FP64",,,,,,,,"PASS","OK"
"stage08","stage08_input_preview_b02_taylor_a64a65577ccc","formal","input_preview","runs/stage08_input_preview_b02_taylor_a64a65577ccc/formal/20260810T083041Z_a64a65577ccc_stage08_b02_formal_a2020010/operator_input_evidence_taylor_not_applicable_20260810T083041Z_a64a65577ccc_stage08_b02_formal_a2020010.csv","20260810T083041Z_a64a65577ccc_stage08_b02_formal_a2020010","taylor__taylor_int32_10e3__6865701d91df6ab0__periodic","taylor",,,,,,,,,,,,,,,"window_positions","[1000]","INDEX_INT64","1000","implicit_window_index_domain(no_materialized_array)","i=0:position=0;i=1:position=1;i=2:position=2;i=3:position=3;i=998:position=998;i=999:position=999","PASS","OK"
"stage08","stage08_input_preview_b02_taylor_a64a65577ccc","formal","input_preview","runs/stage08_input_preview_b02_taylor_a64a65577ccc/formal/20260810T083041Z_a64a65577ccc_stage08_b02_formal_a2020010/operator_input_evidence_taylor_not_applicable_20260810T083041Z_a64a65577ccc_stage08_b02_formal_a2020010.csv","20260810T083041Z_a64a65577ccc_stage08_b02_formal_a2020010","taylor__taylor_int32_10e3__6865701d91df6ab0__periodic","taylor",,,,,,,,,,,,,,,"nbar","scalar","INT32","1","exact_config_scalar","value=4","PASS","OK"
"stage08","stage08_input_preview_b02_taylor_a64a65577ccc","formal","input_preview","runs/stage08_input_preview_b02_taylor_a64a65577ccc/formal/20260810T083041Z_a64a65577ccc_stage08_b02_formal_a2020010/operator_input_evidence_taylor_not_applicable_20260810T083041Z_a64a65577ccc_stage08_b02_formal_a2020010.csv","20260810T083041Z_a64a65577ccc_stage08_b02_formal_a2020010","taylor__taylor_int32_10e3__6865701d91df6ab0__periodic","taylor",,,,,,,,,,,,,,,"sidelobe_level_db","scalar","INT32","1","exact_config_scalar","value=30","PASS","OK"
"stage08","stage08_input_preview_b02_taylor_a64a65577ccc","formal","input_preview","runs/stage08_input_preview_b02_taylor_a64a65577ccc/formal/20260810T083041Z_a64a65577ccc_stage08_b02_formal_a2020010/operator_input_evidence_taylor_not_applicable_20260810T083041Z_a64a65577ccc_stage08_b02_formal_a2020010.csv","20260810T083041Z_a64a65577ccc_stage08_b02_formal_a2020010","taylor__taylor_int32_10e3__6865701d91df6ab0__periodic","taylor",,,,,,,,,,,,,,,"normalize","scalar","BOOL","1","exact_config_scalar","value=true","PASS","OK"
"stage08","stage08_input_preview_b02_taylor_a64a65577ccc","formal","dtype_and_input_contract","runs/stage08_input_preview_b02_taylor_a64a65577ccc/formal/20260810T083041Z_a64a65577ccc_stage08_b02_formal_a2020011/operator_dtype_evidence_taylor_not_applicable_20260810T083041Z_a64a65577ccc_stage08_b02_formal_a2020011.csv","20260810T083041Z_a64a65577ccc_stage08_b02_formal_a2020011","taylor__taylor_int32_10e4__ce2d884d99be0401__sym","taylor","INT32","INT32","actual_typed_scalar_input","1","length:INT32=10000|sym:BOOL=true|sidelobe_level_db:INT32:bytes=1e000000",,"[{""input_name"":""window_positions"",""shape"":""[10000]"",""dtype"":""INDEX_INT64"",""element_count"":""10000"",""generator"":""implicit_window_index_domain(no_materialized_array)"",""preview_head4_tail2"":""i=0:position=0;i=1:position=1;i=2:position=2;i=3:position=3;i=9998:position=9998;i=9999:position=9999""},{""input_name"":""nbar"",""shape"":""scalar"",""dtype"":""INT32"",""element_count"":""1"",""generator"":""exact_config_scalar"",""preview_head4_tail2"":""value=4""},{""input_name"":""sidelobe_level_db"",""shape"":""scalar"",""dtype"":""INT32"",""element_count"":""1"",""generator"":""exact_config_scalar"",""preview_head4_tail2"":""value=30""},{""input_name"":""normalize"",""shape"":""scalar"",""dtype"":""BOOL"",""element_count"":""1"",""generator"":""exact_config_scalar"",""preview_head4_tail2"":""value=true""}]","{""length"":10000,""requested_dtype"":""INT32"",""sym"":true,""nbar"":4,""sidelobe_level_db"":30,""normalize"":true,""dtype_semantics"":""actual_typed_scalar_input"",""typed_input_names"":""sidelobe_level_db""}","ce2d884d99be04018f12f71d9ecaa464578325e01e854eaa2766ad85dcbc58db",,,,"FP64",,,,,,,,"PASS","OK"
"stage08","stage08_input_preview_b02_taylor_a64a65577ccc","formal","input_preview","runs/stage08_input_preview_b02_taylor_a64a65577ccc/formal/20260810T083041Z_a64a65577ccc_stage08_b02_formal_a2020011/operator_input_evidence_taylor_not_applicable_20260810T083041Z_a64a65577ccc_stage08_b02_formal_a2020011.csv","20260810T083041Z_a64a65577ccc_stage08_b02_formal_a2020011","taylor__taylor_int32_10e4__ce2d884d99be0401__sym","taylor",,,,,,,,,,,,,,,"window_positions","[10000]","INDEX_INT64","10000","implicit_window_index_domain(no_materialized_array)","i=0:position=0;i=1:position=1;i=2:position=2;i=3:position=3;i=9998:position=9998;i=9999:position=9999","PASS","OK"
"stage08","stage08_input_preview_b02_taylor_a64a65577ccc","formal","input_preview","runs/stage08_input_preview_b02_taylor_a64a65577ccc/formal/20260810T083041Z_a64a65577ccc_stage08_b02_formal_a2020011/operator_input_evidence_taylor_not_applicable_20260810T083041Z_a64a65577ccc_stage08_b02_formal_a2020011.csv","20260810T083041Z_a64a65577ccc_stage08_b02_formal_a2020011","taylor__taylor_int32_10e4__ce2d884d99be0401__sym","taylor",,,,,,,,,,,,,,,"nbar","scalar","INT32","1","exact_config_scalar","value=4","PASS","OK"
"stage08","stage08_input_preview_b02_taylor_a64a65577ccc","formal","input_preview","runs/stage08_input_preview_b02_taylor_a64a65577ccc/formal/20260810T083041Z_a64a65577ccc_stage08_b02_formal_a2020011/operator_input_evidence_taylor_not_applicable_20260810T083041Z_a64a65577ccc_stage08_b02_formal_a2020011.csv","20260810T083041Z_a64a65577ccc_stage08_b02_formal_a2020011","taylor__taylor_int32_10e4__ce2d884d99be0401__sym","taylor",,,,,,,,,,,,,,,"sidelobe_level_db","scalar","INT32","1","exact_config_scalar","value=30","PASS","OK"
"stage08","stage08_input_preview_b02_taylor_a64a65577ccc","formal","input_preview","runs/stage08_input_preview_b02_taylor_a64a65577ccc/formal/20260810T083041Z_a64a65577ccc_stage08_b02_formal_a2020011/operator_input_evidence_taylor_not_applicable_20260810T083041Z_a64a65577ccc_stage08_b02_formal_a2020011.csv","20260810T083041Z_a64a65577ccc_stage08_b02_formal_a2020011","taylor__taylor_int32_10e4__ce2d884d99be0401__sym","taylor",,,,,,,,,,,,,,,"normalize","scalar","BOOL","1","exact_config_scalar","value=true","PASS","OK"
"stage08","stage08_input_preview_b02_taylor_a64a65577ccc","formal","dtype_and_input_contract","runs/stage08_input_preview_b02_taylor_a64a65577ccc/formal/20260810T083041Z_a64a65577ccc_stage08_b02_formal_a2020012/operator_dtype_evidence_taylor_not_applicable_20260810T083041Z_a64a65577ccc_stage08_b02_formal_a2020012.csv","20260810T083041Z_a64a65577ccc_stage08_b02_formal_a2020012","taylor__taylor_int32_10e4__6a765eea355c67ab__periodic","taylor","INT32","INT32","actual_typed_scalar_input","1","length:INT32=10000|sym:BOOL=false|sidelobe_level_db:INT32:bytes=1e000000",,"[{""input_name"":""window_positions"",""shape"":""[10000]"",""dtype"":""INDEX_INT64"",""element_count"":""10000"",""generator"":""implicit_window_index_domain(no_materialized_array)"",""preview_head4_tail2"":""i=0:position=0;i=1:position=1;i=2:position=2;i=3:position=3;i=9998:position=9998;i=9999:position=9999""},{""input_name"":""nbar"",""shape"":""scalar"",""dtype"":""INT32"",""element_count"":""1"",""generator"":""exact_config_scalar"",""preview_head4_tail2"":""value=4""},{""input_name"":""sidelobe_level_db"",""shape"":""scalar"",""dtype"":""INT32"",""element_count"":""1"",""generator"":""exact_config_scalar"",""preview_head4_tail2"":""value=30""},{""input_name"":""normalize"",""shape"":""scalar"",""dtype"":""BOOL"",""element_count"":""1"",""generator"":""exact_config_scalar"",""preview_head4_tail2"":""value=true""}]","{""length"":10000,""requested_dtype"":""INT32"",""sym"":false,""nbar"":4,""sidelobe_level_db"":30,""normalize"":true,""dtype_semantics"":""actual_typed_scalar_input"",""typed_input_names"":""sidelobe_level_db""}","6a765eea355c67abaefd730999f28200f741f5c07632574ec50542746b64f2ee",,,,"FP64",,,,,,,,"PASS","OK"
"stage08","stage08_input_preview_b02_taylor_a64a65577ccc","formal","input_preview","runs/stage08_input_preview_b02_taylor_a64a65577ccc/formal/20260810T083041Z_a64a65577ccc_stage08_b02_formal_a2020012/operator_input_evidence_taylor_not_applicable_20260810T083041Z_a64a65577ccc_stage08_b02_formal_a2020012.csv","20260810T083041Z_a64a65577ccc_stage08_b02_formal_a2020012","taylor__taylor_int32_10e4__6a765eea355c67ab__periodic","taylor",,,,,,,,,,,,,,,"window_positions","[10000]","INDEX_INT64","10000","implicit_window_index_domain(no_materialized_array)","i=0:position=0;i=1:position=1;i=2:position=2;i=3:position=3;i=9998:position=9998;i=9999:position=9999","PASS","OK"
"stage08","stage08_input_preview_b02_taylor_a64a65577ccc","formal","input_preview","runs/stage08_input_preview_b02_taylor_a64a65577ccc/formal/20260810T083041Z_a64a65577ccc_stage08_b02_formal_a2020012/operator_input_evidence_taylor_not_applicable_20260810T083041Z_a64a65577ccc_stage08_b02_formal_a2020012.csv","20260810T083041Z_a64a65577ccc_stage08_b02_formal_a2020012","taylor__taylor_int32_10e4__6a765eea355c67ab__periodic","taylor",,,,,,,,,,,,,,,"nbar","scalar","INT32","1","exact_config_scalar","value=4","PASS","OK"
"stage08","stage08_input_preview_b02_taylor_a64a65577ccc","formal","input_preview","runs/stage08_input_preview_b02_taylor_a64a65577ccc/formal/20260810T083041Z_a64a65577ccc_stage08_b02_formal_a2020012/operator_input_evidence_taylor_not_applicable_20260810T083041Z_a64a65577ccc_stage08_b02_formal_a2020012.csv","20260810T083041Z_a64a65577ccc_stage08_b02_formal_a2020012","taylor__taylor_int32_10e4__6a765eea355c67ab__periodic","taylor",,,,,,,,,,,,,,,"sidelobe_level_db","scalar","INT32","1","exact_config_scalar","value=30","PASS","OK"
"stage08","stage08_input_preview_b02_taylor_a64a65577ccc","formal","input_preview","runs/stage08_input_preview_b02_taylor_a64a65577ccc/formal/20260810T083041Z_a64a65577ccc_stage08_b02_formal_a2020012/operator_input_evidence_taylor_not_applicable_20260810T083041Z_a64a65577ccc_stage08_b02_formal_a2020012.csv","20260810T083041Z_a64a65577ccc_stage08_b02_formal_a2020012","taylor__taylor_int32_10e4__6a765eea355c67ab__periodic","taylor",,,,,,,,,,,,,,,"normalize","scalar","BOOL","1","exact_config_scalar","value=true","PASS","OK"
"stage08","stage08_input_preview_b02_taylor_a64a65577ccc","formal","dtype_and_input_contract","runs/stage08_input_preview_b02_taylor_a64a65577ccc/formal/20260810T083041Z_a64a65577ccc_stage08_b02_formal_a2020013/operator_dtype_evidence_taylor_not_applicable_20260810T083041Z_a64a65577ccc_stage08_b02_formal_a2020013.csv","20260810T083041Z_a64a65577ccc_stage08_b02_formal_a2020013","taylor__taylor_int16_10e2__ba9e90303fbdd4cf__sym","taylor","INT16","INT16","actual_typed_scalar_input","1","length:INT32=100|sym:BOOL=true|sidelobe_level_db:INT16:bytes=1e00",,"[{""input_name"":""window_positions"",""shape"":""[100]"",""dtype"":""INDEX_INT64"",""element_count"":""100"",""generator"":""implicit_window_index_domain(no_materialized_array)"",""preview_head4_tail2"":""i=0:position=0;i=1:position=1;i=2:position=2;i=3:position=3;i=98:position=98;i=99:position=99""},{""input_name"":""nbar"",""shape"":""scalar"",""dtype"":""INT32"",""element_count"":""1"",""generator"":""exact_config_scalar"",""preview_head4_tail2"":""value=4""},{""input_name"":""sidelobe_level_db"",""shape"":""scalar"",""dtype"":""INT16"",""element_count"":""1"",""generator"":""exact_config_scalar"",""preview_head4_tail2"":""value=30""},{""input_name"":""normalize"",""shape"":""scalar"",""dtype"":""BOOL"",""element_count"":""1"",""generator"":""exact_config_scalar"",""preview_head4_tail2"":""value=true""}]","{""length"":100,""requested_dtype"":""INT16"",""sym"":true,""nbar"":4,""sidelobe_level_db"":30,""normalize"":true,""dtype_semantics"":""actual_typed_scalar_input"",""typed_input_names"":""sidelobe_level_db""}","ba9e90303fbdd4cfc247f1950aea40d7146b643672f91b4d71055105db4c35ea",,,,"FP64",,,,,,,,"PASS","OK"
"stage08","stage08_input_preview_b02_taylor_a64a65577ccc","formal","input_preview","runs/stage08_input_preview_b02_taylor_a64a65577ccc/formal/20260810T083041Z_a64a65577ccc_stage08_b02_formal_a2020013/operator_input_evidence_taylor_not_applicable_20260810T083041Z_a64a65577ccc_stage08_b02_formal_a2020013.csv","20260810T083041Z_a64a65577ccc_stage08_b02_formal_a2020013","taylor__taylor_int16_10e2__ba9e90303fbdd4cf__sym","taylor",,,,,,,,,,,,,,,"window_positions","[100]","INDEX_INT64","100","implicit_window_index_domain(no_materialized_array)","i=0:position=0;i=1:position=1;i=2:position=2;i=3:position=3;i=98:position=98;i=99:position=99","PASS","OK"
"stage08","stage08_input_preview_b02_taylor_a64a65577ccc","formal","input_preview","runs/stage08_input_preview_b02_taylor_a64a65577ccc/formal/20260810T083041Z_a64a65577ccc_stage08_b02_formal_a2020013/operator_input_evidence_taylor_not_applicable_20260810T083041Z_a64a65577ccc_stage08_b02_formal_a2020013.csv","20260810T083041Z_a64a65577ccc_stage08_b02_formal_a2020013","taylor__taylor_int16_10e2__ba9e90303fbdd4cf__sym","taylor",,,,,,,,,,,,,,,"nbar","scalar","INT32","1","exact_config_scalar","value=4","PASS","OK"
"stage08","stage08_input_preview_b02_taylor_a64a65577ccc","formal","input_preview","runs/stage08_input_preview_b02_taylor_a64a65577ccc/formal/20260810T083041Z_a64a65577ccc_stage08_b02_formal_a2020013/operator_input_evidence_taylor_not_applicable_20260810T083041Z_a64a65577ccc_stage08_b02_formal_a2020013.csv","20260810T083041Z_a64a65577ccc_stage08_b02_formal_a2020013","taylor__taylor_int16_10e2__ba9e90303fbdd4cf__sym","taylor",,,,,,,,,,,,,,,"sidelobe_level_db","scalar","INT16","1","exact_config_scalar","value=30","PASS","OK"
"stage08","stage08_input_preview_b02_taylor_a64a65577ccc","formal","input_preview","runs/stage08_input_preview_b02_taylor_a64a65577ccc/formal/20260810T083041Z_a64a65577ccc_stage08_b02_formal_a2020013/operator_input_evidence_taylor_not_applicable_20260810T083041Z_a64a65577ccc_stage08_b02_formal_a2020013.csv","20260810T083041Z_a64a65577ccc_stage08_b02_formal_a2020013","taylor__taylor_int16_10e2__ba9e90303fbdd4cf__sym","taylor",,,,,,,,,,,,,,,"normalize","scalar","BOOL","1","exact_config_scalar","value=true","PASS","OK"
"stage08","stage08_input_preview_b02_taylor_a64a65577ccc","formal","dtype_and_input_contract","runs/stage08_input_preview_b02_taylor_a64a65577ccc/formal/20260810T083042Z_a64a65577ccc_stage08_b02_formal_a2020014/operator_dtype_evidence_taylor_not_applicable_20260810T083042Z_a64a65577ccc_stage08_b02_formal_a2020014.csv","20260810T083042Z_a64a65577ccc_stage08_b02_formal_a2020014","taylor__taylor_int16_10e2__929fe8cf98a486fd__periodic","taylor","INT16","INT16","actual_typed_scalar_input","1","length:INT32=100|sym:BOOL=false|sidelobe_level_db:INT16:bytes=1e00",,"[{""input_name"":""window_positions"",""shape"":""[100]"",""dtype"":""INDEX_INT64"",""element_count"":""100"",""generator"":""implicit_window_index_domain(no_materialized_array)"",""preview_head4_tail2"":""i=0:position=0;i=1:position=1;i=2:position=2;i=3:position=3;i=98:position=98;i=99:position=99""},{""input_name"":""nbar"",""shape"":""scalar"",""dtype"":""INT32"",""element_count"":""1"",""generator"":""exact_config_scalar"",""preview_head4_tail2"":""value=4""},{""input_name"":""sidelobe_level_db"",""shape"":""scalar"",""dtype"":""INT16"",""element_count"":""1"",""generator"":""exact_config_scalar"",""preview_head4_tail2"":""value=30""},{""input_name"":""normalize"",""shape"":""scalar"",""dtype"":""BOOL"",""element_count"":""1"",""generator"":""exact_config_scalar"",""preview_head4_tail2"":""value=true""}]","{""length"":100,""requested_dtype"":""INT16"",""sym"":false,""nbar"":4,""sidelobe_level_db"":30,""normalize"":true,""dtype_semantics"":""actual_typed_scalar_input"",""typed_input_names"":""sidelobe_level_db""}","929fe8cf98a486fdf99d4b5fa93a4722c16932d959bb56b7c2075c78d5315c01",,,,"FP64",,,,,,,,"PASS","OK"
"stage08","stage08_input_preview_b02_taylor_a64a65577ccc","formal","input_preview","runs/stage08_input_preview_b02_taylor_a64a65577ccc/formal/20260810T083042Z_a64a65577ccc_stage08_b02_formal_a2020014/operator_input_evidence_taylor_not_applicable_20260810T083042Z_a64a65577ccc_stage08_b02_formal_a2020014.csv","20260810T083042Z_a64a65577ccc_stage08_b02_formal_a2020014","taylor__taylor_int16_10e2__929fe8cf98a486fd__periodic","taylor",,,,,,,,,,,,,,,"window_positions","[100]","INDEX_INT64","100","implicit_window_index_domain(no_materialized_array)","i=0:position=0;i=1:position=1;i=2:position=2;i=3:position=3;i=98:position=98;i=99:position=99","PASS","OK"
"stage08","stage08_input_preview_b02_taylor_a64a65577ccc","formal","input_preview","runs/stage08_input_preview_b02_taylor_a64a65577ccc/formal/20260810T083042Z_a64a65577ccc_stage08_b02_formal_a2020014/operator_input_evidence_taylor_not_applicable_20260810T083042Z_a64a65577ccc_stage08_b02_formal_a2020014.csv","20260810T083042Z_a64a65577ccc_stage08_b02_formal_a2020014","taylor__taylor_int16_10e2__929fe8cf98a486fd__periodic","taylor",,,,,,,,,,,,,,,"nbar","scalar","INT32","1","exact_config_scalar","value=4","PASS","OK"
"stage08","stage08_input_preview_b02_taylor_a64a65577ccc","formal","input_preview","runs/stage08_input_preview_b02_taylor_a64a65577ccc/formal/20260810T083042Z_a64a65577ccc_stage08_b02_formal_a2020014/operator_input_evidence_taylor_not_applicable_20260810T083042Z_a64a65577ccc_stage08_b02_formal_a2020014.csv","20260810T083042Z_a64a65577ccc_stage08_b02_formal_a2020014","taylor__taylor_int16_10e2__929fe8cf98a486fd__periodic","taylor",,,,,,,,,,,,,,,"sidelobe_level_db","scalar","INT16","1","exact_config_scalar","value=30","PASS","OK"
"stage08","stage08_input_preview_b02_taylor_a64a65577ccc","formal","input_preview","runs/stage08_input_preview_b02_taylor_a64a65577ccc/formal/20260810T083042Z_a64a65577ccc_stage08_b02_formal_a2020014/operator_input_evidence_taylor_not_applicable_20260810T083042Z_a64a65577ccc_stage08_b02_formal_a2020014.csv","20260810T083042Z_a64a65577ccc_stage08_b02_formal_a2020014","taylor__taylor_int16_10e2__929fe8cf98a486fd__periodic","taylor",,,,,,,,,,,,,,,"normalize","scalar","BOOL","1","exact_config_scalar","value=true","PASS","OK"
"stage08","stage08_input_preview_b02_taylor_a64a65577ccc","formal","dtype_and_input_contract","runs/stage08_input_preview_b02_taylor_a64a65577ccc/formal/20260810T083042Z_a64a65577ccc_stage08_b02_formal_a2020015/operator_dtype_evidence_taylor_not_applicable_20260810T083042Z_a64a65577ccc_stage08_b02_formal_a2020015.csv","20260810T083042Z_a64a65577ccc_stage08_b02_formal_a2020015","taylor__taylor_int16_10e3__7280baf4fc74a630__sym","taylor","INT16","INT16","actual_typed_scalar_input","1","length:INT32=1000|sym:BOOL=true|sidelobe_level_db:INT16:bytes=1e00",,"[{""input_name"":""window_positions"",""shape"":""[1000]"",""dtype"":""INDEX_INT64"",""element_count"":""1000"",""generator"":""implicit_window_index_domain(no_materialized_array)"",""preview_head4_tail2"":""i=0:position=0;i=1:position=1;i=2:position=2;i=3:position=3;i=998:position=998;i=999:position=999""},{""input_name"":""nbar"",""shape"":""scalar"",""dtype"":""INT32"",""element_count"":""1"",""generator"":""exact_config_scalar"",""preview_head4_tail2"":""value=4""},{""input_name"":""sidelobe_level_db"",""shape"":""scalar"",""dtype"":""INT16"",""element_count"":""1"",""generator"":""exact_config_scalar"",""preview_head4_tail2"":""value=30""},{""input_name"":""normalize"",""shape"":""scalar"",""dtype"":""BOOL"",""element_count"":""1"",""generator"":""exact_config_scalar"",""preview_head4_tail2"":""value=true""}]","{""length"":1000,""requested_dtype"":""INT16"",""sym"":true,""nbar"":4,""sidelobe_level_db"":30,""normalize"":true,""dtype_semantics"":""actual_typed_scalar_input"",""typed_input_names"":""sidelobe_level_db""}","7280baf4fc74a630375aa4efbdaf4626412e0c7f802e11483db64c11d7225454",,,,"FP64",,,,,,,,"PASS","OK"
"stage08","stage08_input_preview_b02_taylor_a64a65577ccc","formal","input_preview","runs/stage08_input_preview_b02_taylor_a64a65577ccc/formal/20260810T083042Z_a64a65577ccc_stage08_b02_formal_a2020015/operator_input_evidence_taylor_not_applicable_20260810T083042Z_a64a65577ccc_stage08_b02_formal_a2020015.csv","20260810T083042Z_a64a65577ccc_stage08_b02_formal_a2020015","taylor__taylor_int16_10e3__7280baf4fc74a630__sym","taylor",,,,,,,,,,,,,,,"window_positions","[1000]","INDEX_INT64","1000","implicit_window_index_domain(no_materialized_array)","i=0:position=0;i=1:position=1;i=2:position=2;i=3:position=3;i=998:position=998;i=999:position=999","PASS","OK"
"stage08","stage08_input_preview_b02_taylor_a64a65577ccc","formal","input_preview","runs/stage08_input_preview_b02_taylor_a64a65577ccc/formal/20260810T083042Z_a64a65577ccc_stage08_b02_formal_a2020015/operator_input_evidence_taylor_not_applicable_20260810T083042Z_a64a65577ccc_stage08_b02_formal_a2020015.csv","20260810T083042Z_a64a65577ccc_stage08_b02_formal_a2020015","taylor__taylor_int16_10e3__7280baf4fc74a630__sym","taylor",,,,,,,,,,,,,,,"nbar","scalar","INT32","1","exact_config_scalar","value=4","PASS","OK"
"stage08","stage08_input_preview_b02_taylor_a64a65577ccc","formal","input_preview","runs/stage08_input_preview_b02_taylor_a64a65577ccc/formal/20260810T083042Z_a64a65577ccc_stage08_b02_formal_a2020015/operator_input_evidence_taylor_not_applicable_20260810T083042Z_a64a65577ccc_stage08_b02_formal_a2020015.csv","20260810T083042Z_a64a65577ccc_stage08_b02_formal_a2020015","taylor__taylor_int16_10e3__7280baf4fc74a630__sym","taylor",,,,,,,,,,,,,,,"sidelobe_level_db","scalar","INT16","1","exact_config_scalar","value=30","PASS","OK"
"stage08","stage08_input_preview_b02_taylor_a64a65577ccc","formal","input_preview","runs/stage08_input_preview_b02_taylor_a64a65577ccc/formal/20260810T083042Z_a64a65577ccc_stage08_b02_formal_a2020015/operator_input_evidence_taylor_not_applicable_20260810T083042Z_a64a65577ccc_stage08_b02_formal_a2020015.csv","20260810T083042Z_a64a65577ccc_stage08_b02_formal_a2020015","taylor__taylor_int16_10e3__7280baf4fc74a630__sym","taylor",,,,,,,,,,,,,,,"normalize","scalar","BOOL","1","exact_config_scalar","value=true","PASS","OK"
"stage08","stage08_input_preview_b02_taylor_a64a65577ccc","formal","dtype_and_input_contract","runs/stage08_input_preview_b02_taylor_a64a65577ccc/formal/20260810T083042Z_a64a65577ccc_stage08_b02_formal_a2020016/operator_dtype_evidence_taylor_not_applicable_20260810T083042Z_a64a65577ccc_stage08_b02_formal_a2020016.csv","20260810T083042Z_a64a65577ccc_stage08_b02_formal_a2020016","taylor__taylor_int16_10e3__ec974582a4ef85e7__periodic","taylor","INT16","INT16","actual_typed_scalar_input","1","length:INT32=1000|sym:BOOL=false|sidelobe_level_db:INT16:bytes=1e00",,"[{""input_name"":""window_positions"",""shape"":""[1000]"",""dtype"":""INDEX_INT64"",""element_count"":""1000"",""generator"":""implicit_window_index_domain(no_materialized_array)"",""preview_head4_tail2"":""i=0:position=0;i=1:position=1;i=2:position=2;i=3:position=3;i=998:position=998;i=999:position=999""},{""input_name"":""nbar"",""shape"":""scalar"",""dtype"":""INT32"",""element_count"":""1"",""generator"":""exact_config_scalar"",""preview_head4_tail2"":""value=4""},{""input_name"":""sidelobe_level_db"",""shape"":""scalar"",""dtype"":""INT16"",""element_count"":""1"",""generator"":""exact_config_scalar"",""preview_head4_tail2"":""value=30""},{""input_name"":""normalize"",""shape"":""scalar"",""dtype"":""BOOL"",""element_count"":""1"",""generator"":""exact_config_scalar"",""preview_head4_tail2"":""value=true""}]","{""length"":1000,""requested_dtype"":""INT16"",""sym"":false,""nbar"":4,""sidelobe_level_db"":30,""normalize"":true,""dtype_semantics"":""actual_typed_scalar_input"",""typed_input_names"":""sidelobe_level_db""}","ec974582a4ef85e761450aba5224b699cd63937209801940f4a54bf03290ff47",,,,"FP64",,,,,,,,"PASS","OK"
"stage08","stage08_input_preview_b02_taylor_a64a65577ccc","formal","input_preview","runs/stage08_input_preview_b02_taylor_a64a65577ccc/formal/20260810T083042Z_a64a65577ccc_stage08_b02_formal_a2020016/operator_input_evidence_taylor_not_applicable_20260810T083042Z_a64a65577ccc_stage08_b02_formal_a2020016.csv","20260810T083042Z_a64a65577ccc_stage08_b02_formal_a2020016","taylor__taylor_int16_10e3__ec974582a4ef85e7__periodic","taylor",,,,,,,,,,,,,,,"window_positions","[1000]","INDEX_INT64","1000","implicit_window_index_domain(no_materialized_array)","i=0:position=0;i=1:position=1;i=2:position=2;i=3:position=3;i=998:position=998;i=999:position=999","PASS","OK"
"stage08","stage08_input_preview_b02_taylor_a64a65577ccc","formal","input_preview","runs/stage08_input_preview_b02_taylor_a64a65577ccc/formal/20260810T083042Z_a64a65577ccc_stage08_b02_formal_a2020016/operator_input_evidence_taylor_not_applicable_20260810T083042Z_a64a65577ccc_stage08_b02_formal_a2020016.csv","20260810T083042Z_a64a65577ccc_stage08_b02_formal_a2020016","taylor__taylor_int16_10e3__ec974582a4ef85e7__periodic","taylor",,,,,,,,,,,,,,,"nbar","scalar","INT32","1","exact_config_scalar","value=4","PASS","OK"
"stage08","stage08_input_preview_b02_taylor_a64a65577ccc","formal","input_preview","runs/stage08_input_preview_b02_taylor_a64a65577ccc/formal/20260810T083042Z_a64a65577ccc_stage08_b02_formal_a2020016/operator_input_evidence_taylor_not_applicable_20260810T083042Z_a64a65577ccc_stage08_b02_formal_a2020016.csv","20260810T083042Z_a64a65577ccc_stage08_b02_formal_a2020016","taylor__taylor_int16_10e3__ec974582a4ef85e7__periodic","taylor",,,,,,,,,,,,,,,"sidelobe_level_db","scalar","INT16","1","exact_config_scalar","value=30","PASS","OK"
"stage08","stage08_input_preview_b02_taylor_a64a65577ccc","formal","input_preview","runs/stage08_input_preview_b02_taylor_a64a65577ccc/formal/20260810T083042Z_a64a65577ccc_stage08_b02_formal_a2020016/operator_input_evidence_taylor_not_applicable_20260810T083042Z_a64a65577ccc_stage08_b02_formal_a2020016.csv","20260810T083042Z_a64a65577ccc_stage08_b02_formal_a2020016","taylor__taylor_int16_10e3__ec974582a4ef85e7__periodic","taylor",,,,,,,,,,,,,,,"normalize","scalar","BOOL","1","exact_config_scalar","value=true","PASS","OK"
"stage08","stage08_input_preview_b02_taylor_a64a65577ccc","formal","dtype_and_input_contract","runs/stage08_input_preview_b02_taylor_a64a65577ccc/formal/20260810T083042Z_a64a65577ccc_stage08_b02_formal_a2020017/operator_dtype_evidence_taylor_not_applicable_20260810T083042Z_a64a65577ccc_stage08_b02_formal_a2020017.csv","20260810T083042Z_a64a65577ccc_stage08_b02_formal_a2020017","taylor__taylor_int16_10e4__5c6e3e2dd6099fdf__sym","taylor","INT16","INT16","actual_typed_scalar_input","1","length:INT32=10000|sym:BOOL=true|sidelobe_level_db:INT16:bytes=1e00",,"[{""input_name"":""window_positions"",""shape"":""[10000]"",""dtype"":""INDEX_INT64"",""element_count"":""10000"",""generator"":""implicit_window_index_domain(no_materialized_array)"",""preview_head4_tail2"":""i=0:position=0;i=1:position=1;i=2:position=2;i=3:position=3;i=9998:position=9998;i=9999:position=9999""},{""input_name"":""nbar"",""shape"":""scalar"",""dtype"":""INT32"",""element_count"":""1"",""generator"":""exact_config_scalar"",""preview_head4_tail2"":""value=4""},{""input_name"":""sidelobe_level_db"",""shape"":""scalar"",""dtype"":""INT16"",""element_count"":""1"",""generator"":""exact_config_scalar"",""preview_head4_tail2"":""value=30""},{""input_name"":""normalize"",""shape"":""scalar"",""dtype"":""BOOL"",""element_count"":""1"",""generator"":""exact_config_scalar"",""preview_head4_tail2"":""value=true""}]","{""length"":10000,""requested_dtype"":""INT16"",""sym"":true,""nbar"":4,""sidelobe_level_db"":30,""normalize"":true,""dtype_semantics"":""actual_typed_scalar_input"",""typed_input_names"":""sidelobe_level_db""}","5c6e3e2dd6099fdf59d56b099296e73fcc7023d541e4874abf7613b4e9c9642f",,,,"FP64",,,,,,,,"PASS","OK"
"stage08","stage08_input_preview_b02_taylor_a64a65577ccc","formal","input_preview","runs/stage08_input_preview_b02_taylor_a64a65577ccc/formal/20260810T083042Z_a64a65577ccc_stage08_b02_formal_a2020017/operator_input_evidence_taylor_not_applicable_20260810T083042Z_a64a65577ccc_stage08_b02_formal_a2020017.csv","20260810T083042Z_a64a65577ccc_stage08_b02_formal_a2020017","taylor__taylor_int16_10e4__5c6e3e2dd6099fdf__sym","taylor",,,,,,,,,,,,,,,"window_positions","[10000]","INDEX_INT64","10000","implicit_window_index_domain(no_materialized_array)","i=0:position=0;i=1:position=1;i=2:position=2;i=3:position=3;i=9998:position=9998;i=9999:position=9999","PASS","OK"
"stage08","stage08_input_preview_b02_taylor_a64a65577ccc","formal","input_preview","runs/stage08_input_preview_b02_taylor_a64a65577ccc/formal/20260810T083042Z_a64a65577ccc_stage08_b02_formal_a2020017/operator_input_evidence_taylor_not_applicable_20260810T083042Z_a64a65577ccc_stage08_b02_formal_a2020017.csv","20260810T083042Z_a64a65577ccc_stage08_b02_formal_a2020017","taylor__taylor_int16_10e4__5c6e3e2dd6099fdf__sym","taylor",,,,,,,,,,,,,,,"nbar","scalar","INT32","1","exact_config_scalar","value=4","PASS","OK"
"stage08","stage08_input_preview_b02_taylor_a64a65577ccc","formal","input_preview","runs/stage08_input_preview_b02_taylor_a64a65577ccc/formal/20260810T083042Z_a64a65577ccc_stage08_b02_formal_a2020017/operator_input_evidence_taylor_not_applicable_20260810T083042Z_a64a65577ccc_stage08_b02_formal_a2020017.csv","20260810T083042Z_a64a65577ccc_stage08_b02_formal_a2020017","taylor__taylor_int16_10e4__5c6e3e2dd6099fdf__sym","taylor",,,,,,,,,,,,,,,"sidelobe_level_db","scalar","INT16","1","exact_config_scalar","value=30","PASS","OK"
"stage08","stage08_input_preview_b02_taylor_a64a65577ccc","formal","input_preview","runs/stage08_input_preview_b02_taylor_a64a65577ccc/formal/20260810T083042Z_a64a65577ccc_stage08_b02_formal_a2020017/operator_input_evidence_taylor_not_applicable_20260810T083042Z_a64a65577ccc_stage08_b02_formal_a2020017.csv","20260810T083042Z_a64a65577ccc_stage08_b02_formal_a2020017","taylor__taylor_int16_10e4__5c6e3e2dd6099fdf__sym","taylor",,,,,,,,,,,,,,,"normalize","scalar","BOOL","1","exact_config_scalar","value=true","PASS","OK"
"stage08","stage08_input_preview_b02_taylor_a64a65577ccc","formal","dtype_and_input_contract","runs/stage08_input_preview_b02_taylor_a64a65577ccc/formal/20260810T083042Z_a64a65577ccc_stage08_b02_formal_a2020018/operator_dtype_evidence_taylor_not_applicable_20260810T083042Z_a64a65577ccc_stage08_b02_formal_a2020018.csv","20260810T083042Z_a64a65577ccc_stage08_b02_formal_a2020018","taylor__taylor_int16_10e4__a3262af80216527b__periodic","taylor","INT16","INT16","actual_typed_scalar_input","1","length:INT32=10000|sym:BOOL=false|sidelobe_level_db:INT16:bytes=1e00",,"[{""input_name"":""window_positions"",""shape"":""[10000]"",""dtype"":""INDEX_INT64"",""element_count"":""10000"",""generator"":""implicit_window_index_domain(no_materialized_array)"",""preview_head4_tail2"":""i=0:position=0;i=1:position=1;i=2:position=2;i=3:position=3;i=9998:position=9998;i=9999:position=9999""},{""input_name"":""nbar"",""shape"":""scalar"",""dtype"":""INT32"",""element_count"":""1"",""generator"":""exact_config_scalar"",""preview_head4_tail2"":""value=4""},{""input_name"":""sidelobe_level_db"",""shape"":""scalar"",""dtype"":""INT16"",""element_count"":""1"",""generator"":""exact_config_scalar"",""preview_head4_tail2"":""value=30""},{""input_name"":""normalize"",""shape"":""scalar"",""dtype"":""BOOL"",""element_count"":""1"",""generator"":""exact_config_scalar"",""preview_head4_tail2"":""value=true""}]","{""length"":10000,""requested_dtype"":""INT16"",""sym"":false,""nbar"":4,""sidelobe_level_db"":30,""normalize"":true,""dtype_semantics"":""actual_typed_scalar_input"",""typed_input_names"":""sidelobe_level_db""}","a3262af80216527b9d5fbc3067bb904085309c790f4b1a2894c9815a523a1719",,,,"FP64",,,,,,,,"PASS","OK"
"stage08","stage08_input_preview_b02_taylor_a64a65577ccc","formal","input_preview","runs/stage08_input_preview_b02_taylor_a64a65577ccc/formal/20260810T083042Z_a64a65577ccc_stage08_b02_formal_a2020018/operator_input_evidence_taylor_not_applicable_20260810T083042Z_a64a65577ccc_stage08_b02_formal_a2020018.csv","20260810T083042Z_a64a65577ccc_stage08_b02_formal_a2020018","taylor__taylor_int16_10e4__a3262af80216527b__periodic","taylor",,,,,,,,,,,,,,,"window_positions","[10000]","INDEX_INT64","10000","implicit_window_index_domain(no_materialized_array)","i=0:position=0;i=1:position=1;i=2:position=2;i=3:position=3;i=9998:position=9998;i=9999:position=9999","PASS","OK"
"stage08","stage08_input_preview_b02_taylor_a64a65577ccc","formal","input_preview","runs/stage08_input_preview_b02_taylor_a64a65577ccc/formal/20260810T083042Z_a64a65577ccc_stage08_b02_formal_a2020018/operator_input_evidence_taylor_not_applicable_20260810T083042Z_a64a65577ccc_stage08_b02_formal_a2020018.csv","20260810T083042Z_a64a65577ccc_stage08_b02_formal_a2020018","taylor__taylor_int16_10e4__a3262af80216527b__periodic","taylor",,,,,,,,,,,,,,,"nbar","scalar","INT32","1","exact_config_scalar","value=4","PASS","OK"
"stage08","stage08_input_preview_b02_taylor_a64a65577ccc","formal","input_preview","runs/stage08_input_preview_b02_taylor_a64a65577ccc/formal/20260810T083042Z_a64a65577ccc_stage08_b02_formal_a2020018/operator_input_evidence_taylor_not_applicable_20260810T083042Z_a64a65577ccc_stage08_b02_formal_a2020018.csv","20260810T083042Z_a64a65577ccc_stage08_b02_formal_a2020018","taylor__taylor_int16_10e4__a3262af80216527b__periodic","taylor",,,,,,,,,,,,,,,"sidelobe_level_db","scalar","INT16","1","exact_config_scalar","value=30","PASS","OK"
"stage08","stage08_input_preview_b02_taylor_a64a65577ccc","formal","input_preview","runs/stage08_input_preview_b02_taylor_a64a65577ccc/formal/20260810T083042Z_a64a65577ccc_stage08_b02_formal_a2020018/operator_input_evidence_taylor_not_applicable_20260810T083042Z_a64a65577ccc_stage08_b02_formal_a2020018.csv","20260810T083042Z_a64a65577ccc_stage08_b02_formal_a2020018","taylor__taylor_int16_10e4__a3262af80216527b__periodic","taylor",,,,,,,,,,,,,,,"normalize","scalar","BOOL","1","exact_config_scalar","value=true","PASS","OK"
"stage08","stage08_input_preview_b02_taylor_a64a65577ccc","formal","dtype_and_input_contract","runs/stage08_input_preview_b02_taylor_a64a65577ccc/formal/20260810T083043Z_a64a65577ccc_stage08_b02_formal_a2020019/operator_dtype_evidence_taylor_not_applicable_20260810T083043Z_a64a65577ccc_stage08_b02_formal_a2020019.csv","20260810T083043Z_a64a65577ccc_stage08_b02_formal_a2020019","taylor__taylor_int8_10e2__04a15f7b7fa020c3__sym","taylor","INT8","INT8","actual_typed_scalar_input","1","length:INT32=100|sym:BOOL=true|sidelobe_level_db:INT8:bytes=1e",,"[{""input_name"":""window_positions"",""shape"":""[100]"",""dtype"":""INDEX_INT64"",""element_count"":""100"",""generator"":""implicit_window_index_domain(no_materialized_array)"",""preview_head4_tail2"":""i=0:position=0;i=1:position=1;i=2:position=2;i=3:position=3;i=98:position=98;i=99:position=99""},{""input_name"":""nbar"",""shape"":""scalar"",""dtype"":""INT32"",""element_count"":""1"",""generator"":""exact_config_scalar"",""preview_head4_tail2"":""value=4""},{""input_name"":""sidelobe_level_db"",""shape"":""scalar"",""dtype"":""INT8"",""element_count"":""1"",""generator"":""exact_config_scalar"",""preview_head4_tail2"":""value=30""},{""input_name"":""normalize"",""shape"":""scalar"",""dtype"":""BOOL"",""element_count"":""1"",""generator"":""exact_config_scalar"",""preview_head4_tail2"":""value=true""}]","{""length"":100,""requested_dtype"":""INT8"",""sym"":true,""nbar"":4,""sidelobe_level_db"":30,""normalize"":true,""dtype_semantics"":""actual_typed_scalar_input"",""typed_input_names"":""sidelobe_level_db""}","04a15f7b7fa020c30122a066bf6b3991f39b36091e0accc6006152fd56643fe9",,,,"FP64",,,,,,,,"PASS","OK"
"stage08","stage08_input_preview_b02_taylor_a64a65577ccc","formal","input_preview","runs/stage08_input_preview_b02_taylor_a64a65577ccc/formal/20260810T083043Z_a64a65577ccc_stage08_b02_formal_a2020019/operator_input_evidence_taylor_not_applicable_20260810T083043Z_a64a65577ccc_stage08_b02_formal_a2020019.csv","20260810T083043Z_a64a65577ccc_stage08_b02_formal_a2020019","taylor__taylor_int8_10e2__04a15f7b7fa020c3__sym","taylor",,,,,,,,,,,,,,,"window_positions","[100]","INDEX_INT64","100","implicit_window_index_domain(no_materialized_array)","i=0:position=0;i=1:position=1;i=2:position=2;i=3:position=3;i=98:position=98;i=99:position=99","PASS","OK"
"stage08","stage08_input_preview_b02_taylor_a64a65577ccc","formal","input_preview","runs/stage08_input_preview_b02_taylor_a64a65577ccc/formal/20260810T083043Z_a64a65577ccc_stage08_b02_formal_a2020019/operator_input_evidence_taylor_not_applicable_20260810T083043Z_a64a65577ccc_stage08_b02_formal_a2020019.csv","20260810T083043Z_a64a65577ccc_stage08_b02_formal_a2020019","taylor__taylor_int8_10e2__04a15f7b7fa020c3__sym","taylor",,,,,,,,,,,,,,,"nbar","scalar","INT32","1","exact_config_scalar","value=4","PASS","OK"
"stage08","stage08_input_preview_b02_taylor_a64a65577ccc","formal","input_preview","runs/stage08_input_preview_b02_taylor_a64a65577ccc/formal/20260810T083043Z_a64a65577ccc_stage08_b02_formal_a2020019/operator_input_evidence_taylor_not_applicable_20260810T083043Z_a64a65577ccc_stage08_b02_formal_a2020019.csv","20260810T083043Z_a64a65577ccc_stage08_b02_formal_a2020019","taylor__taylor_int8_10e2__04a15f7b7fa020c3__sym","taylor",,,,,,,,,,,,,,,"sidelobe_level_db","scalar","INT8","1","exact_config_scalar","value=30","PASS","OK"
"stage08","stage08_input_preview_b02_taylor_a64a65577ccc","formal","input_preview","runs/stage08_input_preview_b02_taylor_a64a65577ccc/formal/20260810T083043Z_a64a65577ccc_stage08_b02_formal_a2020019/operator_input_evidence_taylor_not_applicable_20260810T083043Z_a64a65577ccc_stage08_b02_formal_a2020019.csv","20260810T083043Z_a64a65577ccc_stage08_b02_formal_a2020019","taylor__taylor_int8_10e2__04a15f7b7fa020c3__sym","taylor",,,,,,,,,,,,,,,"normalize","scalar","BOOL","1","exact_config_scalar","value=true","PASS","OK"
"stage08","stage08_input_preview_b02_taylor_a64a65577ccc","formal","dtype_and_input_contract","runs/stage08_input_preview_b02_taylor_a64a65577ccc/formal/20260810T083043Z_a64a65577ccc_stage08_b02_formal_a202001a/operator_dtype_evidence_taylor_not_applicable_20260810T083043Z_a64a65577ccc_stage08_b02_formal_a202001a.csv","20260810T083043Z_a64a65577ccc_stage08_b02_formal_a202001a","taylor__taylor_int8_10e2__1499c4ac2e15230b__periodic","taylor","INT8","INT8","actual_typed_scalar_input","1","length:INT32=100|sym:BOOL=false|sidelobe_level_db:INT8:bytes=1e",,"[{""input_name"":""window_positions"",""shape"":""[100]"",""dtype"":""INDEX_INT64"",""element_count"":""100"",""generator"":""implicit_window_index_domain(no_materialized_array)"",""preview_head4_tail2"":""i=0:position=0;i=1:position=1;i=2:position=2;i=3:position=3;i=98:position=98;i=99:position=99""},{""input_name"":""nbar"",""shape"":""scalar"",""dtype"":""INT32"",""element_count"":""1"",""generator"":""exact_config_scalar"",""preview_head4_tail2"":""value=4""},{""input_name"":""sidelobe_level_db"",""shape"":""scalar"",""dtype"":""INT8"",""element_count"":""1"",""generator"":""exact_config_scalar"",""preview_head4_tail2"":""value=30""},{""input_name"":""normalize"",""shape"":""scalar"",""dtype"":""BOOL"",""element_count"":""1"",""generator"":""exact_config_scalar"",""preview_head4_tail2"":""value=true""}]","{""length"":100,""requested_dtype"":""INT8"",""sym"":false,""nbar"":4,""sidelobe_level_db"":30,""normalize"":true,""dtype_semantics"":""actual_typed_scalar_input"",""typed_input_names"":""sidelobe_level_db""}","1499c4ac2e15230b438ddae401284140bbe3b3f4c3f0946691cc9ee4de64f2b7",,,,"FP64",,,,,,,,"PASS","OK"
"stage08","stage08_input_preview_b02_taylor_a64a65577ccc","formal","input_preview","runs/stage08_input_preview_b02_taylor_a64a65577ccc/formal/20260810T083043Z_a64a65577ccc_stage08_b02_formal_a202001a/operator_input_evidence_taylor_not_applicable_20260810T083043Z_a64a65577ccc_stage08_b02_formal_a202001a.csv","20260810T083043Z_a64a65577ccc_stage08_b02_formal_a202001a","taylor__taylor_int8_10e2__1499c4ac2e15230b__periodic","taylor",,,,,,,,,,,,,,,"window_positions","[100]","INDEX_INT64","100","implicit_window_index_domain(no_materialized_array)","i=0:position=0;i=1:position=1;i=2:position=2;i=3:position=3;i=98:position=98;i=99:position=99","PASS","OK"
"stage08","stage08_input_preview_b02_taylor_a64a65577ccc","formal","input_preview","runs/stage08_input_preview_b02_taylor_a64a65577ccc/formal/20260810T083043Z_a64a65577ccc_stage08_b02_formal_a202001a/operator_input_evidence_taylor_not_applicable_20260810T083043Z_a64a65577ccc_stage08_b02_formal_a202001a.csv","20260810T083043Z_a64a65577ccc_stage08_b02_formal_a202001a","taylor__taylor_int8_10e2__1499c4ac2e15230b__periodic","taylor",,,,,,,,,,,,,,,"nbar","scalar","INT32","1","exact_config_scalar","value=4","PASS","OK"
"stage08","stage08_input_preview_b02_taylor_a64a65577ccc","formal","input_preview","runs/stage08_input_preview_b02_taylor_a64a65577ccc/formal/20260810T083043Z_a64a65577ccc_stage08_b02_formal_a202001a/operator_input_evidence_taylor_not_applicable_20260810T083043Z_a64a65577ccc_stage08_b02_formal_a202001a.csv","20260810T083043Z_a64a65577ccc_stage08_b02_formal_a202001a","taylor__taylor_int8_10e2__1499c4ac2e15230b__periodic","taylor",,,,,,,,,,,,,,,"sidelobe_level_db","scalar","INT8","1","exact_config_scalar","value=30","PASS","OK"
"stage08","stage08_input_preview_b02_taylor_a64a65577ccc","formal","input_preview","runs/stage08_input_preview_b02_taylor_a64a65577ccc/formal/20260810T083043Z_a64a65577ccc_stage08_b02_formal_a202001a/operator_input_evidence_taylor_not_applicable_20260810T083043Z_a64a65577ccc_stage08_b02_formal_a202001a.csv","20260810T083043Z_a64a65577ccc_stage08_b02_formal_a202001a","taylor__taylor_int8_10e2__1499c4ac2e15230b__periodic","taylor",,,,,,,,,,,,,,,"normalize","scalar","BOOL","1","exact_config_scalar","value=true","PASS","OK"
"stage08","stage08_input_preview_b02_taylor_a64a65577ccc","formal","dtype_and_input_contract","runs/stage08_input_preview_b02_taylor_a64a65577ccc/formal/20260810T083043Z_a64a65577ccc_stage08_b02_formal_a202001b/operator_dtype_evidence_taylor_not_applicable_20260810T083043Z_a64a65577ccc_stage08_b02_formal_a202001b.csv","20260810T083043Z_a64a65577ccc_stage08_b02_formal_a202001b","taylor__taylor_int8_10e3__85ea326ef3eb0a2b__sym","taylor","INT8","INT8","actual_typed_scalar_input","1","length:INT32=1000|sym:BOOL=true|sidelobe_level_db:INT8:bytes=1e",,"[{""input_name"":""window_positions"",""shape"":""[1000]"",""dtype"":""INDEX_INT64"",""element_count"":""1000"",""generator"":""implicit_window_index_domain(no_materialized_array)"",""preview_head4_tail2"":""i=0:position=0;i=1:position=1;i=2:position=2;i=3:position=3;i=998:position=998;i=999:position=999""},{""input_name"":""nbar"",""shape"":""scalar"",""dtype"":""INT32"",""element_count"":""1"",""generator"":""exact_config_scalar"",""preview_head4_tail2"":""value=4""},{""input_name"":""sidelobe_level_db"",""shape"":""scalar"",""dtype"":""INT8"",""element_count"":""1"",""generator"":""exact_config_scalar"",""preview_head4_tail2"":""value=30""},{""input_name"":""normalize"",""shape"":""scalar"",""dtype"":""BOOL"",""element_count"":""1"",""generator"":""exact_config_scalar"",""preview_head4_tail2"":""value=true""}]","{""length"":1000,""requested_dtype"":""INT8"",""sym"":true,""nbar"":4,""sidelobe_level_db"":30,""normalize"":true,""dtype_semantics"":""actual_typed_scalar_input"",""typed_input_names"":""sidelobe_level_db""}","85ea326ef3eb0a2bcb0b329e836db90254ad3aac26c360f41f44a943d776c6ab",,,,"FP64",,,,,,,,"PASS","OK"
"stage08","stage08_input_preview_b02_taylor_a64a65577ccc","formal","input_preview","runs/stage08_input_preview_b02_taylor_a64a65577ccc/formal/20260810T083043Z_a64a65577ccc_stage08_b02_formal_a202001b/operator_input_evidence_taylor_not_applicable_20260810T083043Z_a64a65577ccc_stage08_b02_formal_a202001b.csv","20260810T083043Z_a64a65577ccc_stage08_b02_formal_a202001b","taylor__taylor_int8_10e3__85ea326ef3eb0a2b__sym","taylor",,,,,,,,,,,,,,,"window_positions","[1000]","INDEX_INT64","1000","implicit_window_index_domain(no_materialized_array)","i=0:position=0;i=1:position=1;i=2:position=2;i=3:position=3;i=998:position=998;i=999:position=999","PASS","OK"
"stage08","stage08_input_preview_b02_taylor_a64a65577ccc","formal","input_preview","runs/stage08_input_preview_b02_taylor_a64a65577ccc/formal/20260810T083043Z_a64a65577ccc_stage08_b02_formal_a202001b/operator_input_evidence_taylor_not_applicable_20260810T083043Z_a64a65577ccc_stage08_b02_formal_a202001b.csv","20260810T083043Z_a64a65577ccc_stage08_b02_formal_a202001b","taylor__taylor_int8_10e3__85ea326ef3eb0a2b__sym","taylor",,,,,,,,,,,,,,,"nbar","scalar","INT32","1","exact_config_scalar","value=4","PASS","OK"
"stage08","stage08_input_preview_b02_taylor_a64a65577ccc","formal","input_preview","runs/stage08_input_preview_b02_taylor_a64a65577ccc/formal/20260810T083043Z_a64a65577ccc_stage08_b02_formal_a202001b/operator_input_evidence_taylor_not_applicable_20260810T083043Z_a64a65577ccc_stage08_b02_formal_a202001b.csv","20260810T083043Z_a64a65577ccc_stage08_b02_formal_a202001b","taylor__taylor_int8_10e3__85ea326ef3eb0a2b__sym","taylor",,,,,,,,,,,,,,,"sidelobe_level_db","scalar","INT8","1","exact_config_scalar","value=30","PASS","OK"
"stage08","stage08_input_preview_b02_taylor_a64a65577ccc","formal","input_preview","runs/stage08_input_preview_b02_taylor_a64a65577ccc/formal/20260810T083043Z_a64a65577ccc_stage08_b02_formal_a202001b/operator_input_evidence_taylor_not_applicable_20260810T083043Z_a64a65577ccc_stage08_b02_formal_a202001b.csv","20260810T083043Z_a64a65577ccc_stage08_b02_formal_a202001b","taylor__taylor_int8_10e3__85ea326ef3eb0a2b__sym","taylor",,,,,,,,,,,,,,,"normalize","scalar","BOOL","1","exact_config_scalar","value=true","PASS","OK"
"stage08","stage08_input_preview_b02_taylor_a64a65577ccc","formal","dtype_and_input_contract","runs/stage08_input_preview_b02_taylor_a64a65577ccc/formal/20260810T083043Z_a64a65577ccc_stage08_b02_formal_a202001c/operator_dtype_evidence_taylor_not_applicable_20260810T083043Z_a64a65577ccc_stage08_b02_formal_a202001c.csv","20260810T083043Z_a64a65577ccc_stage08_b02_formal_a202001c","taylor__taylor_int8_10e3__b5b3e190445993ed__periodic","taylor","INT8","INT8","actual_typed_scalar_input","1","length:INT32=1000|sym:BOOL=false|sidelobe_level_db:INT8:bytes=1e",,"[{""input_name"":""window_positions"",""shape"":""[1000]"",""dtype"":""INDEX_INT64"",""element_count"":""1000"",""generator"":""implicit_window_index_domain(no_materialized_array)"",""preview_head4_tail2"":""i=0:position=0;i=1:position=1;i=2:position=2;i=3:position=3;i=998:position=998;i=999:position=999""},{""input_name"":""nbar"",""shape"":""scalar"",""dtype"":""INT32"",""element_count"":""1"",""generator"":""exact_config_scalar"",""preview_head4_tail2"":""value=4""},{""input_name"":""sidelobe_level_db"",""shape"":""scalar"",""dtype"":""INT8"",""element_count"":""1"",""generator"":""exact_config_scalar"",""preview_head4_tail2"":""value=30""},{""input_name"":""normalize"",""shape"":""scalar"",""dtype"":""BOOL"",""element_count"":""1"",""generator"":""exact_config_scalar"",""preview_head4_tail2"":""value=true""}]","{""length"":1000,""requested_dtype"":""INT8"",""sym"":false,""nbar"":4,""sidelobe_level_db"":30,""normalize"":true,""dtype_semantics"":""actual_typed_scalar_input"",""typed_input_names"":""sidelobe_level_db""}","b5b3e190445993eddc003bd8618b797501b2b358426e7b71efd477b7190baa35",,,,"FP64",,,,,,,,"PASS","OK"
"stage08","stage08_input_preview_b02_taylor_a64a65577ccc","formal","input_preview","runs/stage08_input_preview_b02_taylor_a64a65577ccc/formal/20260810T083043Z_a64a65577ccc_stage08_b02_formal_a202001c/operator_input_evidence_taylor_not_applicable_20260810T083043Z_a64a65577ccc_stage08_b02_formal_a202001c.csv","20260810T083043Z_a64a65577ccc_stage08_b02_formal_a202001c","taylor__taylor_int8_10e3__b5b3e190445993ed__periodic","taylor",,,,,,,,,,,,,,,"window_positions","[1000]","INDEX_INT64","1000","implicit_window_index_domain(no_materialized_array)","i=0:position=0;i=1:position=1;i=2:position=2;i=3:position=3;i=998:position=998;i=999:position=999","PASS","OK"
"stage08","stage08_input_preview_b02_taylor_a64a65577ccc","formal","input_preview","runs/stage08_input_preview_b02_taylor_a64a65577ccc/formal/20260810T083043Z_a64a65577ccc_stage08_b02_formal_a202001c/operator_input_evidence_taylor_not_applicable_20260810T083043Z_a64a65577ccc_stage08_b02_formal_a202001c.csv","20260810T083043Z_a64a65577ccc_stage08_b02_formal_a202001c","taylor__taylor_int8_10e3__b5b3e190445993ed__periodic","taylor",,,,,,,,,,,,,,,"nbar","scalar","INT32","1","exact_config_scalar","value=4","PASS","OK"
"stage08","stage08_input_preview_b02_taylor_a64a65577ccc","formal","input_preview","runs/stage08_input_preview_b02_taylor_a64a65577ccc/formal/20260810T083043Z_a64a65577ccc_stage08_b02_formal_a202001c/operator_input_evidence_taylor_not_applicable_20260810T083043Z_a64a65577ccc_stage08_b02_formal_a202001c.csv","20260810T083043Z_a64a65577ccc_stage08_b02_formal_a202001c","taylor__taylor_int8_10e3__b5b3e190445993ed__periodic","taylor",,,,,,,,,,,,,,,"sidelobe_level_db","scalar","INT8","1","exact_config_scalar","value=30","PASS","OK"
"stage08","stage08_input_preview_b02_taylor_a64a65577ccc","formal","input_preview","runs/stage08_input_preview_b02_taylor_a64a65577ccc/formal/20260810T083043Z_a64a65577ccc_stage08_b02_formal_a202001c/operator_input_evidence_taylor_not_applicable_20260810T083043Z_a64a65577ccc_stage08_b02_formal_a202001c.csv","20260810T083043Z_a64a65577ccc_stage08_b02_formal_a202001c","taylor__taylor_int8_10e3__b5b3e190445993ed__periodic","taylor",,,,,,,,,,,,,,,"normalize","scalar","BOOL","1","exact_config_scalar","value=true","PASS","OK"
"stage08","stage08_input_preview_b02_taylor_a64a65577ccc","formal","dtype_and_input_contract","runs/stage08_input_preview_b02_taylor_a64a65577ccc/formal/20260810T083043Z_a64a65577ccc_stage08_b02_formal_a202001d/operator_dtype_evidence_taylor_not_applicable_20260810T083043Z_a64a65577ccc_stage08_b02_formal_a202001d.csv","20260810T083043Z_a64a65577ccc_stage08_b02_formal_a202001d","taylor__taylor_int8_10e4__1757224a325c74d5__sym","taylor","INT8","INT8","actual_typed_scalar_input","1","length:INT32=10000|sym:BOOL=true|sidelobe_level_db:INT8:bytes=1e",,"[{""input_name"":""window_positions"",""shape"":""[10000]"",""dtype"":""INDEX_INT64"",""element_count"":""10000"",""generator"":""implicit_window_index_domain(no_materialized_array)"",""preview_head4_tail2"":""i=0:position=0;i=1:position=1;i=2:position=2;i=3:position=3;i=9998:position=9998;i=9999:position=9999""},{""input_name"":""nbar"",""shape"":""scalar"",""dtype"":""INT32"",""element_count"":""1"",""generator"":""exact_config_scalar"",""preview_head4_tail2"":""value=4""},{""input_name"":""sidelobe_level_db"",""shape"":""scalar"",""dtype"":""INT8"",""element_count"":""1"",""generator"":""exact_config_scalar"",""preview_head4_tail2"":""value=30""},{""input_name"":""normalize"",""shape"":""scalar"",""dtype"":""BOOL"",""element_count"":""1"",""generator"":""exact_config_scalar"",""preview_head4_tail2"":""value=true""}]","{""length"":10000,""requested_dtype"":""INT8"",""sym"":true,""nbar"":4,""sidelobe_level_db"":30,""normalize"":true,""dtype_semantics"":""actual_typed_scalar_input"",""typed_input_names"":""sidelobe_level_db""}","1757224a325c74d50875cf968544b302191490ec9511add829c7e8e5b861412a",,,,"FP64",,,,,,,,"PASS","OK"
"stage08","stage08_input_preview_b02_taylor_a64a65577ccc","formal","input_preview","runs/stage08_input_preview_b02_taylor_a64a65577ccc/formal/20260810T083043Z_a64a65577ccc_stage08_b02_formal_a202001d/operator_input_evidence_taylor_not_applicable_20260810T083043Z_a64a65577ccc_stage08_b02_formal_a202001d.csv","20260810T083043Z_a64a65577ccc_stage08_b02_formal_a202001d","taylor__taylor_int8_10e4__1757224a325c74d5__sym","taylor",,,,,,,,,,,,,,,"window_positions","[10000]","INDEX_INT64","10000","implicit_window_index_domain(no_materialized_array)","i=0:position=0;i=1:position=1;i=2:position=2;i=3:position=3;i=9998:position=9998;i=9999:position=9999","PASS","OK"
"stage08","stage08_input_preview_b02_taylor_a64a65577ccc","formal","input_preview","runs/stage08_input_preview_b02_taylor_a64a65577ccc/formal/20260810T083043Z_a64a65577ccc_stage08_b02_formal_a202001d/operator_input_evidence_taylor_not_applicable_20260810T083043Z_a64a65577ccc_stage08_b02_formal_a202001d.csv","20260810T083043Z_a64a65577ccc_stage08_b02_formal_a202001d","taylor__taylor_int8_10e4__1757224a325c74d5__sym","taylor",,,,,,,,,,,,,,,"nbar","scalar","INT32","1","exact_config_scalar","value=4","PASS","OK"
"stage08","stage08_input_preview_b02_taylor_a64a65577ccc","formal","input_preview","runs/stage08_input_preview_b02_taylor_a64a65577ccc/formal/20260810T083043Z_a64a65577ccc_stage08_b02_formal_a202001d/operator_input_evidence_taylor_not_applicable_20260810T083043Z_a64a65577ccc_stage08_b02_formal_a202001d.csv","20260810T083043Z_a64a65577ccc_stage08_b02_formal_a202001d","taylor__taylor_int8_10e4__1757224a325c74d5__sym","taylor",,,,,,,,,,,,,,,"sidelobe_level_db","scalar","INT8","1","exact_config_scalar","value=30","PASS","OK"
"stage08","stage08_input_preview_b02_taylor_a64a65577ccc","formal","input_preview","runs/stage08_input_preview_b02_taylor_a64a65577ccc/formal/20260810T083043Z_a64a65577ccc_stage08_b02_formal_a202001d/operator_input_evidence_taylor_not_applicable_20260810T083043Z_a64a65577ccc_stage08_b02_formal_a202001d.csv","20260810T083043Z_a64a65577ccc_stage08_b02_formal_a202001d","taylor__taylor_int8_10e4__1757224a325c74d5__sym","taylor",,,,,,,,,,,,,,,"normalize","scalar","BOOL","1","exact_config_scalar","value=true","PASS","OK"
"stage08","stage08_input_preview_b02_taylor_a64a65577ccc","formal","dtype_and_input_contract","runs/stage08_input_preview_b02_taylor_a64a65577ccc/formal/20260810T083044Z_a64a65577ccc_stage08_b02_formal_a202001e/operator_dtype_evidence_taylor_not_applicable_20260810T083044Z_a64a65577ccc_stage08_b02_formal_a202001e.csv","20260810T083044Z_a64a65577ccc_stage08_b02_formal_a202001e","taylor__taylor_int8_10e4__74f90e9ba1648071__periodic","taylor","INT8","INT8","actual_typed_scalar_input","1","length:INT32=10000|sym:BOOL=false|sidelobe_level_db:INT8:bytes=1e",,"[{""input_name"":""window_positions"",""shape"":""[10000]"",""dtype"":""INDEX_INT64"",""element_count"":""10000"",""generator"":""implicit_window_index_domain(no_materialized_array)"",""preview_head4_tail2"":""i=0:position=0;i=1:position=1;i=2:position=2;i=3:position=3;i=9998:position=9998;i=9999:position=9999""},{""input_name"":""nbar"",""shape"":""scalar"",""dtype"":""INT32"",""element_count"":""1"",""generator"":""exact_config_scalar"",""preview_head4_tail2"":""value=4""},{""input_name"":""sidelobe_level_db"",""shape"":""scalar"",""dtype"":""INT8"",""element_count"":""1"",""generator"":""exact_config_scalar"",""preview_head4_tail2"":""value=30""},{""input_name"":""normalize"",""shape"":""scalar"",""dtype"":""BOOL"",""element_count"":""1"",""generator"":""exact_config_scalar"",""preview_head4_tail2"":""value=true""}]","{""length"":10000,""requested_dtype"":""INT8"",""sym"":false,""nbar"":4,""sidelobe_level_db"":30,""normalize"":true,""dtype_semantics"":""actual_typed_scalar_input"",""typed_input_names"":""sidelobe_level_db""}","74f90e9ba164807161104b13e51674c6329b4bef12c6c9eb90901572fcd56d0b",,,,"FP64",,,,,,,,"PASS","OK"
"stage08","stage08_input_preview_b02_taylor_a64a65577ccc","formal","input_preview","runs/stage08_input_preview_b02_taylor_a64a65577ccc/formal/20260810T083044Z_a64a65577ccc_stage08_b02_formal_a202001e/operator_input_evidence_taylor_not_applicable_20260810T083044Z_a64a65577ccc_stage08_b02_formal_a202001e.csv","20260810T083044Z_a64a65577ccc_stage08_b02_formal_a202001e","taylor__taylor_int8_10e4__74f90e9ba1648071__periodic","taylor",,,,,,,,,,,,,,,"window_positions","[10000]","INDEX_INT64","10000","implicit_window_index_domain(no_materialized_array)","i=0:position=0;i=1:position=1;i=2:position=2;i=3:position=3;i=9998:position=9998;i=9999:position=9999","PASS","OK"
"stage08","stage08_input_preview_b02_taylor_a64a65577ccc","formal","input_preview","runs/stage08_input_preview_b02_taylor_a64a65577ccc/formal/20260810T083044Z_a64a65577ccc_stage08_b02_formal_a202001e/operator_input_evidence_taylor_not_applicable_20260810T083044Z_a64a65577ccc_stage08_b02_formal_a202001e.csv","20260810T083044Z_a64a65577ccc_stage08_b02_formal_a202001e","taylor__taylor_int8_10e4__74f90e9ba1648071__periodic","taylor",,,,,,,,,,,,,,,"nbar","scalar","INT32","1","exact_config_scalar","value=4","PASS","OK"
"stage08","stage08_input_preview_b02_taylor_a64a65577ccc","formal","input_preview","runs/stage08_input_preview_b02_taylor_a64a65577ccc/formal/20260810T083044Z_a64a65577ccc_stage08_b02_formal_a202001e/operator_input_evidence_taylor_not_applicable_20260810T083044Z_a64a65577ccc_stage08_b02_formal_a202001e.csv","20260810T083044Z_a64a65577ccc_stage08_b02_formal_a202001e","taylor__taylor_int8_10e4__74f90e9ba1648071__periodic","taylor",,,,,,,,,,,,,,,"sidelobe_level_db","scalar","INT8","1","exact_config_scalar","value=30","PASS","OK"
"stage08","stage08_input_preview_b02_taylor_a64a65577ccc","formal","input_preview","runs/stage08_input_preview_b02_taylor_a64a65577ccc/formal/20260810T083044Z_a64a65577ccc_stage08_b02_formal_a202001e/operator_input_evidence_taylor_not_applicable_20260810T083044Z_a64a65577ccc_stage08_b02_formal_a202001e.csv","20260810T083044Z_a64a65577ccc_stage08_b02_formal_a202001e","taylor__taylor_int8_10e4__74f90e9ba1648071__periodic","taylor",,,,,,,,,,,,,,,"normalize","scalar","BOOL","1","exact_config_scalar","value=true","PASS","OK"
"stage08","stage08_input_preview_b02_triang_a64a65577ccc","formal","dtype_and_input_contract","runs/stage08_input_preview_b02_triang_a64a65577ccc/formal/20260810T083046Z_a64a65577ccc_stage08_b02_formal_a2030001/operator_dtype_evidence_triang_not_applicable_20260810T083046Z_a64a65577ccc_stage08_b02_formal_a2030001.csv","20260810T083046Z_a64a65577ccc_stage08_b02_formal_a2030001","triang__triang_fp32_10e2__7f7d081aa0af5dfa__sym","triang","FP32","FP32","request_variant_no_typed_data_input","0","length:INT32=100|sym:BOOL=true",,"[{""input_name"":""window_positions"",""shape"":""[100]"",""dtype"":""INDEX_INT64"",""element_count"":""100"",""generator"":""implicit_window_index_domain(no_materialized_array)"",""preview_head4_tail2"":""i=0:position=0;i=1:position=1;i=2:position=2;i=3:position=3;i=98:position=98;i=99:position=99""}]","{""length"":100,""requested_dtype"":""FP32"",""sym"":true,""dtype_semantics"":""request_variant_no_typed_data_input"",""typed_input_names"":""none""}","7f7d081aa0af5dfac9cbd2114e6e1ae81fa1069a67d6310ffd6db02c7f813864",,,,"FP64",,,,,,,,"PASS","OK"
"stage08","stage08_input_preview_b02_triang_a64a65577ccc","formal","input_preview","runs/stage08_input_preview_b02_triang_a64a65577ccc/formal/20260810T083046Z_a64a65577ccc_stage08_b02_formal_a2030001/operator_input_evidence_triang_not_applicable_20260810T083046Z_a64a65577ccc_stage08_b02_formal_a2030001.csv","20260810T083046Z_a64a65577ccc_stage08_b02_formal_a2030001","triang__triang_fp32_10e2__7f7d081aa0af5dfa__sym","triang",,,,,,,,,,,,,,,"window_positions","[100]","INDEX_INT64","100","implicit_window_index_domain(no_materialized_array)","i=0:position=0;i=1:position=1;i=2:position=2;i=3:position=3;i=98:position=98;i=99:position=99","PASS","OK"
"stage08","stage08_input_preview_b02_triang_a64a65577ccc","formal","dtype_and_input_contract","runs/stage08_input_preview_b02_triang_a64a65577ccc/formal/20260810T083046Z_a64a65577ccc_stage08_b02_formal_a2030002/operator_dtype_evidence_triang_not_applicable_20260810T083046Z_a64a65577ccc_stage08_b02_formal_a2030002.csv","20260810T083046Z_a64a65577ccc_stage08_b02_formal_a2030002","triang__triang_fp32_10e2__dcd591d59c1c4f03__periodic","triang","FP32","FP32","request_variant_no_typed_data_input","0","length:INT32=100|sym:BOOL=false",,"[{""input_name"":""window_positions"",""shape"":""[100]"",""dtype"":""INDEX_INT64"",""element_count"":""100"",""generator"":""implicit_window_index_domain(no_materialized_array)"",""preview_head4_tail2"":""i=0:position=0;i=1:position=1;i=2:position=2;i=3:position=3;i=98:position=98;i=99:position=99""}]","{""length"":100,""requested_dtype"":""FP32"",""sym"":false,""dtype_semantics"":""request_variant_no_typed_data_input"",""typed_input_names"":""none""}","dcd591d59c1c4f0312f128d800410df4856990f61a8c1880dc74ce18946cc2c7",,,,"FP64",,,,,,,,"PASS","OK"
"stage08","stage08_input_preview_b02_triang_a64a65577ccc","formal","input_preview","runs/stage08_input_preview_b02_triang_a64a65577ccc/formal/20260810T083046Z_a64a65577ccc_stage08_b02_formal_a2030002/operator_input_evidence_triang_not_applicable_20260810T083046Z_a64a65577ccc_stage08_b02_formal_a2030002.csv","20260810T083046Z_a64a65577ccc_stage08_b02_formal_a2030002","triang__triang_fp32_10e2__dcd591d59c1c4f03__periodic","triang",,,,,,,,,,,,,,,"window_positions","[100]","INDEX_INT64","100","implicit_window_index_domain(no_materialized_array)","i=0:position=0;i=1:position=1;i=2:position=2;i=3:position=3;i=98:position=98;i=99:position=99","PASS","OK"
"stage08","stage08_input_preview_b02_triang_a64a65577ccc","formal","dtype_and_input_contract","runs/stage08_input_preview_b02_triang_a64a65577ccc/formal/20260810T083046Z_a64a65577ccc_stage08_b02_formal_a2030003/operator_dtype_evidence_triang_not_applicable_20260810T083046Z_a64a65577ccc_stage08_b02_formal_a2030003.csv","20260810T083046Z_a64a65577ccc_stage08_b02_formal_a2030003","triang__triang_fp32_10e3__6da158ece72508d2__sym","triang","FP32","FP32","request_variant_no_typed_data_input","0","length:INT32=1000|sym:BOOL=true",,"[{""input_name"":""window_positions"",""shape"":""[1000]"",""dtype"":""INDEX_INT64"",""element_count"":""1000"",""generator"":""implicit_window_index_domain(no_materialized_array)"",""preview_head4_tail2"":""i=0:position=0;i=1:position=1;i=2:position=2;i=3:position=3;i=998:position=998;i=999:position=999""}]","{""length"":1000,""requested_dtype"":""FP32"",""sym"":true,""dtype_semantics"":""request_variant_no_typed_data_input"",""typed_input_names"":""none""}","6da158ece72508d29649124d2d289624f6020920ecb9c5233ac6aa50ef535fe7",,,,"FP64",,,,,,,,"PASS","OK"
"stage08","stage08_input_preview_b02_triang_a64a65577ccc","formal","input_preview","runs/stage08_input_preview_b02_triang_a64a65577ccc/formal/20260810T083046Z_a64a65577ccc_stage08_b02_formal_a2030003/operator_input_evidence_triang_not_applicable_20260810T083046Z_a64a65577ccc_stage08_b02_formal_a2030003.csv","20260810T083046Z_a64a65577ccc_stage08_b02_formal_a2030003","triang__triang_fp32_10e3__6da158ece72508d2__sym","triang",,,,,,,,,,,,,,,"window_positions","[1000]","INDEX_INT64","1000","implicit_window_index_domain(no_materialized_array)","i=0:position=0;i=1:position=1;i=2:position=2;i=3:position=3;i=998:position=998;i=999:position=999","PASS","OK"
"stage08","stage08_input_preview_b02_triang_a64a65577ccc","formal","dtype_and_input_contract","runs/stage08_input_preview_b02_triang_a64a65577ccc/formal/20260810T083047Z_a64a65577ccc_stage08_b02_formal_a2030004/operator_dtype_evidence_triang_not_applicable_20260810T083047Z_a64a65577ccc_stage08_b02_formal_a2030004.csv","20260810T083047Z_a64a65577ccc_stage08_b02_formal_a2030004","triang__triang_fp32_10e3__2c38ec22bc77639b__periodic","triang","FP32","FP32","request_variant_no_typed_data_input","0","length:INT32=1000|sym:BOOL=false",,"[{""input_name"":""window_positions"",""shape"":""[1000]"",""dtype"":""INDEX_INT64"",""element_count"":""1000"",""generator"":""implicit_window_index_domain(no_materialized_array)"",""preview_head4_tail2"":""i=0:position=0;i=1:position=1;i=2:position=2;i=3:position=3;i=998:position=998;i=999:position=999""}]","{""length"":1000,""requested_dtype"":""FP32"",""sym"":false,""dtype_semantics"":""request_variant_no_typed_data_input"",""typed_input_names"":""none""}","2c38ec22bc77639b93e2a6d9754d3f2496f591bfbe0e68f1bc4d9177dfcd796d",,,,"FP64",,,,,,,,"PASS","OK"
"stage08","stage08_input_preview_b02_triang_a64a65577ccc","formal","input_preview","runs/stage08_input_preview_b02_triang_a64a65577ccc/formal/20260810T083047Z_a64a65577ccc_stage08_b02_formal_a2030004/operator_input_evidence_triang_not_applicable_20260810T083047Z_a64a65577ccc_stage08_b02_formal_a2030004.csv","20260810T083047Z_a64a65577ccc_stage08_b02_formal_a2030004","triang__triang_fp32_10e3__2c38ec22bc77639b__periodic","triang",,,,,,,,,,,,,,,"window_positions","[1000]","INDEX_INT64","1000","implicit_window_index_domain(no_materialized_array)","i=0:position=0;i=1:position=1;i=2:position=2;i=3:position=3;i=998:position=998;i=999:position=999","PASS","OK"
"stage08","stage08_input_preview_b02_triang_a64a65577ccc","formal","dtype_and_input_contract","runs/stage08_input_preview_b02_triang_a64a65577ccc/formal/20260810T083047Z_a64a65577ccc_stage08_b02_formal_a2030005/operator_dtype_evidence_triang_not_applicable_20260810T083047Z_a64a65577ccc_stage08_b02_formal_a2030005.csv","20260810T083047Z_a64a65577ccc_stage08_b02_formal_a2030005","triang__triang_fp32_10e4__cadad88e333e0a70__sym","triang","FP32","FP32","request_variant_no_typed_data_input","0","length:INT32=10000|sym:BOOL=true",,"[{""input_name"":""window_positions"",""shape"":""[10000]"",""dtype"":""INDEX_INT64"",""element_count"":""10000"",""generator"":""implicit_window_index_domain(no_materialized_array)"",""preview_head4_tail2"":""i=0:position=0;i=1:position=1;i=2:position=2;i=3:position=3;i=9998:position=9998;i=9999:position=9999""}]","{""length"":10000,""requested_dtype"":""FP32"",""sym"":true,""dtype_semantics"":""request_variant_no_typed_data_input"",""typed_input_names"":""none""}","cadad88e333e0a70670079f972e771752bdabf67365c62ae56f8a799cc6ee292",,,,"FP64",,,,,,,,"PASS","OK"
"stage08","stage08_input_preview_b02_triang_a64a65577ccc","formal","input_preview","runs/stage08_input_preview_b02_triang_a64a65577ccc/formal/20260810T083047Z_a64a65577ccc_stage08_b02_formal_a2030005/operator_input_evidence_triang_not_applicable_20260810T083047Z_a64a65577ccc_stage08_b02_formal_a2030005.csv","20260810T083047Z_a64a65577ccc_stage08_b02_formal_a2030005","triang__triang_fp32_10e4__cadad88e333e0a70__sym","triang",,,,,,,,,,,,,,,"window_positions","[10000]","INDEX_INT64","10000","implicit_window_index_domain(no_materialized_array)","i=0:position=0;i=1:position=1;i=2:position=2;i=3:position=3;i=9998:position=9998;i=9999:position=9999","PASS","OK"
"stage08","stage08_input_preview_b02_triang_a64a65577ccc","formal","dtype_and_input_contract","runs/stage08_input_preview_b02_triang_a64a65577ccc/formal/20260810T083047Z_a64a65577ccc_stage08_b02_formal_a2030006/operator_dtype_evidence_triang_not_applicable_20260810T083047Z_a64a65577ccc_stage08_b02_formal_a2030006.csv","20260810T083047Z_a64a65577ccc_stage08_b02_formal_a2030006","triang__triang_fp32_10e4__76494d2bef81be4b__periodic","triang","FP32","FP32","request_variant_no_typed_data_input","0","length:INT32=10000|sym:BOOL=false",,"[{""input_name"":""window_positions"",""shape"":""[10000]"",""dtype"":""INDEX_INT64"",""element_count"":""10000"",""generator"":""implicit_window_index_domain(no_materialized_array)"",""preview_head4_tail2"":""i=0:position=0;i=1:position=1;i=2:position=2;i=3:position=3;i=9998:position=9998;i=9999:position=9999""}]","{""length"":10000,""requested_dtype"":""FP32"",""sym"":false,""dtype_semantics"":""request_variant_no_typed_data_input"",""typed_input_names"":""none""}","76494d2bef81be4babb51863b4a08c8e06a6b0ede8b9d8b479d3302163638ae0",,,,"FP64",,,,,,,,"PASS","OK"
"stage08","stage08_input_preview_b02_triang_a64a65577ccc","formal","input_preview","runs/stage08_input_preview_b02_triang_a64a65577ccc/formal/20260810T083047Z_a64a65577ccc_stage08_b02_formal_a2030006/operator_input_evidence_triang_not_applicable_20260810T083047Z_a64a65577ccc_stage08_b02_formal_a2030006.csv","20260810T083047Z_a64a65577ccc_stage08_b02_formal_a2030006","triang__triang_fp32_10e4__76494d2bef81be4b__periodic","triang",,,,,,,,,,,,,,,"window_positions","[10000]","INDEX_INT64","10000","implicit_window_index_domain(no_materialized_array)","i=0:position=0;i=1:position=1;i=2:position=2;i=3:position=3;i=9998:position=9998;i=9999:position=9999","PASS","OK"
"stage08","stage08_input_preview_b02_triang_a64a65577ccc","formal","dtype_and_input_contract","runs/stage08_input_preview_b02_triang_a64a65577ccc/formal/20260810T083047Z_a64a65577ccc_stage08_b02_formal_a2030007/operator_dtype_evidence_triang_not_applicable_20260810T083047Z_a64a65577ccc_stage08_b02_formal_a2030007.csv","20260810T083047Z_a64a65577ccc_stage08_b02_formal_a2030007","triang__triang_fp16_10e2__7f7d081aa0af5dfa__sym","triang","FP16","FP16","request_variant_no_typed_data_input","0","length:INT32=100|sym:BOOL=true",,"[{""input_name"":""window_positions"",""shape"":""[100]"",""dtype"":""INDEX_INT64"",""element_count"":""100"",""generator"":""implicit_window_index_domain(no_materialized_array)"",""preview_head4_tail2"":""i=0:position=0;i=1:position=1;i=2:position=2;i=3:position=3;i=98:position=98;i=99:position=99""}]","{""length"":100,""requested_dtype"":""FP16"",""sym"":true,""dtype_semantics"":""request_variant_no_typed_data_input"",""typed_input_names"":""none""}","7f7d081aa0af5dfac9cbd2114e6e1ae81fa1069a67d6310ffd6db02c7f813864",,,,"FP64",,,,,,,,"PASS","OK"
"stage08","stage08_input_preview_b02_triang_a64a65577ccc","formal","input_preview","runs/stage08_input_preview_b02_triang_a64a65577ccc/formal/20260810T083047Z_a64a65577ccc_stage08_b02_formal_a2030007/operator_input_evidence_triang_not_applicable_20260810T083047Z_a64a65577ccc_stage08_b02_formal_a2030007.csv","20260810T083047Z_a64a65577ccc_stage08_b02_formal_a2030007","triang__triang_fp16_10e2__7f7d081aa0af5dfa__sym","triang",,,,,,,,,,,,,,,"window_positions","[100]","INDEX_INT64","100","implicit_window_index_domain(no_materialized_array)","i=0:position=0;i=1:position=1;i=2:position=2;i=3:position=3;i=98:position=98;i=99:position=99","PASS","OK"
"stage08","stage08_input_preview_b02_triang_a64a65577ccc","formal","dtype_and_input_contract","runs/stage08_input_preview_b02_triang_a64a65577ccc/formal/20260810T083047Z_a64a65577ccc_stage08_b02_formal_a2030008/operator_dtype_evidence_triang_not_applicable_20260810T083047Z_a64a65577ccc_stage08_b02_formal_a2030008.csv","20260810T083047Z_a64a65577ccc_stage08_b02_formal_a2030008","triang__triang_fp16_10e2__dcd591d59c1c4f03__periodic","triang","FP16","FP16","request_variant_no_typed_data_input","0","length:INT32=100|sym:BOOL=false",,"[{""input_name"":""window_positions"",""shape"":""[100]"",""dtype"":""INDEX_INT64"",""element_count"":""100"",""generator"":""implicit_window_index_domain(no_materialized_array)"",""preview_head4_tail2"":""i=0:position=0;i=1:position=1;i=2:position=2;i=3:position=3;i=98:position=98;i=99:position=99""}]","{""length"":100,""requested_dtype"":""FP16"",""sym"":false,""dtype_semantics"":""request_variant_no_typed_data_input"",""typed_input_names"":""none""}","dcd591d59c1c4f0312f128d800410df4856990f61a8c1880dc74ce18946cc2c7",,,,"FP64",,,,,,,,"PASS","OK"
"stage08","stage08_input_preview_b02_triang_a64a65577ccc","formal","input_preview","runs/stage08_input_preview_b02_triang_a64a65577ccc/formal/20260810T083047Z_a64a65577ccc_stage08_b02_formal_a2030008/operator_input_evidence_triang_not_applicable_20260810T083047Z_a64a65577ccc_stage08_b02_formal_a2030008.csv","20260810T083047Z_a64a65577ccc_stage08_b02_formal_a2030008","triang__triang_fp16_10e2__dcd591d59c1c4f03__periodic","triang",,,,,,,,,,,,,,,"window_positions","[100]","INDEX_INT64","100","implicit_window_index_domain(no_materialized_array)","i=0:position=0;i=1:position=1;i=2:position=2;i=3:position=3;i=98:position=98;i=99:position=99","PASS","OK"
"stage08","stage08_input_preview_b02_triang_a64a65577ccc","formal","dtype_and_input_contract","runs/stage08_input_preview_b02_triang_a64a65577ccc/formal/20260810T083047Z_a64a65577ccc_stage08_b02_formal_a2030009/operator_dtype_evidence_triang_not_applicable_20260810T083047Z_a64a65577ccc_stage08_b02_formal_a2030009.csv","20260810T083047Z_a64a65577ccc_stage08_b02_formal_a2030009","triang__triang_fp16_10e3__6da158ece72508d2__sym","triang","FP16","FP16","request_variant_no_typed_data_input","0","length:INT32=1000|sym:BOOL=true",,"[{""input_name"":""window_positions"",""shape"":""[1000]"",""dtype"":""INDEX_INT64"",""element_count"":""1000"",""generator"":""implicit_window_index_domain(no_materialized_array)"",""preview_head4_tail2"":""i=0:position=0;i=1:position=1;i=2:position=2;i=3:position=3;i=998:position=998;i=999:position=999""}]","{""length"":1000,""requested_dtype"":""FP16"",""sym"":true,""dtype_semantics"":""request_variant_no_typed_data_input"",""typed_input_names"":""none""}","6da158ece72508d29649124d2d289624f6020920ecb9c5233ac6aa50ef535fe7",,,,"FP64",,,,,,,,"PASS","OK"
"stage08","stage08_input_preview_b02_triang_a64a65577ccc","formal","input_preview","runs/stage08_input_preview_b02_triang_a64a65577ccc/formal/20260810T083047Z_a64a65577ccc_stage08_b02_formal_a2030009/operator_input_evidence_triang_not_applicable_20260810T083047Z_a64a65577ccc_stage08_b02_formal_a2030009.csv","20260810T083047Z_a64a65577ccc_stage08_b02_formal_a2030009","triang__triang_fp16_10e3__6da158ece72508d2__sym","triang",,,,,,,,,,,,,,,"window_positions","[1000]","INDEX_INT64","1000","implicit_window_index_domain(no_materialized_array)","i=0:position=0;i=1:position=1;i=2:position=2;i=3:position=3;i=998:position=998;i=999:position=999","PASS","OK"
"stage08","stage08_input_preview_b02_triang_a64a65577ccc","formal","dtype_and_input_contract","runs/stage08_input_preview_b02_triang_a64a65577ccc/formal/20260810T083047Z_a64a65577ccc_stage08_b02_formal_a203000a/operator_dtype_evidence_triang_not_applicable_20260810T083047Z_a64a65577ccc_stage08_b02_formal_a203000a.csv","20260810T083047Z_a64a65577ccc_stage08_b02_formal_a203000a","triang__triang_fp16_10e3__2c38ec22bc77639b__periodic","triang","FP16","FP16","request_variant_no_typed_data_input","0","length:INT32=1000|sym:BOOL=false",,"[{""input_name"":""window_positions"",""shape"":""[1000]"",""dtype"":""INDEX_INT64"",""element_count"":""1000"",""generator"":""implicit_window_index_domain(no_materialized_array)"",""preview_head4_tail2"":""i=0:position=0;i=1:position=1;i=2:position=2;i=3:position=3;i=998:position=998;i=999:position=999""}]","{""length"":1000,""requested_dtype"":""FP16"",""sym"":false,""dtype_semantics"":""request_variant_no_typed_data_input"",""typed_input_names"":""none""}","2c38ec22bc77639b93e2a6d9754d3f2496f591bfbe0e68f1bc4d9177dfcd796d",,,,"FP64",,,,,,,,"PASS","OK"
"stage08","stage08_input_preview_b02_triang_a64a65577ccc","formal","input_preview","runs/stage08_input_preview_b02_triang_a64a65577ccc/formal/20260810T083047Z_a64a65577ccc_stage08_b02_formal_a203000a/operator_input_evidence_triang_not_applicable_20260810T083047Z_a64a65577ccc_stage08_b02_formal_a203000a.csv","20260810T083047Z_a64a65577ccc_stage08_b02_formal_a203000a","triang__triang_fp16_10e3__2c38ec22bc77639b__periodic","triang",,,,,,,,,,,,,,,"window_positions","[1000]","INDEX_INT64","1000","implicit_window_index_domain(no_materialized_array)","i=0:position=0;i=1:position=1;i=2:position=2;i=3:position=3;i=998:position=998;i=999:position=999","PASS","OK"
"stage08","stage08_input_preview_b02_triang_a64a65577ccc","formal","dtype_and_input_contract","runs/stage08_input_preview_b02_triang_a64a65577ccc/formal/20260810T083047Z_a64a65577ccc_stage08_b02_formal_a203000b/operator_dtype_evidence_triang_not_applicable_20260810T083047Z_a64a65577ccc_stage08_b02_formal_a203000b.csv","20260810T083047Z_a64a65577ccc_stage08_b02_formal_a203000b","triang__triang_fp16_10e4__cadad88e333e0a70__sym","triang","FP16","FP16","request_variant_no_typed_data_input","0","length:INT32=10000|sym:BOOL=true",,"[{""input_name"":""window_positions"",""shape"":""[10000]"",""dtype"":""INDEX_INT64"",""element_count"":""10000"",""generator"":""implicit_window_index_domain(no_materialized_array)"",""preview_head4_tail2"":""i=0:position=0;i=1:position=1;i=2:position=2;i=3:position=3;i=9998:position=9998;i=9999:position=9999""}]","{""length"":10000,""requested_dtype"":""FP16"",""sym"":true,""dtype_semantics"":""request_variant_no_typed_data_input"",""typed_input_names"":""none""}","cadad88e333e0a70670079f972e771752bdabf67365c62ae56f8a799cc6ee292",,,,"FP64",,,,,,,,"PASS","OK"
"stage08","stage08_input_preview_b02_triang_a64a65577ccc","formal","input_preview","runs/stage08_input_preview_b02_triang_a64a65577ccc/formal/20260810T083047Z_a64a65577ccc_stage08_b02_formal_a203000b/operator_input_evidence_triang_not_applicable_20260810T083047Z_a64a65577ccc_stage08_b02_formal_a203000b.csv","20260810T083047Z_a64a65577ccc_stage08_b02_formal_a203000b","triang__triang_fp16_10e4__cadad88e333e0a70__sym","triang",,,,,,,,,,,,,,,"window_positions","[10000]","INDEX_INT64","10000","implicit_window_index_domain(no_materialized_array)","i=0:position=0;i=1:position=1;i=2:position=2;i=3:position=3;i=9998:position=9998;i=9999:position=9999","PASS","OK"
"stage08","stage08_input_preview_b02_triang_a64a65577ccc","formal","dtype_and_input_contract","runs/stage08_input_preview_b02_triang_a64a65577ccc/formal/20260810T083047Z_a64a65577ccc_stage08_b02_formal_a203000c/operator_dtype_evidence_triang_not_applicable_20260810T083047Z_a64a65577ccc_stage08_b02_formal_a203000c.csv","20260810T083047Z_a64a65577ccc_stage08_b02_formal_a203000c","triang__triang_fp16_10e4__76494d2bef81be4b__periodic","triang","FP16","FP16","request_variant_no_typed_data_input","0","length:INT32=10000|sym:BOOL=false",,"[{""input_name"":""window_positions"",""shape"":""[10000]"",""dtype"":""INDEX_INT64"",""element_count"":""10000"",""generator"":""implicit_window_index_domain(no_materialized_array)"",""preview_head4_tail2"":""i=0:position=0;i=1:position=1;i=2:position=2;i=3:position=3;i=9998:position=9998;i=9999:position=9999""}]","{""length"":10000,""requested_dtype"":""FP16"",""sym"":false,""dtype_semantics"":""request_variant_no_typed_data_input"",""typed_input_names"":""none""}","76494d2bef81be4babb51863b4a08c8e06a6b0ede8b9d8b479d3302163638ae0",,,,"FP64",,,,,,,,"PASS","OK"
"stage08","stage08_input_preview_b02_triang_a64a65577ccc","formal","input_preview","runs/stage08_input_preview_b02_triang_a64a65577ccc/formal/20260810T083047Z_a64a65577ccc_stage08_b02_formal_a203000c/operator_input_evidence_triang_not_applicable_20260810T083047Z_a64a65577ccc_stage08_b02_formal_a203000c.csv","20260810T083047Z_a64a65577ccc_stage08_b02_formal_a203000c","triang__triang_fp16_10e4__76494d2bef81be4b__periodic","triang",,,,,,,,,,,,,,,"window_positions","[10000]","INDEX_INT64","10000","implicit_window_index_domain(no_materialized_array)","i=0:position=0;i=1:position=1;i=2:position=2;i=3:position=3;i=9998:position=9998;i=9999:position=9999","PASS","OK"
"stage08","stage08_input_preview_b02_triang_a64a65577ccc","formal","dtype_and_input_contract","runs/stage08_input_preview_b02_triang_a64a65577ccc/formal/20260810T083048Z_a64a65577ccc_stage08_b02_formal_a203000d/operator_dtype_evidence_triang_not_applicable_20260810T083048Z_a64a65577ccc_stage08_b02_formal_a203000d.csv","20260810T083048Z_a64a65577ccc_stage08_b02_formal_a203000d","triang__triang_int32_10e2__7f7d081aa0af5dfa__sym","triang","INT32","INT32","request_variant_no_typed_data_input","0","length:INT32=100|sym:BOOL=true",,"[{""input_name"":""window_positions"",""shape"":""[100]"",""dtype"":""INDEX_INT64"",""element_count"":""100"",""generator"":""implicit_window_index_domain(no_materialized_array)"",""preview_head4_tail2"":""i=0:position=0;i=1:position=1;i=2:position=2;i=3:position=3;i=98:position=98;i=99:position=99""}]","{""length"":100,""requested_dtype"":""INT32"",""sym"":true,""dtype_semantics"":""request_variant_no_typed_data_input"",""typed_input_names"":""none""}","7f7d081aa0af5dfac9cbd2114e6e1ae81fa1069a67d6310ffd6db02c7f813864",,,,"FP64",,,,,,,,"PASS","OK"
"stage08","stage08_input_preview_b02_triang_a64a65577ccc","formal","input_preview","runs/stage08_input_preview_b02_triang_a64a65577ccc/formal/20260810T083048Z_a64a65577ccc_stage08_b02_formal_a203000d/operator_input_evidence_triang_not_applicable_20260810T083048Z_a64a65577ccc_stage08_b02_formal_a203000d.csv","20260810T083048Z_a64a65577ccc_stage08_b02_formal_a203000d","triang__triang_int32_10e2__7f7d081aa0af5dfa__sym","triang",,,,,,,,,,,,,,,"window_positions","[100]","INDEX_INT64","100","implicit_window_index_domain(no_materialized_array)","i=0:position=0;i=1:position=1;i=2:position=2;i=3:position=3;i=98:position=98;i=99:position=99","PASS","OK"
"stage08","stage08_input_preview_b02_triang_a64a65577ccc","formal","dtype_and_input_contract","runs/stage08_input_preview_b02_triang_a64a65577ccc/formal/20260810T083048Z_a64a65577ccc_stage08_b02_formal_a203000e/operator_dtype_evidence_triang_not_applicable_20260810T083048Z_a64a65577ccc_stage08_b02_formal_a203000e.csv","20260810T083048Z_a64a65577ccc_stage08_b02_formal_a203000e","triang__triang_int32_10e2__dcd591d59c1c4f03__periodic","triang","INT32","INT32","request_variant_no_typed_data_input","0","length:INT32=100|sym:BOOL=false",,"[{""input_name"":""window_positions"",""shape"":""[100]"",""dtype"":""INDEX_INT64"",""element_count"":""100"",""generator"":""implicit_window_index_domain(no_materialized_array)"",""preview_head4_tail2"":""i=0:position=0;i=1:position=1;i=2:position=2;i=3:position=3;i=98:position=98;i=99:position=99""}]","{""length"":100,""requested_dtype"":""INT32"",""sym"":false,""dtype_semantics"":""request_variant_no_typed_data_input"",""typed_input_names"":""none""}","dcd591d59c1c4f0312f128d800410df4856990f61a8c1880dc74ce18946cc2c7",,,,"FP64",,,,,,,,"PASS","OK"
"stage08","stage08_input_preview_b02_triang_a64a65577ccc","formal","input_preview","runs/stage08_input_preview_b02_triang_a64a65577ccc/formal/20260810T083048Z_a64a65577ccc_stage08_b02_formal_a203000e/operator_input_evidence_triang_not_applicable_20260810T083048Z_a64a65577ccc_stage08_b02_formal_a203000e.csv","20260810T083048Z_a64a65577ccc_stage08_b02_formal_a203000e","triang__triang_int32_10e2__dcd591d59c1c4f03__periodic","triang",,,,,,,,,,,,,,,"window_positions","[100]","INDEX_INT64","100","implicit_window_index_domain(no_materialized_array)","i=0:position=0;i=1:position=1;i=2:position=2;i=3:position=3;i=98:position=98;i=99:position=99","PASS","OK"
"stage08","stage08_input_preview_b02_triang_a64a65577ccc","formal","dtype_and_input_contract","runs/stage08_input_preview_b02_triang_a64a65577ccc/formal/20260810T083048Z_a64a65577ccc_stage08_b02_formal_a203000f/operator_dtype_evidence_triang_not_applicable_20260810T083048Z_a64a65577ccc_stage08_b02_formal_a203000f.csv","20260810T083048Z_a64a65577ccc_stage08_b02_formal_a203000f","triang__triang_int32_10e3__6da158ece72508d2__sym","triang","INT32","INT32","request_variant_no_typed_data_input","0","length:INT32=1000|sym:BOOL=true",,"[{""input_name"":""window_positions"",""shape"":""[1000]"",""dtype"":""INDEX_INT64"",""element_count"":""1000"",""generator"":""implicit_window_index_domain(no_materialized_array)"",""preview_head4_tail2"":""i=0:position=0;i=1:position=1;i=2:position=2;i=3:position=3;i=998:position=998;i=999:position=999""}]","{""length"":1000,""requested_dtype"":""INT32"",""sym"":true,""dtype_semantics"":""request_variant_no_typed_data_input"",""typed_input_names"":""none""}","6da158ece72508d29649124d2d289624f6020920ecb9c5233ac6aa50ef535fe7",,,,"FP64",,,,,,,,"PASS","OK"
"stage08","stage08_input_preview_b02_triang_a64a65577ccc","formal","input_preview","runs/stage08_input_preview_b02_triang_a64a65577ccc/formal/20260810T083048Z_a64a65577ccc_stage08_b02_formal_a203000f/operator_input_evidence_triang_not_applicable_20260810T083048Z_a64a65577ccc_stage08_b02_formal_a203000f.csv","20260810T083048Z_a64a65577ccc_stage08_b02_formal_a203000f","triang__triang_int32_10e3__6da158ece72508d2__sym","triang",,,,,,,,,,,,,,,"window_positions","[1000]","INDEX_INT64","1000","implicit_window_index_domain(no_materialized_array)","i=0:position=0;i=1:position=1;i=2:position=2;i=3:position=3;i=998:position=998;i=999:position=999","PASS","OK"
"stage08","stage08_input_preview_b02_triang_a64a65577ccc","formal","dtype_and_input_contract","runs/stage08_input_preview_b02_triang_a64a65577ccc/formal/20260810T083048Z_a64a65577ccc_stage08_b02_formal_a2030010/operator_dtype_evidence_triang_not_applicable_20260810T083048Z_a64a65577ccc_stage08_b02_formal_a2030010.csv","20260810T083048Z_a64a65577ccc_stage08_b02_formal_a2030010","triang__triang_int32_10e3__2c38ec22bc77639b__periodic","triang","INT32","INT32","request_variant_no_typed_data_input","0","length:INT32=1000|sym:BOOL=false",,"[{""input_name"":""window_positions"",""shape"":""[1000]"",""dtype"":""INDEX_INT64"",""element_count"":""1000"",""generator"":""implicit_window_index_domain(no_materialized_array)"",""preview_head4_tail2"":""i=0:position=0;i=1:position=1;i=2:position=2;i=3:position=3;i=998:position=998;i=999:position=999""}]","{""length"":1000,""requested_dtype"":""INT32"",""sym"":false,""dtype_semantics"":""request_variant_no_typed_data_input"",""typed_input_names"":""none""}","2c38ec22bc77639b93e2a6d9754d3f2496f591bfbe0e68f1bc4d9177dfcd796d",,,,"FP64",,,,,,,,"PASS","OK"
"stage08","stage08_input_preview_b02_triang_a64a65577ccc","formal","input_preview","runs/stage08_input_preview_b02_triang_a64a65577ccc/formal/20260810T083048Z_a64a65577ccc_stage08_b02_formal_a2030010/operator_input_evidence_triang_not_applicable_20260810T083048Z_a64a65577ccc_stage08_b02_formal_a2030010.csv","20260810T083048Z_a64a65577ccc_stage08_b02_formal_a2030010","triang__triang_int32_10e3__2c38ec22bc77639b__periodic","triang",,,,,,,,,,,,,,,"window_positions","[1000]","INDEX_INT64","1000","implicit_window_index_domain(no_materialized_array)","i=0:position=0;i=1:position=1;i=2:position=2;i=3:position=3;i=998:position=998;i=999:position=999","PASS","OK"
"stage08","stage08_input_preview_b02_triang_a64a65577ccc","formal","dtype_and_input_contract","runs/stage08_input_preview_b02_triang_a64a65577ccc/formal/20260810T083048Z_a64a65577ccc_stage08_b02_formal_a2030011/operator_dtype_evidence_triang_not_applicable_20260810T083048Z_a64a65577ccc_stage08_b02_formal_a2030011.csv","20260810T083048Z_a64a65577ccc_stage08_b02_formal_a2030011","triang__triang_int32_10e4__cadad88e333e0a70__sym","triang","INT32","INT32","request_variant_no_typed_data_input","0","length:INT32=10000|sym:BOOL=true",,"[{""input_name"":""window_positions"",""shape"":""[10000]"",""dtype"":""INDEX_INT64"",""element_count"":""10000"",""generator"":""implicit_window_index_domain(no_materialized_array)"",""preview_head4_tail2"":""i=0:position=0;i=1:position=1;i=2:position=2;i=3:position=3;i=9998:position=9998;i=9999:position=9999""}]","{""length"":10000,""requested_dtype"":""INT32"",""sym"":true,""dtype_semantics"":""request_variant_no_typed_data_input"",""typed_input_names"":""none""}","cadad88e333e0a70670079f972e771752bdabf67365c62ae56f8a799cc6ee292",,,,"FP64",,,,,,,,"PASS","OK"
"stage08","stage08_input_preview_b02_triang_a64a65577ccc","formal","input_preview","runs/stage08_input_preview_b02_triang_a64a65577ccc/formal/20260810T083048Z_a64a65577ccc_stage08_b02_formal_a2030011/operator_input_evidence_triang_not_applicable_20260810T083048Z_a64a65577ccc_stage08_b02_formal_a2030011.csv","20260810T083048Z_a64a65577ccc_stage08_b02_formal_a2030011","triang__triang_int32_10e4__cadad88e333e0a70__sym","triang",,,,,,,,,,,,,,,"window_positions","[10000]","INDEX_INT64","10000","implicit_window_index_domain(no_materialized_array)","i=0:position=0;i=1:position=1;i=2:position=2;i=3:position=3;i=9998:position=9998;i=9999:position=9999","PASS","OK"
"stage08","stage08_input_preview_b02_triang_a64a65577ccc","formal","dtype_and_input_contract","runs/stage08_input_preview_b02_triang_a64a65577ccc/formal/20260810T083048Z_a64a65577ccc_stage08_b02_formal_a2030012/operator_dtype_evidence_triang_not_applicable_20260810T083048Z_a64a65577ccc_stage08_b02_formal_a2030012.csv","20260810T083048Z_a64a65577ccc_stage08_b02_formal_a2030012","triang__triang_int32_10e4__76494d2bef81be4b__periodic","triang","INT32","INT32","request_variant_no_typed_data_input","0","length:INT32=10000|sym:BOOL=false",,"[{""input_name"":""window_positions"",""shape"":""[10000]"",""dtype"":""INDEX_INT64"",""element_count"":""10000"",""generator"":""implicit_window_index_domain(no_materialized_array)"",""preview_head4_tail2"":""i=0:position=0;i=1:position=1;i=2:position=2;i=3:position=3;i=9998:position=9998;i=9999:position=9999""}]","{""length"":10000,""requested_dtype"":""INT32"",""sym"":false,""dtype_semantics"":""request_variant_no_typed_data_input"",""typed_input_names"":""none""}","76494d2bef81be4babb51863b4a08c8e06a6b0ede8b9d8b479d3302163638ae0",,,,"FP64",,,,,,,,"PASS","OK"
"stage08","stage08_input_preview_b02_triang_a64a65577ccc","formal","input_preview","runs/stage08_input_preview_b02_triang_a64a65577ccc/formal/20260810T083048Z_a64a65577ccc_stage08_b02_formal_a2030012/operator_input_evidence_triang_not_applicable_20260810T083048Z_a64a65577ccc_stage08_b02_formal_a2030012.csv","20260810T083048Z_a64a65577ccc_stage08_b02_formal_a2030012","triang__triang_int32_10e4__76494d2bef81be4b__periodic","triang",,,,,,,,,,,,,,,"window_positions","[10000]","INDEX_INT64","10000","implicit_window_index_domain(no_materialized_array)","i=0:position=0;i=1:position=1;i=2:position=2;i=3:position=3;i=9998:position=9998;i=9999:position=9999","PASS","OK"
"stage08","stage08_input_preview_b02_triang_a64a65577ccc","formal","dtype_and_input_contract","runs/stage08_input_preview_b02_triang_a64a65577ccc/formal/20260810T083048Z_a64a65577ccc_stage08_b02_formal_a2030013/operator_dtype_evidence_triang_not_applicable_20260810T083048Z_a64a65577ccc_stage08_b02_formal_a2030013.csv","20260810T083048Z_a64a65577ccc_stage08_b02_formal_a2030013","triang__triang_int16_10e2__7f7d081aa0af5dfa__sym","triang","INT16","INT16","request_variant_no_typed_data_input","0","length:INT32=100|sym:BOOL=true",,"[{""input_name"":""window_positions"",""shape"":""[100]"",""dtype"":""INDEX_INT64"",""element_count"":""100"",""generator"":""implicit_window_index_domain(no_materialized_array)"",""preview_head4_tail2"":""i=0:position=0;i=1:position=1;i=2:position=2;i=3:position=3;i=98:position=98;i=99:position=99""}]","{""length"":100,""requested_dtype"":""INT16"",""sym"":true,""dtype_semantics"":""request_variant_no_typed_data_input"",""typed_input_names"":""none""}","7f7d081aa0af5dfac9cbd2114e6e1ae81fa1069a67d6310ffd6db02c7f813864",,,,"FP64",,,,,,,,"PASS","OK"
"stage08","stage08_input_preview_b02_triang_a64a65577ccc","formal","input_preview","runs/stage08_input_preview_b02_triang_a64a65577ccc/formal/20260810T083048Z_a64a65577ccc_stage08_b02_formal_a2030013/operator_input_evidence_triang_not_applicable_20260810T083048Z_a64a65577ccc_stage08_b02_formal_a2030013.csv","20260810T083048Z_a64a65577ccc_stage08_b02_formal_a2030013","triang__triang_int16_10e2__7f7d081aa0af5dfa__sym","triang",,,,,,,,,,,,,,,"window_positions","[100]","INDEX_INT64","100","implicit_window_index_domain(no_materialized_array)","i=0:position=0;i=1:position=1;i=2:position=2;i=3:position=3;i=98:position=98;i=99:position=99","PASS","OK"
"stage08","stage08_input_preview_b02_triang_a64a65577ccc","formal","dtype_and_input_contract","runs/stage08_input_preview_b02_triang_a64a65577ccc/formal/20260810T083048Z_a64a65577ccc_stage08_b02_formal_a2030014/operator_dtype_evidence_triang_not_applicable_20260810T083048Z_a64a65577ccc_stage08_b02_formal_a2030014.csv","20260810T083048Z_a64a65577ccc_stage08_b02_formal_a2030014","triang__triang_int16_10e2__dcd591d59c1c4f03__periodic","triang","INT16","INT16","request_variant_no_typed_data_input","0","length:INT32=100|sym:BOOL=false",,"[{""input_name"":""window_positions"",""shape"":""[100]"",""dtype"":""INDEX_INT64"",""element_count"":""100"",""generator"":""implicit_window_index_domain(no_materialized_array)"",""preview_head4_tail2"":""i=0:position=0;i=1:position=1;i=2:position=2;i=3:position=3;i=98:position=98;i=99:position=99""}]","{""length"":100,""requested_dtype"":""INT16"",""sym"":false,""dtype_semantics"":""request_variant_no_typed_data_input"",""typed_input_names"":""none""}","dcd591d59c1c4f0312f128d800410df4856990f61a8c1880dc74ce18946cc2c7",,,,"FP64",,,,,,,,"PASS","OK"
"stage08","stage08_input_preview_b02_triang_a64a65577ccc","formal","input_preview","runs/stage08_input_preview_b02_triang_a64a65577ccc/formal/20260810T083048Z_a64a65577ccc_stage08_b02_formal_a2030014/operator_input_evidence_triang_not_applicable_20260810T083048Z_a64a65577ccc_stage08_b02_formal_a2030014.csv","20260810T083048Z_a64a65577ccc_stage08_b02_formal_a2030014","triang__triang_int16_10e2__dcd591d59c1c4f03__periodic","triang",,,,,,,,,,,,,,,"window_positions","[100]","INDEX_INT64","100","implicit_window_index_domain(no_materialized_array)","i=0:position=0;i=1:position=1;i=2:position=2;i=3:position=3;i=98:position=98;i=99:position=99","PASS","OK"
"stage08","stage08_input_preview_b02_triang_a64a65577ccc","formal","dtype_and_input_contract","runs/stage08_input_preview_b02_triang_a64a65577ccc/formal/20260810T083049Z_a64a65577ccc_stage08_b02_formal_a2030015/operator_dtype_evidence_triang_not_applicable_20260810T083049Z_a64a65577ccc_stage08_b02_formal_a2030015.csv","20260810T083049Z_a64a65577ccc_stage08_b02_formal_a2030015","triang__triang_int16_10e3__6da158ece72508d2__sym","triang","INT16","INT16","request_variant_no_typed_data_input","0","length:INT32=1000|sym:BOOL=true",,"[{""input_name"":""window_positions"",""shape"":""[1000]"",""dtype"":""INDEX_INT64"",""element_count"":""1000"",""generator"":""implicit_window_index_domain(no_materialized_array)"",""preview_head4_tail2"":""i=0:position=0;i=1:position=1;i=2:position=2;i=3:position=3;i=998:position=998;i=999:position=999""}]","{""length"":1000,""requested_dtype"":""INT16"",""sym"":true,""dtype_semantics"":""request_variant_no_typed_data_input"",""typed_input_names"":""none""}","6da158ece72508d29649124d2d289624f6020920ecb9c5233ac6aa50ef535fe7",,,,"FP64",,,,,,,,"PASS","OK"
"stage08","stage08_input_preview_b02_triang_a64a65577ccc","formal","input_preview","runs/stage08_input_preview_b02_triang_a64a65577ccc/formal/20260810T083049Z_a64a65577ccc_stage08_b02_formal_a2030015/operator_input_evidence_triang_not_applicable_20260810T083049Z_a64a65577ccc_stage08_b02_formal_a2030015.csv","20260810T083049Z_a64a65577ccc_stage08_b02_formal_a2030015","triang__triang_int16_10e3__6da158ece72508d2__sym","triang",,,,,,,,,,,,,,,"window_positions","[1000]","INDEX_INT64","1000","implicit_window_index_domain(no_materialized_array)","i=0:position=0;i=1:position=1;i=2:position=2;i=3:position=3;i=998:position=998;i=999:position=999","PASS","OK"
"stage08","stage08_input_preview_b02_triang_a64a65577ccc","formal","dtype_and_input_contract","runs/stage08_input_preview_b02_triang_a64a65577ccc/formal/20260810T083049Z_a64a65577ccc_stage08_b02_formal_a2030016/operator_dtype_evidence_triang_not_applicable_20260810T083049Z_a64a65577ccc_stage08_b02_formal_a2030016.csv","20260810T083049Z_a64a65577ccc_stage08_b02_formal_a2030016","triang__triang_int16_10e3__2c38ec22bc77639b__periodic","triang","INT16","INT16","request_variant_no_typed_data_input","0","length:INT32=1000|sym:BOOL=false",,"[{""input_name"":""window_positions"",""shape"":""[1000]"",""dtype"":""INDEX_INT64"",""element_count"":""1000"",""generator"":""implicit_window_index_domain(no_materialized_array)"",""preview_head4_tail2"":""i=0:position=0;i=1:position=1;i=2:position=2;i=3:position=3;i=998:position=998;i=999:position=999""}]","{""length"":1000,""requested_dtype"":""INT16"",""sym"":false,""dtype_semantics"":""request_variant_no_typed_data_input"",""typed_input_names"":""none""}","2c38ec22bc77639b93e2a6d9754d3f2496f591bfbe0e68f1bc4d9177dfcd796d",,,,"FP64",,,,,,,,"PASS","OK"
"stage08","stage08_input_preview_b02_triang_a64a65577ccc","formal","input_preview","runs/stage08_input_preview_b02_triang_a64a65577ccc/formal/20260810T083049Z_a64a65577ccc_stage08_b02_formal_a2030016/operator_input_evidence_triang_not_applicable_20260810T083049Z_a64a65577ccc_stage08_b02_formal_a2030016.csv","20260810T083049Z_a64a65577ccc_stage08_b02_formal_a2030016","triang__triang_int16_10e3__2c38ec22bc77639b__periodic","triang",,,,,,,,,,,,,,,"window_positions","[1000]","INDEX_INT64","1000","implicit_window_index_domain(no_materialized_array)","i=0:position=0;i=1:position=1;i=2:position=2;i=3:position=3;i=998:position=998;i=999:position=999","PASS","OK"
"stage08","stage08_input_preview_b02_triang_a64a65577ccc","formal","dtype_and_input_contract","runs/stage08_input_preview_b02_triang_a64a65577ccc/formal/20260810T083049Z_a64a65577ccc_stage08_b02_formal_a2030017/operator_dtype_evidence_triang_not_applicable_20260810T083049Z_a64a65577ccc_stage08_b02_formal_a2030017.csv","20260810T083049Z_a64a65577ccc_stage08_b02_formal_a2030017","triang__triang_int16_10e4__cadad88e333e0a70__sym","triang","INT16","INT16","request_variant_no_typed_data_input","0","length:INT32=10000|sym:BOOL=true",,"[{""input_name"":""window_positions"",""shape"":""[10000]"",""dtype"":""INDEX_INT64"",""element_count"":""10000"",""generator"":""implicit_window_index_domain(no_materialized_array)"",""preview_head4_tail2"":""i=0:position=0;i=1:position=1;i=2:position=2;i=3:position=3;i=9998:position=9998;i=9999:position=9999""}]","{""length"":10000,""requested_dtype"":""INT16"",""sym"":true,""dtype_semantics"":""request_variant_no_typed_data_input"",""typed_input_names"":""none""}","cadad88e333e0a70670079f972e771752bdabf67365c62ae56f8a799cc6ee292",,,,"FP64",,,,,,,,"PASS","OK"
"stage08","stage08_input_preview_b02_triang_a64a65577ccc","formal","input_preview","runs/stage08_input_preview_b02_triang_a64a65577ccc/formal/20260810T083049Z_a64a65577ccc_stage08_b02_formal_a2030017/operator_input_evidence_triang_not_applicable_20260810T083049Z_a64a65577ccc_stage08_b02_formal_a2030017.csv","20260810T083049Z_a64a65577ccc_stage08_b02_formal_a2030017","triang__triang_int16_10e4__cadad88e333e0a70__sym","triang",,,,,,,,,,,,,,,"window_positions","[10000]","INDEX_INT64","10000","implicit_window_index_domain(no_materialized_array)","i=0:position=0;i=1:position=1;i=2:position=2;i=3:position=3;i=9998:position=9998;i=9999:position=9999","PASS","OK"
"stage08","stage08_input_preview_b02_triang_a64a65577ccc","formal","dtype_and_input_contract","runs/stage08_input_preview_b02_triang_a64a65577ccc/formal/20260810T083049Z_a64a65577ccc_stage08_b02_formal_a2030018/operator_dtype_evidence_triang_not_applicable_20260810T083049Z_a64a65577ccc_stage08_b02_formal_a2030018.csv","20260810T083049Z_a64a65577ccc_stage08_b02_formal_a2030018","triang__triang_int16_10e4__76494d2bef81be4b__periodic","triang","INT16","INT16","request_variant_no_typed_data_input","0","length:INT32=10000|sym:BOOL=false",,"[{""input_name"":""window_positions"",""shape"":""[10000]"",""dtype"":""INDEX_INT64"",""element_count"":""10000"",""generator"":""implicit_window_index_domain(no_materialized_array)"",""preview_head4_tail2"":""i=0:position=0;i=1:position=1;i=2:position=2;i=3:position=3;i=9998:position=9998;i=9999:position=9999""}]","{""length"":10000,""requested_dtype"":""INT16"",""sym"":false,""dtype_semantics"":""request_variant_no_typed_data_input"",""typed_input_names"":""none""}","76494d2bef81be4babb51863b4a08c8e06a6b0ede8b9d8b479d3302163638ae0",,,,"FP64",,,,,,,,"PASS","OK"
"stage08","stage08_input_preview_b02_triang_a64a65577ccc","formal","input_preview","runs/stage08_input_preview_b02_triang_a64a65577ccc/formal/20260810T083049Z_a64a65577ccc_stage08_b02_formal_a2030018/operator_input_evidence_triang_not_applicable_20260810T083049Z_a64a65577ccc_stage08_b02_formal_a2030018.csv","20260810T083049Z_a64a65577ccc_stage08_b02_formal_a2030018","triang__triang_int16_10e4__76494d2bef81be4b__periodic","triang",,,,,,,,,,,,,,,"window_positions","[10000]","INDEX_INT64","10000","implicit_window_index_domain(no_materialized_array)","i=0:position=0;i=1:position=1;i=2:position=2;i=3:position=3;i=9998:position=9998;i=9999:position=9999","PASS","OK"
"stage08","stage08_input_preview_b02_triang_a64a65577ccc","formal","dtype_and_input_contract","runs/stage08_input_preview_b02_triang_a64a65577ccc/formal/20260810T083049Z_a64a65577ccc_stage08_b02_formal_a2030019/operator_dtype_evidence_triang_not_applicable_20260810T083049Z_a64a65577ccc_stage08_b02_formal_a2030019.csv","20260810T083049Z_a64a65577ccc_stage08_b02_formal_a2030019","triang__triang_int8_10e2__7f7d081aa0af5dfa__sym","triang","INT8","INT8","request_variant_no_typed_data_input","0","length:INT32=100|sym:BOOL=true",,"[{""input_name"":""window_positions"",""shape"":""[100]"",""dtype"":""INDEX_INT64"",""element_count"":""100"",""generator"":""implicit_window_index_domain(no_materialized_array)"",""preview_head4_tail2"":""i=0:position=0;i=1:position=1;i=2:position=2;i=3:position=3;i=98:position=98;i=99:position=99""}]","{""length"":100,""requested_dtype"":""INT8"",""sym"":true,""dtype_semantics"":""request_variant_no_typed_data_input"",""typed_input_names"":""none""}","7f7d081aa0af5dfac9cbd2114e6e1ae81fa1069a67d6310ffd6db02c7f813864",,,,"FP64",,,,,,,,"PASS","OK"
"stage08","stage08_input_preview_b02_triang_a64a65577ccc","formal","input_preview","runs/stage08_input_preview_b02_triang_a64a65577ccc/formal/20260810T083049Z_a64a65577ccc_stage08_b02_formal_a2030019/operator_input_evidence_triang_not_applicable_20260810T083049Z_a64a65577ccc_stage08_b02_formal_a2030019.csv","20260810T083049Z_a64a65577ccc_stage08_b02_formal_a2030019","triang__triang_int8_10e2__7f7d081aa0af5dfa__sym","triang",,,,,,,,,,,,,,,"window_positions","[100]","INDEX_INT64","100","implicit_window_index_domain(no_materialized_array)","i=0:position=0;i=1:position=1;i=2:position=2;i=3:position=3;i=98:position=98;i=99:position=99","PASS","OK"
"stage08","stage08_input_preview_b02_triang_a64a65577ccc","formal","dtype_and_input_contract","runs/stage08_input_preview_b02_triang_a64a65577ccc/formal/20260810T083049Z_a64a65577ccc_stage08_b02_formal_a203001a/operator_dtype_evidence_triang_not_applicable_20260810T083049Z_a64a65577ccc_stage08_b02_formal_a203001a.csv","20260810T083049Z_a64a65577ccc_stage08_b02_formal_a203001a","triang__triang_int8_10e2__dcd591d59c1c4f03__periodic","triang","INT8","INT8","request_variant_no_typed_data_input","0","length:INT32=100|sym:BOOL=false",,"[{""input_name"":""window_positions"",""shape"":""[100]"",""dtype"":""INDEX_INT64"",""element_count"":""100"",""generator"":""implicit_window_index_domain(no_materialized_array)"",""preview_head4_tail2"":""i=0:position=0;i=1:position=1;i=2:position=2;i=3:position=3;i=98:position=98;i=99:position=99""}]","{""length"":100,""requested_dtype"":""INT8"",""sym"":false,""dtype_semantics"":""request_variant_no_typed_data_input"",""typed_input_names"":""none""}","dcd591d59c1c4f0312f128d800410df4856990f61a8c1880dc74ce18946cc2c7",,,,"FP64",,,,,,,,"PASS","OK"
"stage08","stage08_input_preview_b02_triang_a64a65577ccc","formal","input_preview","runs/stage08_input_preview_b02_triang_a64a65577ccc/formal/20260810T083049Z_a64a65577ccc_stage08_b02_formal_a203001a/operator_input_evidence_triang_not_applicable_20260810T083049Z_a64a65577ccc_stage08_b02_formal_a203001a.csv","20260810T083049Z_a64a65577ccc_stage08_b02_formal_a203001a","triang__triang_int8_10e2__dcd591d59c1c4f03__periodic","triang",,,,,,,,,,,,,,,"window_positions","[100]","INDEX_INT64","100","implicit_window_index_domain(no_materialized_array)","i=0:position=0;i=1:position=1;i=2:position=2;i=3:position=3;i=98:position=98;i=99:position=99","PASS","OK"
"stage08","stage08_input_preview_b02_triang_a64a65577ccc","formal","dtype_and_input_contract","runs/stage08_input_preview_b02_triang_a64a65577ccc/formal/20260810T083049Z_a64a65577ccc_stage08_b02_formal_a203001b/operator_dtype_evidence_triang_not_applicable_20260810T083049Z_a64a65577ccc_stage08_b02_formal_a203001b.csv","20260810T083049Z_a64a65577ccc_stage08_b02_formal_a203001b","triang__triang_int8_10e3__6da158ece72508d2__sym","triang","INT8","INT8","request_variant_no_typed_data_input","0","length:INT32=1000|sym:BOOL=true",,"[{""input_name"":""window_positions"",""shape"":""[1000]"",""dtype"":""INDEX_INT64"",""element_count"":""1000"",""generator"":""implicit_window_index_domain(no_materialized_array)"",""preview_head4_tail2"":""i=0:position=0;i=1:position=1;i=2:position=2;i=3:position=3;i=998:position=998;i=999:position=999""}]","{""length"":1000,""requested_dtype"":""INT8"",""sym"":true,""dtype_semantics"":""request_variant_no_typed_data_input"",""typed_input_names"":""none""}","6da158ece72508d29649124d2d289624f6020920ecb9c5233ac6aa50ef535fe7",,,,"FP64",,,,,,,,"PASS","OK"
"stage08","stage08_input_preview_b02_triang_a64a65577ccc","formal","input_preview","runs/stage08_input_preview_b02_triang_a64a65577ccc/formal/20260810T083049Z_a64a65577ccc_stage08_b02_formal_a203001b/operator_input_evidence_triang_not_applicable_20260810T083049Z_a64a65577ccc_stage08_b02_formal_a203001b.csv","20260810T083049Z_a64a65577ccc_stage08_b02_formal_a203001b","triang__triang_int8_10e3__6da158ece72508d2__sym","triang",,,,,,,,,,,,,,,"window_positions","[1000]","INDEX_INT64","1000","implicit_window_index_domain(no_materialized_array)","i=0:position=0;i=1:position=1;i=2:position=2;i=3:position=3;i=998:position=998;i=999:position=999","PASS","OK"
"stage08","stage08_input_preview_b02_triang_a64a65577ccc","formal","dtype_and_input_contract","runs/stage08_input_preview_b02_triang_a64a65577ccc/formal/20260810T083049Z_a64a65577ccc_stage08_b02_formal_a203001c/operator_dtype_evidence_triang_not_applicable_20260810T083049Z_a64a65577ccc_stage08_b02_formal_a203001c.csv","20260810T083049Z_a64a65577ccc_stage08_b02_formal_a203001c","triang__triang_int8_10e3__2c38ec22bc77639b__periodic","triang","INT8","INT8","request_variant_no_typed_data_input","0","length:INT32=1000|sym:BOOL=false",,"[{""input_name"":""window_positions"",""shape"":""[1000]"",""dtype"":""INDEX_INT64"",""element_count"":""1000"",""generator"":""implicit_window_index_domain(no_materialized_array)"",""preview_head4_tail2"":""i=0:position=0;i=1:position=1;i=2:position=2;i=3:position=3;i=998:position=998;i=999:position=999""}]","{""length"":1000,""requested_dtype"":""INT8"",""sym"":false,""dtype_semantics"":""request_variant_no_typed_data_input"",""typed_input_names"":""none""}","2c38ec22bc77639b93e2a6d9754d3f2496f591bfbe0e68f1bc4d9177dfcd796d",,,,"FP64",,,,,,,,"PASS","OK"
"stage08","stage08_input_preview_b02_triang_a64a65577ccc","formal","input_preview","runs/stage08_input_preview_b02_triang_a64a65577ccc/formal/20260810T083049Z_a64a65577ccc_stage08_b02_formal_a203001c/operator_input_evidence_triang_not_applicable_20260810T083049Z_a64a65577ccc_stage08_b02_formal_a203001c.csv","20260810T083049Z_a64a65577ccc_stage08_b02_formal_a203001c","triang__triang_int8_10e3__2c38ec22bc77639b__periodic","triang",,,,,,,,,,,,,,,"window_positions","[1000]","INDEX_INT64","1000","implicit_window_index_domain(no_materialized_array)","i=0:position=0;i=1:position=1;i=2:position=2;i=3:position=3;i=998:position=998;i=999:position=999","PASS","OK"
"stage08","stage08_input_preview_b02_triang_a64a65577ccc","formal","dtype_and_input_contract","runs/stage08_input_preview_b02_triang_a64a65577ccc/formal/20260810T083049Z_a64a65577ccc_stage08_b02_formal_a203001d/operator_dtype_evidence_triang_not_applicable_20260810T083049Z_a64a65577ccc_stage08_b02_formal_a203001d.csv","20260810T083049Z_a64a65577ccc_stage08_b02_formal_a203001d","triang__triang_int8_10e4__cadad88e333e0a70__sym","triang","INT8","INT8","request_variant_no_typed_data_input","0","length:INT32=10000|sym:BOOL=true",,"[{""input_name"":""window_positions"",""shape"":""[10000]"",""dtype"":""INDEX_INT64"",""element_count"":""10000"",""generator"":""implicit_window_index_domain(no_materialized_array)"",""preview_head4_tail2"":""i=0:position=0;i=1:position=1;i=2:position=2;i=3:position=3;i=9998:position=9998;i=9999:position=9999""}]","{""length"":10000,""requested_dtype"":""INT8"",""sym"":true,""dtype_semantics"":""request_variant_no_typed_data_input"",""typed_input_names"":""none""}","cadad88e333e0a70670079f972e771752bdabf67365c62ae56f8a799cc6ee292",,,,"FP64",,,,,,,,"PASS","OK"
"stage08","stage08_input_preview_b02_triang_a64a65577ccc","formal","input_preview","runs/stage08_input_preview_b02_triang_a64a65577ccc/formal/20260810T083049Z_a64a65577ccc_stage08_b02_formal_a203001d/operator_input_evidence_triang_not_applicable_20260810T083049Z_a64a65577ccc_stage08_b02_formal_a203001d.csv","20260810T083049Z_a64a65577ccc_stage08_b02_formal_a203001d","triang__triang_int8_10e4__cadad88e333e0a70__sym","triang",,,,,,,,,,,,,,,"window_positions","[10000]","INDEX_INT64","10000","implicit_window_index_domain(no_materialized_array)","i=0:position=0;i=1:position=1;i=2:position=2;i=3:position=3;i=9998:position=9998;i=9999:position=9999","PASS","OK"
"stage08","stage08_input_preview_b02_triang_a64a65577ccc","formal","dtype_and_input_contract","runs/stage08_input_preview_b02_triang_a64a65577ccc/formal/20260810T083050Z_a64a65577ccc_stage08_b02_formal_a203001e/operator_dtype_evidence_triang_not_applicable_20260810T083050Z_a64a65577ccc_stage08_b02_formal_a203001e.csv","20260810T083050Z_a64a65577ccc_stage08_b02_formal_a203001e","triang__triang_int8_10e4__76494d2bef81be4b__periodic","triang","INT8","INT8","request_variant_no_typed_data_input","0","length:INT32=10000|sym:BOOL=false",,"[{""input_name"":""window_positions"",""shape"":""[10000]"",""dtype"":""INDEX_INT64"",""element_count"":""10000"",""generator"":""implicit_window_index_domain(no_materialized_array)"",""preview_head4_tail2"":""i=0:position=0;i=1:position=1;i=2:position=2;i=3:position=3;i=9998:position=9998;i=9999:position=9999""}]","{""length"":10000,""requested_dtype"":""INT8"",""sym"":false,""dtype_semantics"":""request_variant_no_typed_data_input"",""typed_input_names"":""none""}","76494d2bef81be4babb51863b4a08c8e06a6b0ede8b9d8b479d3302163638ae0",,,,"FP64",,,,,,,,"PASS","OK"
"stage08","stage08_input_preview_b02_triang_a64a65577ccc","formal","input_preview","runs/stage08_input_preview_b02_triang_a64a65577ccc/formal/20260810T083050Z_a64a65577ccc_stage08_b02_formal_a203001e/operator_input_evidence_triang_not_applicable_20260810T083050Z_a64a65577ccc_stage08_b02_formal_a203001e.csv","20260810T083050Z_a64a65577ccc_stage08_b02_formal_a203001e","triang__triang_int8_10e4__76494d2bef81be4b__periodic","triang",,,,,,,,,,,,,,,"window_positions","[10000]","INDEX_INT64","10000","implicit_window_index_domain(no_materialized_array)","i=0:position=0;i=1:position=1;i=2:position=2;i=3:position=3;i=9998:position=9998;i=9999:position=9999","PASS","OK"
"stage08","stage08_input_preview_b03_channelize_poly_5bf09d215ce4","formal","dtype_and_input_contract","runs/stage08_input_preview_b03_channelize_poly_5bf09d215ce4/formal/20260810T073905Z_5bf09d215ce4_stage08_b03_formal_99010001/operator_dtype_evidence_channelize_poly_fft_thrust_20260810T073905Z_5bf09d215ce4_stage08_b03_formal_99010001.csv","20260810T073905Z_5bf09d215ce4_stage08_b03_formal_99010001","channelize_poly__channelize_poly_fp32_10e2__b6e2f353c8853cdd","channelize_poly","FP32",,"actual_typed_array_inputs_fp32_compute_extension","2","x:FP32:[128]:bytes=512:sha256=a77bf42e2c86562f8cfd734074f488b4350e3e3126ca2459470b118f5801366a|h:FP32:[32]:bytes=128:sha256=aad063f70d4795d46dda4bdd3a4ff1f1a1b6c0337ba403c3a232a38b759c87a3",,"[{""dtype"":""FP32"",""element_count"":""128"",""generator"":""modular_signal(seed=83010001,integral=false)"",""input_name"":""x"",""preview_head4_tail2"":""i=0:0;i=1:-1.5;i=2:2.75;i=3:1.25;i=126:0.75;i=127:-0.75"",""shape"":""[128]""},{""dtype"":""FP32"",""element_count"":""32"",""generator"":""modular_taps(seed=83010002,integral=false)"",""input_name"":""h"",""preview_head4_tail2"":""i=0:0.25;i=1:0;i=2:-0.25;i=3:-0.5;i=30:-0.5;i=31:0.375"",""shape"":""[32]""}]","{""dtype"":""FP32"",""h-count"":""32"",""n-chans"":""8"",""seed"":""83010001"",""x-count"":""128""}","b6e2f353c8853cddcf85e3c02d052280d158379ab9b9c415f42db9ed5e61d864","FP32",,"ComplexFP32","ComplexFP32",,,,,,,,"PASS","OK"
"stage08","stage08_input_preview_b03_channelize_poly_5bf09d215ce4","formal","dtype_and_input_contract","runs/stage08_input_preview_b03_channelize_poly_5bf09d215ce4/formal/20260810T073905Z_5bf09d215ce4_stage08_b03_formal_99010002/operator_dtype_evidence_channelize_poly_fft_thrust_20260810T073905Z_5bf09d215ce4_stage08_b03_formal_99010002.csv","20260810T073905Z_5bf09d215ce4_stage08_b03_formal_99010002","channelize_poly__channelize_poly_fp32_10e3__b71186f739fb4d74","channelize_poly","FP32",,"actual_typed_array_inputs_fp32_compute_extension","2","x:FP32:[1024]:bytes=4096:sha256=9d81eec7d1bce7aad6c9b919ec6908bdca9d2efd961e5317b3f23444671ca775|h:FP32:[64]:bytes=256:sha256=eca02de6e2ffa503b43e393c45ffc8b071fec6e11d17e88515d53a6418507ab3",,"[{""dtype"":""FP32"",""element_count"":""1024"",""generator"":""modular_signal(seed=83010002,integral=false)"",""input_name"":""x"",""preview_head4_tail2"":""i=0:0.25;i=1:-1.25;i=2:-2.75;i=3:1.5;i=1022:2.5;i=1023:1"",""shape"":""[1024]""},{""dtype"":""FP32"",""element_count"":""64"",""generator"":""modular_taps(seed=83010003,integral=false)"",""input_name"":""h"",""preview_head4_tail2"":""i=0:-0.5;i=1:0.375;i=2:0.125;i=3:-0.125;i=62:-0.25;i=63:-0.5"",""shape"":""[64]""}]","{""dtype"":""FP32"",""h-count"":""64"",""n-chans"":""8"",""seed"":""83010002"",""x-count"":""1024""}","b71186f739fb4d74e354dfb4c54ecc3f4eacbaf1254621470c3c8d3165e1c401","FP32",,"ComplexFP32","ComplexFP32",,,,,,,,"PASS","OK"
"stage08","stage08_input_preview_b03_channelize_poly_5bf09d215ce4","formal","dtype_and_input_contract","runs/stage08_input_preview_b03_channelize_poly_5bf09d215ce4/formal/20260810T073905Z_5bf09d215ce4_stage08_b03_formal_99010003/operator_dtype_evidence_channelize_poly_fft_thrust_20260810T073905Z_5bf09d215ce4_stage08_b03_formal_99010003.csv","20260810T073905Z_5bf09d215ce4_stage08_b03_formal_99010003","channelize_poly__channelize_poly_fp32_10e4__0b2c8ae2bdb0a103","channelize_poly","FP32",,"actual_typed_array_inputs_fp32_compute_extension","2","x:FP32:[16384]:bytes=65536:sha256=f7285680be2f6ffd990a8c328b27ee89acea5f228f8a667d01e13d2c1d7dbca3|h:FP32:[256]:bytes=1024:sha256=7948f4abffaddf89a66e7caf9ac271cfa2ab461100283f2e7a3b9708f46c4e48",,"[{""dtype"":""FP32"",""element_count"":""16384"",""generator"":""modular_signal(seed=83010003,integral=false)"",""input_name"":""x"",""preview_head4_tail2"":""i=0:0.5;i=1:-1;i=2:-2.5;i=3:1.75;i=16382:-2.75;i=16383:1.5"",""shape"":""[16384]""},{""dtype"":""FP32"",""element_count"":""256"",""generator"":""modular_taps(seed=83010004,integral=false)"",""input_name"":""h"",""preview_head4_tail2"":""i=0:-0.125;i=1:-0.375;i=2:0.5;i=3:0.25;i=254:0.5;i=255:0.25"",""shape"":""[256]""}]","{""dtype"":""FP32"",""h-count"":""256"",""n-chans"":""16"",""seed"":""83010003"",""x-count"":""16384""}","0b2c8ae2bdb0a103e6f264429c0e32b57591d75c9c92231f24f1dba29d470834","FP32",,"ComplexFP32","ComplexFP32",,,,,,,,"PASS","OK"
"stage08","stage08_input_preview_b03_channelize_poly_5bf09d215ce4","formal","dtype_and_input_contract","runs/stage08_input_preview_b03_channelize_poly_5bf09d215ce4/formal/20260810T073915Z_5bf09d215ce4_stage08_b03_formal_99010004/operator_dtype_evidence_channelize_poly_fft_thrust_20260810T073915Z_5bf09d215ce4_stage08_b03_formal_99010004.csv","20260810T073915Z_5bf09d215ce4_stage08_b03_formal_99010004","channelize_poly__channelize_poly_fp16_10e2__2ff5778de9c3c0fa","channelize_poly","FP16",,"actual_typed_array_inputs_fp32_compute_extension","2","x:FP16:[128]:bytes=256:sha256=8f05f4fdaafa58338d030f784f85d0b81058f29b03cced1724be9dbdc81859eb|h:FP16:[32]:bytes=64:sha256=bf2d8cbcb4c2ab03b14bfec75204e314be5a973d94a72b138414c0cc2b770c67",,"[{""dtype"":""FP16"",""element_count"":""128"",""generator"":""modular_signal(seed=83020001,integral=false)"",""input_name"":""x"",""preview_head4_tail2"":""i=0:-1.25;i=1:-2.75;i=2:1.5;i=3:0;i=126:-0.5;i=127:-2"",""shape"":""[128]""},{""dtype"":""FP16"",""element_count"":""32"",""generator"":""modular_taps(seed=83020002,integral=false)"",""input_name"":""h"",""preview_head4_tail2"":""i=0:-0.5;i=1:0.375;i=2:0.125;i=3:-0.125;i=30:-0.125;i=31:-0.375"",""shape"":""[32]""}]","{""dtype"":""FP16"",""h-count"":""32"",""n-chans"":""8"",""seed"":""83020001"",""x-count"":""128""}","2ff5778de9c3c0fa3a604e20277d5a9a5922c2f935b1ce2584bd8b29946562d3","FP32",,"ComplexFP32","ComplexFP32",,,,,,,,"PASS","OK"
"stage08","stage08_input_preview_b03_channelize_poly_5bf09d215ce4","formal","dtype_and_input_contract","runs/stage08_input_preview_b03_channelize_poly_5bf09d215ce4/formal/20260810T073915Z_5bf09d215ce4_stage08_b03_formal_99010005/operator_dtype_evidence_channelize_poly_fft_thrust_20260810T073915Z_5bf09d215ce4_stage08_b03_formal_99010005.csv","20260810T073915Z_5bf09d215ce4_stage08_b03_formal_99010005","channelize_poly__channelize_poly_fp16_10e3__d33e5a79a136f9ef","channelize_poly","FP16",,"actual_typed_array_inputs_fp32_compute_extension","2","x:FP16:[1024]:bytes=2048:sha256=fa9dd069e5bb755b401e6920fe3d03cb5397a9c54ae1fe59338d6b394ab99d8a|h:FP16:[64]:bytes=128:sha256=c00e35a85526d72d4964bda10503a045374491bd3b680e96bc0a61ffe67c570e",,"[{""dtype"":""FP16"",""element_count"":""1024"",""generator"":""modular_signal(seed=83020002,integral=false)"",""input_name"":""x"",""preview_head4_tail2"":""i=0:-1;i=1:-2.5;i=2:1.75;i=3:0.25;i=1022:1.25;i=1023:-0.25"",""shape"":""[1024]""},{""dtype"":""FP16"",""element_count"":""64"",""generator"":""modular_taps(seed=83020003,integral=false)"",""input_name"":""h"",""preview_head4_tail2"":""i=0:-0.125;i=1:-0.375;i=2:0.5;i=3:0.25;i=62:0.125;i=63:-0.125"",""shape"":""[64]""}]","{""dtype"":""FP16"",""h-count"":""64"",""n-chans"":""8"",""seed"":""83020002"",""x-count"":""1024""}","d33e5a79a136f9ef1e87982d6250c836e6470981430db1c7d9708b08a67c9c08","FP32",,"ComplexFP32","ComplexFP32",,,,,,,,"PASS","OK"
"stage08","stage08_input_preview_b03_channelize_poly_5bf09d215ce4","formal","dtype_and_input_contract","runs/stage08_input_preview_b03_channelize_poly_5bf09d215ce4/formal/20260810T073916Z_5bf09d215ce4_stage08_b03_formal_99010006/operator_dtype_evidence_channelize_poly_fft_thrust_20260810T073916Z_5bf09d215ce4_stage08_b03_formal_99010006.csv","20260810T073916Z_5bf09d215ce4_stage08_b03_formal_99010006","channelize_poly__channelize_poly_fp16_10e4__d8ee7bb4fec58752","channelize_poly","FP16",,"actual_typed_array_inputs_fp32_compute_extension","2","x:FP16:[16384]:bytes=32768:sha256=4a3b652e09d21e47e4c1b27ec83382207a2066cd99721fd2d8a29021841e640b|h:FP16:[256]:bytes=512:sha256=786f069c223ecb27a0c2b5d6b3ac5cfad33b290c2d2bd94450c16035e8928290",,"[{""dtype"":""FP16"",""element_count"":""16384"",""generator"":""modular_signal(seed=83020003,integral=false)"",""input_name"":""x"",""preview_head4_tail2"":""i=0:-0.75;i=1:-2.25;i=2:2;i=3:0.5;i=16382:1.75;i=16383:0.25"",""shape"":""[16384]""},{""dtype"":""FP16"",""element_count"":""256"",""generator"":""modular_taps(seed=83020004,integral=false)"",""input_name"":""h"",""preview_head4_tail2"":""i=0:0.25;i=1:0;i=2:-0.25;i=3:-0.5;i=254:-0.25;i=255:-0.5"",""shape"":""[256]""}]","{""dtype"":""FP16"",""h-count"":""256"",""n-chans"":""16"",""seed"":""83020003"",""x-count"":""16384""}","d8ee7bb4fec5875201220876224d7a3e234c661196ddfeafd609b775e9365021","FP32",,"ComplexFP32","ComplexFP32",,,,,,,,"PASS","OK"
"stage08","stage08_input_preview_b03_channelize_poly_5bf09d215ce4","formal","dtype_and_input_contract","runs/stage08_input_preview_b03_channelize_poly_5bf09d215ce4/formal/20260810T073942Z_5bf09d215ce4_stage08_b03_formal_99010007/operator_dtype_evidence_channelize_poly_fft_thrust_20260810T073942Z_5bf09d215ce4_stage08_b03_formal_99010007.csv","20260810T073942Z_5bf09d215ce4_stage08_b03_formal_99010007","channelize_poly__channelize_poly_int32_10e2__97f3ee30cd9ac943","channelize_poly","INT32",,"actual_typed_array_inputs_fp32_compute_extension","2","x:INT32:[128]:bytes=512:sha256=58e964a5c6b4087e524736df73b4d473207d113075a20ef1f645575b2dffb3a3|h:INT32:[32]:bytes=128:sha256=a535eea0719763e773297f2a8d0ee0994c9846b0a504b953a1d5768ed626ee1e",,"[{""dtype"":""INT32"",""element_count"":""128"",""generator"":""modular_signal(seed=83030001,integral=true)"",""input_name"":""x"",""preview_head4_tail2"":""i=0:-10;i=1:7;i=2:1;i=3:-5;i=126:-7;i=127:10"",""shape"":""[128]""},{""dtype"":""INT32"",""element_count"":""32"",""generator"":""modular_taps(seed=83030002,integral=true)"",""input_name"":""h"",""preview_head4_tail2"":""i=0:-1;i=1:-3;i=2:4;i=3:2;i=30:2;i=31:0"",""shape"":""[32]""}]","{""dtype"":""INT32"",""h-count"":""32"",""n-chans"":""8"",""seed"":""83030001"",""x-count"":""128""}","97f3ee30cd9ac943635144f243d175a37a9677b97c0ee08dbc680376b830e092","FP32",,"ComplexFP32","ComplexFP32",,,,,,,,"PASS","OK"
"stage08","stage08_input_preview_b03_channelize_poly_5bf09d215ce4","formal","dtype_and_input_contract","runs/stage08_input_preview_b03_channelize_poly_5bf09d215ce4/formal/20260810T073943Z_5bf09d215ce4_stage08_b03_formal_99010008/operator_dtype_evidence_channelize_poly_fft_thrust_20260810T073943Z_5bf09d215ce4_stage08_b03_formal_99010008.csv","20260810T073943Z_5bf09d215ce4_stage08_b03_formal_99010008","channelize_poly__channelize_poly_int32_10e3__3419666f653392f3","channelize_poly","INT32",,"actual_typed_array_inputs_fp32_compute_extension","2","x:INT32:[1024]:bytes=4096:sha256=e6d86123520f0503b1468868f9f663935a8616f7f9b3e2579a481aaccab586e7|h:INT32:[64]:bytes=256:sha256=2de2b8fc87f56302bd35a6a45e82633a6312a34d31941026b5cd1b0567adcf08",,"[{""dtype"":""INT32"",""element_count"":""1024"",""generator"":""modular_signal(seed=83030002,integral=true)"",""input_name"":""x"",""preview_head4_tail2"":""i=0:-9;i=1:8;i=2:2;i=3:-4;i=1022:0;i=1023:-6"",""shape"":""[1024]""},{""dtype"":""INT32"",""element_count"":""64"",""generator"":""modular_taps(seed=83030003,integral=true)"",""input_name"":""h"",""preview_head4_tail2"":""i=0:2;i=1:0;i=2:-2;i=3:-4;i=62:4;i=63:2"",""shape"":""[64]""}]","{""dtype"":""INT32"",""h-count"":""64"",""n-chans"":""8"",""seed"":""83030002"",""x-count"":""1024""}","3419666f653392f315509f9f102e8df95fed833a38f83df6d548ec1fd8d3d718","FP32",,"ComplexFP32","ComplexFP32",,,,,,,,"PASS","OK"
"stage08","stage08_input_preview_b03_channelize_poly_5bf09d215ce4","formal","dtype_and_input_contract","runs/stage08_input_preview_b03_channelize_poly_5bf09d215ce4/formal/20260810T073943Z_5bf09d215ce4_stage08_b03_formal_99010009/operator_dtype_evidence_channelize_poly_fft_thrust_20260810T073943Z_5bf09d215ce4_stage08_b03_formal_99010009.csv","20260810T073943Z_5bf09d215ce4_stage08_b03_formal_99010009","channelize_poly__channelize_poly_int32_10e4__31494cf4c7cb69ba","channelize_poly","INT32",,"actual_typed_array_inputs_fp32_compute_extension","2","x:INT32:[16384]:bytes=65536:sha256=2cb2c1301bae099cfc404784f3e269b1f7f70e1a5990a7742cd468844b19d31d|h:INT32:[256]:bytes=1024:sha256=f2d0746ee7781cb32a5ae6c88203ea72433a5a1b6cc1671b0efb37002dff9d58",,"[{""dtype"":""INT32"",""element_count"":""16384"",""generator"":""modular_signal(seed=83030003,integral=true)"",""input_name"":""x"",""preview_head4_tail2"":""i=0:-8;i=1:9;i=2:3;i=3:-3;i=16382:2;i=16383:-4"",""shape"":""[16384]""},{""dtype"":""INT32"",""element_count"":""256"",""generator"":""modular_taps(seed=83030004,integral=true)"",""input_name"":""h"",""preview_head4_tail2"":""i=0:-4;i=1:3;i=2:1;i=3:-1;i=254:1;i=255:-1"",""shape"":""[256]""}]","{""dtype"":""INT32"",""h-count"":""256"",""n-chans"":""16"",""seed"":""83030003"",""x-count"":""16384""}","31494cf4c7cb69ba94b21b1b50a7368854b396eb8c2447dfa4175fd94164dfd8","FP32",,"ComplexFP32","ComplexFP32",,,,,,,,"PASS","OK"
"stage08","stage08_input_preview_b03_channelize_poly_5bf09d215ce4","formal","dtype_and_input_contract","runs/stage08_input_preview_b03_channelize_poly_5bf09d215ce4/formal/20260810T073952Z_5bf09d215ce4_stage08_b03_formal_9901000a/operator_dtype_evidence_channelize_poly_fft_thrust_20260810T073952Z_5bf09d215ce4_stage08_b03_formal_9901000a.csv","20260810T073952Z_5bf09d215ce4_stage08_b03_formal_9901000a","channelize_poly__channelize_poly_int16_10e2__1464f14c428bbf20","channelize_poly","INT16",,"actual_typed_array_inputs_fp32_compute_extension","2","x:INT16:[128]:bytes=256:sha256=0bc4e75a9f8018d0c9717ed039d3015bb10e922314dd3820a1b5837a0ed6e129|h:INT16:[32]:bytes=64:sha256=e26287a42972e722d0024ef1cc0542b5720b4d1afa872357c9b4bf3916e1428e",,"[{""dtype"":""INT16"",""element_count"":""128"",""generator"":""modular_signal(seed=83040001,integral=true)"",""input_name"":""x"",""preview_head4_tail2"":""i=0:8;i=1:2;i=2:-4;i=3:-10;i=126:11;i=127:5"",""shape"":""[128]""},{""dtype"":""INT16"",""element_count"":""32"",""generator"":""modular_taps(seed=83040002,integral=true)"",""input_name"":""h"",""preview_head4_tail2"":""i=0:2;i=1:0;i=2:-2;i=3:-4;i=30:-4;i=31:3"",""shape"":""[32]""}]","{""dtype"":""INT16"",""h-count"":""32"",""n-chans"":""8"",""seed"":""83040001"",""x-count"":""128""}","1464f14c428bbf20b9d1450dc3ad00ac09f034e4d64fe85f907aaa6785d38bcc","FP32",,"ComplexFP32","ComplexFP32",,,,,,,,"PASS","OK"
"stage08","stage08_input_preview_b03_channelize_poly_5bf09d215ce4","formal","dtype_and_input_contract","runs/stage08_input_preview_b03_channelize_poly_5bf09d215ce4/formal/20260810T073952Z_5bf09d215ce4_stage08_b03_formal_9901000b/operator_dtype_evidence_channelize_poly_fft_thrust_20260810T073952Z_5bf09d215ce4_stage08_b03_formal_9901000b.csv","20260810T073952Z_5bf09d215ce4_stage08_b03_formal_9901000b","channelize_poly__channelize_poly_int16_10e3__68cdb28285c70a32","channelize_poly","INT16",,"actual_typed_array_inputs_fp32_compute_extension","2","x:INT16:[1024]:bytes=2048:sha256=348067d5425035ab8d7defef858d35b2fa2755d77f59a5a1c5da8da899f418ad|h:INT16:[64]:bytes=128:sha256=c095b247368fd0b59971ba9764b077b67837a81c324e4584d98832f76a075c4e",,"[{""dtype"":""INT16"",""element_count"":""1024"",""generator"":""modular_signal(seed=83040002,integral=true)"",""input_name"":""x"",""preview_head4_tail2"":""i=0:9;i=1:3;i=2:-3;i=3:-9;i=1022:-5;i=1023:-11"",""shape"":""[1024]""},{""dtype"":""INT16"",""element_count"":""64"",""generator"":""modular_taps(seed=83040003,integral=true)"",""input_name"":""h"",""preview_head4_tail2"":""i=0:-4;i=1:3;i=2:1;i=3:-1;i=62:-2;i=63:-4"",""shape"":""[64]""}]","{""dtype"":""INT16"",""h-count"":""64"",""n-chans"":""8"",""seed"":""83040002"",""x-count"":""1024""}","68cdb28285c70a32c31cef15c7eecdc697106d25f369548d72d94894589122f8","FP32",,"ComplexFP32","ComplexFP32",,,,,,,,"PASS","OK"
"stage08","stage08_input_preview_b03_channelize_poly_5bf09d215ce4","formal","dtype_and_input_contract","runs/stage08_input_preview_b03_channelize_poly_5bf09d215ce4/formal/20260810T073953Z_5bf09d215ce4_stage08_b03_formal_9901000c/operator_dtype_evidence_channelize_poly_fft_thrust_20260810T073953Z_5bf09d215ce4_stage08_b03_formal_9901000c.csv","20260810T073953Z_5bf09d215ce4_stage08_b03_formal_9901000c","channelize_poly__channelize_poly_int16_10e4__808b2d4a7005878f","channelize_poly","INT16",,"actual_typed_array_inputs_fp32_compute_extension","2","x:INT16:[16384]:bytes=32768:sha256=1ced302ea825ab3aef92ceede835cd53d5ab27c43daac4ca5cd1ad87135dd939|h:INT16:[256]:bytes=512:sha256=43cdefd497ad88215837ca55900239fcbefb24a2721c169fdf68effe292a5224",,"[{""dtype"":""INT16"",""element_count"":""16384"",""generator"":""modular_signal(seed=83040003,integral=true)"",""input_name"":""x"",""preview_head4_tail2"":""i=0:10;i=1:4;i=2:-2;i=3:-8;i=16382:-3;i=16383:-9"",""shape"":""[16384]""},{""dtype"":""INT16"",""element_count"":""256"",""generator"":""modular_taps(seed=83040004,integral=true)"",""input_name"":""h"",""preview_head4_tail2"":""i=0:-1;i=1:-3;i=2:4;i=3:2;i=254:4;i=255:2"",""shape"":""[256]""}]","{""dtype"":""INT16"",""h-count"":""256"",""n-chans"":""16"",""seed"":""83040003"",""x-count"":""16384""}","808b2d4a7005878fd57f7633044f7f3e94cd0c2c887c32c7f2ccf8c22f2f4f53","FP32",,"ComplexFP32","ComplexFP32",,,,,,,,"PASS","OK"
"stage08","stage08_input_preview_b03_channelize_poly_5bf09d215ce4","formal","dtype_and_input_contract","runs/stage08_input_preview_b03_channelize_poly_5bf09d215ce4/formal/20260810T074002Z_5bf09d215ce4_stage08_b03_formal_9901000d/operator_dtype_evidence_channelize_poly_fft_thrust_20260810T074002Z_5bf09d215ce4_stage08_b03_formal_9901000d.csv","20260810T074002Z_5bf09d215ce4_stage08_b03_formal_9901000d","channelize_poly__channelize_poly_int8_10e2__630349d9c47b1bf9","channelize_poly","INT8",,"actual_typed_array_inputs_fp32_compute_extension","2","x:INT8:[128]:bytes=128:sha256=d4a1b02d6496c9dc4ed7edf8ea0e7339cec582cc74089848a81d07c8b3df85b6|h:INT8:[32]:bytes=32:sha256=cdb21eb3de7c5ddbc5956a086ca32d880c123dfea9574ebf8f6ba59f4d36c58a",,"[{""dtype"":""INT8"",""element_count"":""128"",""generator"":""modular_signal(seed=83050001,integral=true)"",""input_name"":""x"",""preview_head4_tail2"":""i=0:3;i=1:-3;i=2:-9;i=3:8;i=126:6;i=127:0"",""shape"":""[128]""},{""dtype"":""INT8"",""element_count"":""32"",""generator"":""modular_taps(seed=83050002,integral=true)"",""input_name"":""h"",""preview_head4_tail2"":""i=0:-4;i=1:3;i=2:1;i=3:-1;i=30:-1;i=31:-3"",""shape"":""[32]""}]","{""dtype"":""INT8"",""h-count"":""32"",""n-chans"":""8"",""seed"":""83050001"",""x-count"":""128""}","630349d9c47b1bf9d98e1d65a49269ade37fd420f07651579646246ba3b65fff","FP32",,"ComplexFP32","ComplexFP32",,,,,,,,"PASS","OK"
"stage08","stage08_input_preview_b03_channelize_poly_5bf09d215ce4","formal","dtype_and_input_contract","runs/stage08_input_preview_b03_channelize_poly_5bf09d215ce4/formal/20260810T074002Z_5bf09d215ce4_stage08_b03_formal_9901000e/operator_dtype_evidence_channelize_poly_fft_thrust_20260810T074002Z_5bf09d215ce4_stage08_b03_formal_9901000e.csv","20260810T074002Z_5bf09d215ce4_stage08_b03_formal_9901000e","channelize_poly__channelize_poly_int8_10e3__3220346b7d93596c","channelize_poly","INT8",,"actual_typed_array_inputs_fp32_compute_extension","2","x:INT8:[1024]:bytes=1024:sha256=1b62793517ed50ce58dbc3d41d76870dcd68210488959029142a8c3393e42cd5|h:INT8:[64]:bytes=64:sha256=bfc8e717aeb0cfa9d781b97748d933812638fedf88267420da3b0d3c9f3f1f93",,"[{""dtype"":""INT8"",""element_count"":""1024"",""generator"":""modular_signal(seed=83050002,integral=true)"",""input_name"":""x"",""preview_head4_tail2"":""i=0:4;i=1:-2;i=2:-8;i=3:9;i=1022:-10;i=1023:7"",""shape"":""[1024]""},{""dtype"":""INT8"",""element_count"":""64"",""generator"":""modular_taps(seed=83050003,integral=true)"",""input_name"":""h"",""preview_head4_tail2"":""i=0:-1;i=1:-3;i=2:4;i=3:2;i=62:1;i=63:-1"",""shape"":""[64]""}]","{""dtype"":""INT8"",""h-count"":""64"",""n-chans"":""8"",""seed"":""83050002"",""x-count"":""1024""}","3220346b7d93596c61ca45590c1af2aedd012f87343b566b81aa3429ef662b09","FP32",,"ComplexFP32","ComplexFP32",,,,,,,,"PASS","OK"
"stage08","stage08_input_preview_b03_channelize_poly_5bf09d215ce4","formal","dtype_and_input_contract","runs/stage08_input_preview_b03_channelize_poly_5bf09d215ce4/formal/20260810T074003Z_5bf09d215ce4_stage08_b03_formal_9901000f/operator_dtype_evidence_channelize_poly_fft_thrust_20260810T074003Z_5bf09d215ce4_stage08_b03_formal_9901000f.csv","20260810T074003Z_5bf09d215ce4_stage08_b03_formal_9901000f","channelize_poly__channelize_poly_int8_10e4__9cf0a62e2c587aae","channelize_poly","INT8",,"actual_typed_array_inputs_fp32_compute_extension","2","x:INT8:[16384]:bytes=16384:sha256=a4d48df603e53df33f6f863583dd71476c29dea05774663e8f1f04e48b72b4e3|h:INT8:[256]:bytes=256:sha256=eb7d61784ef395904e4690288a95f5a2e91a4f0b3eab4e77980020e14bfbf670",,"[{""dtype"":""INT8"",""element_count"":""16384"",""generator"":""modular_signal(seed=83050003,integral=true)"",""input_name"":""x"",""preview_head4_tail2"":""i=0:5;i=1:-1;i=2:-7;i=3:10;i=16382:-8;i=16383:9"",""shape"":""[16384]""},{""dtype"":""INT8"",""element_count"":""256"",""generator"":""modular_taps(seed=83050004,integral=true)"",""input_name"":""h"",""preview_head4_tail2"":""i=0:2;i=1:0;i=2:-2;i=3:-4;i=254:-2;i=255:-4"",""shape"":""[256]""}]","{""dtype"":""INT8"",""h-count"":""256"",""n-chans"":""16"",""seed"":""83050003"",""x-count"":""16384""}","9cf0a62e2c587aae7237ffb3f68c6b50beab3ba10f6f3f0cd89bc90a7133ef4c","FP32",,"ComplexFP32","ComplexFP32",,,,,,,,"PASS","OK"
"stage08","stage08_input_preview_b03_decimate_5bf09d215ce4","formal","dtype_and_input_contract","runs/stage08_input_preview_b03_decimate_5bf09d215ce4/formal/20260810T075002Z_5bf09d215ce4_stage08_b03_formal_99014001/operator_dtype_evidence_decimate_not_applicable_20260810T075002Z_5bf09d215ce4_stage08_b03_formal_99014001.csv","20260810T075002Z_5bf09d215ce4_stage08_b03_formal_99014001","decimate__decimate_fp32_10e2__acbb4b6c1f9c6818","decimate","FP32",,"actual_typed_array_inputs_fp32_fir_decimate_extension","2","x:FP32:[100]:bytes=400:sha256=ecacbe83247b04ee1229a940fad0f6e3aa7a35d40ae3b7e09379f8752e4806df|h:FP32:[5]:bytes=20:sha256=1f80c90b6fe7cfbc3603d78f5bada73bdfc0dcc4a2c35a073db2b61e5505a0ae",,"[{""dtype"":""FP32"",""element_count"":""100"",""generator"":""modular_signal(seed=83410001,integral=false)"",""input_name"":""x"",""preview_head4_tail2"":""i=0:1.75;i=1:0.25;i=2:-1.25;i=3:-2.75;i=98:-1.5;i=99:2.75"",""shape"":""[10x10]""},{""dtype"":""FP32"",""element_count"":""5"",""generator"":""fixed_custom_coefficients"",""input_name"":""h"",""preview_head4_tail2"":""i=0:1;i=1:2;i=2:1;i=3:-1;i=4:1"",""shape"":""[5]""}]","{""cols"":""10"",""custom-coefficients"":""true"",""dtype"":""FP32"",""filter-order"":""-1"",""q"":""2"",""rows"":""10"",""seed"":""83410001"",""zero-phase"":""false""}","acbb4b6c1f9c68180591d831c1a9a4e460c2a1256382f2eed64857482a49cf9f","FP32",,"not_applicable","FP32",,,,,,,,"PASS","OK"
"stage08","stage08_input_preview_b03_decimate_5bf09d215ce4","formal","dtype_and_input_contract","runs/stage08_input_preview_b03_decimate_5bf09d215ce4/formal/20260810T075002Z_5bf09d215ce4_stage08_b03_formal_99014002/operator_dtype_evidence_decimate_not_applicable_20260810T075002Z_5bf09d215ce4_stage08_b03_formal_99014002.csv","20260810T075002Z_5bf09d215ce4_stage08_b03_formal_99014002","decimate__decimate_fp32_10e3__5050f57f24efade3","decimate","FP32",,"actual_typed_array_input_fp32_fir_decimate_extension","1","x:FP32:[1024]:bytes=4096:sha256=403c1261dd2ef99e2230f24679b2ea8f61091c373d4da07956a7040595ac96e4",,"[{""dtype"":""FP32"",""element_count"":""1024"",""generator"":""modular_signal(seed=83410002,integral=false)"",""input_name"":""x"",""preview_head4_tail2"":""i=0:2;i=1:0.5;i=2:-1;i=3:-2.5;i=1022:-1.5;i=1023:2.75"",""shape"":""[32x32]""}]","{""cols"":""32"",""custom-coefficients"":""false"",""dtype"":""FP32"",""filter-order"":""32"",""q"":""4"",""rows"":""32"",""seed"":""83410002"",""zero-phase"":""true""}","5050f57f24efade38c1473387f826dc491c90e9364f4dea14d050565087a283a","FP32",,"not_applicable","FP64",,,,,,,,"PASS","OK"
"stage08","stage08_input_preview_b03_decimate_5bf09d215ce4","formal","dtype_and_input_contract","runs/stage08_input_preview_b03_decimate_5bf09d215ce4/formal/20260810T075003Z_5bf09d215ce4_stage08_b03_formal_99014003/operator_dtype_evidence_decimate_not_applicable_20260810T075003Z_5bf09d215ce4_stage08_b03_formal_99014003.csv","20260810T075003Z_5bf09d215ce4_stage08_b03_formal_99014003","decimate__decimate_fp32_10e4__66335f10271923ec","decimate","FP32",,"actual_typed_array_inputs_fp32_fir_decimate_extension","2","x:FP32:[10000]:bytes=40000:sha256=aad9cb6430368206dceedae6fe7b959e898454f1d8b485f0762b217bab212060|h:FP32:[5]:bytes=20:sha256=1f80c90b6fe7cfbc3603d78f5bada73bdfc0dcc4a2c35a073db2b61e5505a0ae",,"[{""dtype"":""FP32"",""element_count"":""10000"",""generator"":""modular_signal(seed=83410003,integral=false)"",""input_name"":""x"",""preview_head4_tail2"":""i=0:2.25;i=1:0.75;i=2:-0.75;i=3:-2.25;i=9998:1.25;i=9999:-0.25"",""shape"":""[100x100]""},{""dtype"":""FP32"",""element_count"":""5"",""generator"":""fixed_custom_coefficients"",""input_name"":""h"",""preview_head4_tail2"":""i=0:1;i=1:2;i=2:1;i=3:-1;i=4:1"",""shape"":""[5]""}]","{""cols"":""100"",""custom-coefficients"":""true"",""dtype"":""FP32"",""filter-order"":""-1"",""q"":""5"",""rows"":""100"",""seed"":""83410003"",""zero-phase"":""true""}","66335f10271923eccf543f45173adb369bf49bb347fb9605c25222f8efce520c","FP32",,"not_applicable","FP32",,,,,,,,"PASS","OK"
"stage08","stage08_input_preview_b03_decimate_5bf09d215ce4","formal","dtype_and_input_contract","runs/stage08_input_preview_b03_decimate_5bf09d215ce4/formal/20260810T075003Z_5bf09d215ce4_stage08_b03_formal_99014004/operator_dtype_evidence_decimate_not_applicable_20260810T075003Z_5bf09d215ce4_stage08_b03_formal_99014004.csv","20260810T075003Z_5bf09d215ce4_stage08_b03_formal_99014004","decimate__decimate_fp16_10e2__5626f96031b6150a","decimate","FP16",,"actual_typed_array_inputs_fp32_fir_decimate_extension","2","x:FP16:[100]:bytes=200:sha256=46f0cb0521b09164f475d19787887a0544b1d0931e51dd90b139f238c858a0cb|h:FP16:[5]:bytes=10:sha256=8dcc24e60c8cf422f323caa7468d298dcf7c3d8367d105679d0514e3840b0f5b",,"[{""dtype"":""FP16"",""element_count"":""100"",""generator"":""modular_signal(seed=83420001,integral=false)"",""input_name"":""x"",""preview_head4_tail2"":""i=0:0.5;i=1:-1;i=2:-2.5;i=3:1.75;i=98:-2.75;i=99:1.5"",""shape"":""[10x10]""},{""dtype"":""FP16"",""element_count"":""5"",""generator"":""fixed_custom_coefficients"",""input_name"":""h"",""preview_head4_tail2"":""i=0:1;i=1:2;i=2:1;i=3:-1;i=4:1"",""shape"":""[5]""}]","{""cols"":""10"",""custom-coefficients"":""true"",""dtype"":""FP16"",""filter-order"":""-1"",""q"":""2"",""rows"":""10"",""seed"":""83420001"",""zero-phase"":""false""}","5626f96031b6150aa6d8048374014ca8b86bfc584384b0959db16a6670038c60","FP32",,"not_applicable","FP32",,,,,,,,"PASS","OK"
"stage08","stage08_input_preview_b03_decimate_5bf09d215ce4","formal","dtype_and_input_contract","runs/stage08_input_preview_b03_decimate_5bf09d215ce4/formal/20260810T075003Z_5bf09d215ce4_stage08_b03_formal_99014005/operator_dtype_evidence_decimate_not_applicable_20260810T075003Z_5bf09d215ce4_stage08_b03_formal_99014005.csv","20260810T075003Z_5bf09d215ce4_stage08_b03_formal_99014005","decimate__decimate_fp16_10e3__ebd1c867d1418f96","decimate","FP16",,"actual_typed_array_input_fp32_fir_decimate_extension","1","x:FP16:[1024]:bytes=2048:sha256=658425ee73e10067238b91b1b42cccb9cd05789e6b06167ed076f7a84275f48b",,"[{""dtype"":""FP16"",""element_count"":""1024"",""generator"":""modular_signal(seed=83420002,integral=false)"",""input_name"":""x"",""preview_head4_tail2"":""i=0:0.75;i=1:-0.75;i=2:-2.25;i=3:2;i=1022:-2.75;i=1023:1.5"",""shape"":""[32x32]""}]","{""cols"":""32"",""custom-coefficients"":""false"",""dtype"":""FP16"",""filter-order"":""32"",""q"":""4"",""rows"":""32"",""seed"":""83420002"",""zero-phase"":""true""}","ebd1c867d1418f96e2e501aac5cd89c9fd11a14badb4974d70e1c5e41ad315c2","FP32",,"not_applicable","FP64",,,,,,,,"PASS","OK"
"stage08","stage08_input_preview_b03_decimate_5bf09d215ce4","formal","dtype_and_input_contract","runs/stage08_input_preview_b03_decimate_5bf09d215ce4/formal/20260810T075003Z_5bf09d215ce4_stage08_b03_formal_99014006/operator_dtype_evidence_decimate_not_applicable_20260810T075003Z_5bf09d215ce4_stage08_b03_formal_99014006.csv","20260810T075003Z_5bf09d215ce4_stage08_b03_formal_99014006","decimate__decimate_fp16_10e4__eb8eeadddda4e172","decimate","FP16",,"actual_typed_array_inputs_fp32_fir_decimate_extension","2","x:FP16:[10000]:bytes=20000:sha256=035d6cb59980c7316109b3768f2254751d5a44891effce3b2b912eb9a7e9f1eb|h:FP16:[5]:bytes=10:sha256=8dcc24e60c8cf422f323caa7468d298dcf7c3d8367d105679d0514e3840b0f5b",,"[{""dtype"":""FP16"",""element_count"":""10000"",""generator"":""modular_signal(seed=83420003,integral=false)"",""input_name"":""x"",""preview_head4_tail2"":""i=0:1;i=1:-0.5;i=2:-2;i=3:2.25;i=9998:0;i=9999:-1.5"",""shape"":""[100x100]""},{""dtype"":""FP16"",""element_count"":""5"",""generator"":""fixed_custom_coefficients"",""input_name"":""h"",""preview_head4_tail2"":""i=0:1;i=1:2;i=2:1;i=3:-1;i=4:1"",""shape"":""[5]""}]","{""cols"":""100"",""custom-coefficients"":""true"",""dtype"":""FP16"",""filter-order"":""-1"",""q"":""5"",""rows"":""100"",""seed"":""83420003"",""zero-phase"":""true""}","eb8eeadddda4e172870cdeb1eabc84412a074a014a86639da5eaedc057d602c2","FP32",,"not_applicable","FP32",,,,,,,,"PASS","OK"
"stage08","stage08_input_preview_b03_decimate_5bf09d215ce4","formal","dtype_and_input_contract","runs/stage08_input_preview_b03_decimate_5bf09d215ce4/formal/20260810T075003Z_5bf09d215ce4_stage08_b03_formal_99014007/operator_dtype_evidence_decimate_not_applicable_20260810T075003Z_5bf09d215ce4_stage08_b03_formal_99014007.csv","20260810T075003Z_5bf09d215ce4_stage08_b03_formal_99014007","decimate__decimate_int32_10e2__d81407261e4e92a3","decimate","INT32",,"actual_typed_array_inputs_fp32_fir_decimate_extension","2","x:INT32:[100]:bytes=400:sha256=e9ff751a0f8598d620034b140b36e77b347749913bac8fabdb76057298fb6248|h:INT32:[5]:bytes=20:sha256=82848abcb64c407478b6c49a33062a8e2513fb2353acac6880758b6e18f7450b",,"[{""dtype"":""INT32"",""element_count"":""100"",""generator"":""modular_signal(seed=83430001,integral=true)"",""input_name"":""x"",""preview_head4_tail2"":""i=0:-3;i=1:-9;i=2:8;i=3:2;i=98:7;i=99:1"",""shape"":""[10x10]""},{""dtype"":""INT32"",""element_count"":""5"",""generator"":""fixed_custom_coefficients"",""input_name"":""h"",""preview_head4_tail2"":""i=0:1;i=1:2;i=2:1;i=3:-1;i=4:1"",""shape"":""[5]""}]","{""cols"":""10"",""custom-coefficients"":""true"",""dtype"":""INT32"",""filter-order"":""-1"",""q"":""2"",""rows"":""10"",""seed"":""83430001"",""zero-phase"":""false""}","d81407261e4e92a36afb5e588ac4f638f757b810c71b062e3a2735a27d0daf61","FP32",,"not_applicable","FP64",,,,,,,,"PASS","OK"
"stage08","stage08_input_preview_b03_decimate_5bf09d215ce4","formal","dtype_and_input_contract","runs/stage08_input_preview_b03_decimate_5bf09d215ce4/formal/20260810T075003Z_5bf09d215ce4_stage08_b03_formal_99014008/operator_dtype_evidence_decimate_not_applicable_20260810T075003Z_5bf09d215ce4_stage08_b03_formal_99014008.csv","20260810T075003Z_5bf09d215ce4_stage08_b03_formal_99014008","decimate__decimate_int32_10e3__6f2e59fa47543f2d","decimate","INT32",,"actual_typed_array_input_fp32_fir_decimate_extension","1","x:INT32:[1024]:bytes=4096:sha256=d875b1e7c5e1a411cd361863216de56ac368b2212675e2e19566f4d4b3789526",,"[{""dtype"":""INT32"",""element_count"":""1024"",""generator"":""modular_signal(seed=83430002,integral=true)"",""input_name"":""x"",""preview_head4_tail2"":""i=0:-2;i=1:-8;i=2:9;i=3:3;i=1022:7;i=1023:1"",""shape"":""[32x32]""}]","{""cols"":""32"",""custom-coefficients"":""false"",""dtype"":""INT32"",""filter-order"":""32"",""q"":""4"",""rows"":""32"",""seed"":""83430002"",""zero-phase"":""true""}","6f2e59fa47543f2d8c1f4120864d128b4680585e5512ed79709168ce410f5c95","FP32",,"not_applicable","FP64",,,,,,,,"PASS","OK"
"stage08","stage08_input_preview_b03_decimate_5bf09d215ce4","formal","dtype_and_input_contract","runs/stage08_input_preview_b03_decimate_5bf09d215ce4/formal/20260810T075004Z_5bf09d215ce4_stage08_b03_formal_99014009/operator_dtype_evidence_decimate_not_applicable_20260810T075004Z_5bf09d215ce4_stage08_b03_formal_99014009.csv","20260810T075004Z_5bf09d215ce4_stage08_b03_formal_99014009","decimate__decimate_int32_10e4__b682e3a9e8a41286","decimate","INT32",,"actual_typed_array_inputs_fp32_fir_decimate_extension","2","x:INT32:[10000]:bytes=40000:sha256=0d936f19d44be02f9e027cd9bf1eb859bb04317be0fb10cdca7d364748e775f2|h:INT32:[5]:bytes=20:sha256=82848abcb64c407478b6c49a33062a8e2513fb2353acac6880758b6e18f7450b",,"[{""dtype"":""INT32"",""element_count"":""10000"",""generator"":""modular_signal(seed=83430003,integral=true)"",""input_name"":""x"",""preview_head4_tail2"":""i=0:-1;i=1:-7;i=2:10;i=3:4;i=9998:-5;i=9999:-11"",""shape"":""[100x100]""},{""dtype"":""INT32"",""element_count"":""5"",""generator"":""fixed_custom_coefficients"",""input_name"":""h"",""preview_head4_tail2"":""i=0:1;i=1:2;i=2:1;i=3:-1;i=4:1"",""shape"":""[5]""}]","{""cols"":""100"",""custom-coefficients"":""true"",""dtype"":""INT32"",""filter-order"":""-1"",""q"":""5"",""rows"":""100"",""seed"":""83430003"",""zero-phase"":""true""}","b682e3a9e8a4128697902e07271f7be47fe60156641ccf9dd2cfefc286f837a0","FP32",,"not_applicable","FP64",,,,,,,,"PASS","OK"
"stage08","stage08_input_preview_b03_decimate_5bf09d215ce4","formal","dtype_and_input_contract","runs/stage08_input_preview_b03_decimate_5bf09d215ce4/formal/20260810T075004Z_5bf09d215ce4_stage08_b03_formal_9901400a/operator_dtype_evidence_decimate_not_applicable_20260810T075004Z_5bf09d215ce4_stage08_b03_formal_9901400a.csv","20260810T075004Z_5bf09d215ce4_stage08_b03_formal_9901400a","decimate__decimate_int16_10e2__7d9d2c2fa25f0b6e","decimate","INT16",,"actual_typed_array_inputs_fp32_fir_decimate_extension","2","x:INT16:[100]:bytes=200:sha256=56291ea7824677213de8a8b6caf3d6750eccf0d18ecc567a7c75764b96d635e1|h:INT16:[5]:bytes=10:sha256=56b619149626bf16e3be3785e2fa94853844dc781f8b60d5be4c25468eb83558",,"[{""dtype"":""INT16"",""element_count"":""100"",""generator"":""modular_signal(seed=83440001,integral=true)"",""input_name"":""x"",""preview_head4_tail2"":""i=0:-8;i=1:9;i=2:3;i=3:-3;i=98:2;i=99:-4"",""shape"":""[10x10]""},{""dtype"":""INT16"",""element_count"":""5"",""generator"":""fixed_custom_coefficients"",""input_name"":""h"",""preview_head4_tail2"":""i=0:1;i=1:2;i=2:1;i=3:-1;i=4:1"",""shape"":""[5]""}]","{""cols"":""10"",""custom-coefficients"":""true"",""dtype"":""INT16"",""filter-order"":""-1"",""q"":""2"",""rows"":""10"",""seed"":""83440001"",""zero-phase"":""false""}","7d9d2c2fa25f0b6e6576ab4e041a1a17e9ed94370dc93a01dd1c7935406451da","FP32",,"not_applicable","FP32",,,,,,,,"PASS","OK"
"stage08","stage08_input_preview_b03_decimate_5bf09d215ce4","formal","dtype_and_input_contract","runs/stage08_input_preview_b03_decimate_5bf09d215ce4/formal/20260810T075004Z_5bf09d215ce4_stage08_b03_formal_9901400b/operator_dtype_evidence_decimate_not_applicable_20260810T075004Z_5bf09d215ce4_stage08_b03_formal_9901400b.csv","20260810T075004Z_5bf09d215ce4_stage08_b03_formal_9901400b","decimate__decimate_int16_10e3__5454f7c7858c3680","decimate","INT16",,"actual_typed_array_input_fp32_fir_decimate_extension","1","x:INT16:[1024]:bytes=2048:sha256=cf3c1fa2e739db356f4b2dd412459adface4f646713f81fc184b8aaf0ad616b4",,"[{""dtype"":""INT16"",""element_count"":""1024"",""generator"":""modular_signal(seed=83440002,integral=true)"",""input_name"":""x"",""preview_head4_tail2"":""i=0:-7;i=1:10;i=2:4;i=3:-2;i=1022:2;i=1023:-4"",""shape"":""[32x32]""}]","{""cols"":""32"",""custom-coefficients"":""false"",""dtype"":""INT16"",""filter-order"":""32"",""q"":""4"",""rows"":""32"",""seed"":""83440002"",""zero-phase"":""true""}","5454f7c7858c36807972b89edb7122d2d9f2167de5a27091bfbccfd9ef177fe3","FP32",,"not_applicable","FP64",,,,,,,,"PASS","OK"
"stage08","stage08_input_preview_b03_decimate_5bf09d215ce4","formal","dtype_and_input_contract","runs/stage08_input_preview_b03_decimate_5bf09d215ce4/formal/20260810T075004Z_5bf09d215ce4_stage08_b03_formal_9901400c/operator_dtype_evidence_decimate_not_applicable_20260810T075004Z_5bf09d215ce4_stage08_b03_formal_9901400c.csv","20260810T075004Z_5bf09d215ce4_stage08_b03_formal_9901400c","decimate__decimate_int16_10e4__b1b01f96dbc97b28","decimate","INT16",,"actual_typed_array_inputs_fp32_fir_decimate_extension","2","x:INT16:[10000]:bytes=20000:sha256=63c30a7b30023635895f30ebab91fd8665dec83ef81ce17204cff52efdd802f4|h:INT16:[5]:bytes=10:sha256=56b619149626bf16e3be3785e2fa94853844dc781f8b60d5be4c25468eb83558",,"[{""dtype"":""INT16"",""element_count"":""10000"",""generator"":""modular_signal(seed=83440003,integral=true)"",""input_name"":""x"",""preview_head4_tail2"":""i=0:-6;i=1:11;i=2:5;i=3:-1;i=9998:-10;i=9999:7"",""shape"":""[100x100]""},{""dtype"":""INT16"",""element_count"":""5"",""generator"":""fixed_custom_coefficients"",""input_name"":""h"",""preview_head4_tail2"":""i=0:1;i=1:2;i=2:1;i=3:-1;i=4:1"",""shape"":""[5]""}]","{""cols"":""100"",""custom-coefficients"":""true"",""dtype"":""INT16"",""filter-order"":""-1"",""q"":""5"",""rows"":""100"",""seed"":""83440003"",""zero-phase"":""true""}","b1b01f96dbc97b286f6416451acbb919a8b6d9e033e966e958d77fd72a7a75a0","FP32",,"not_applicable","FP32",,,,,,,,"PASS","OK"
"stage08","stage08_input_preview_b03_decimate_5bf09d215ce4","formal","dtype_and_input_contract","runs/stage08_input_preview_b03_decimate_5bf09d215ce4/formal/20260810T075004Z_5bf09d215ce4_stage08_b03_formal_9901400d/operator_dtype_evidence_decimate_not_applicable_20260810T075004Z_5bf09d215ce4_stage08_b03_formal_9901400d.csv","20260810T075004Z_5bf09d215ce4_stage08_b03_formal_9901400d","decimate__decimate_int8_10e2__e27975a8279bdf8a","decimate","INT8",,"actual_typed_array_inputs_fp32_fir_decimate_extension","2","x:INT8:[100]:bytes=100:sha256=5a401657233a8f048fde71e5ff2f9f5780f76f37070864f032152ec83d990939|h:INT8:[5]:bytes=5:sha256=6537277a54aea5d39673d274fbfb3cf0f2d30691a6c5202fbb852a886db54e8e",,"[{""dtype"":""INT8"",""element_count"":""100"",""generator"":""modular_signal(seed=83450001,integral=true)"",""input_name"":""x"",""preview_head4_tail2"":""i=0:10;i=1:4;i=2:-2;i=3:-8;i=98:-3;i=99:-9"",""shape"":""[10x10]""},{""dtype"":""INT8"",""element_count"":""5"",""generator"":""fixed_custom_coefficients"",""input_name"":""h"",""preview_head4_tail2"":""i=0:1;i=1:2;i=2:1;i=3:-1;i=4:1"",""shape"":""[5]""}]","{""cols"":""10"",""custom-coefficients"":""true"",""dtype"":""INT8"",""filter-order"":""-1"",""q"":""2"",""rows"":""10"",""seed"":""83450001"",""zero-phase"":""false""}","e27975a8279bdf8ae3ab7758cbfbbc7099ff643dcfb2fc2a6b2c245662627af4","FP32",,"not_applicable","FP32",,,,,,,,"PASS","OK"
"stage08","stage08_input_preview_b03_decimate_5bf09d215ce4","formal","dtype_and_input_contract","runs/stage08_input_preview_b03_decimate_5bf09d215ce4/formal/20260810T075005Z_5bf09d215ce4_stage08_b03_formal_9901400e/operator_dtype_evidence_decimate_not_applicable_20260810T075005Z_5bf09d215ce4_stage08_b03_formal_9901400e.csv","20260810T075005Z_5bf09d215ce4_stage08_b03_formal_9901400e","decimate__decimate_int8_10e3__a81ea4f09f0f0d9c","decimate","INT8",,"actual_typed_array_input_fp32_fir_decimate_extension","1","x:INT8:[1024]:bytes=1024:sha256=ea2ad194d11eab050aad37ebd3fc078b85e833d7697be2b5a2cc44b3d8082f81",,"[{""dtype"":""INT8"",""element_count"":""1024"",""generator"":""modular_signal(seed=83450002,integral=true)"",""input_name"":""x"",""preview_head4_tail2"":""i=0:11;i=1:5;i=2:-1;i=3:-7;i=1022:-3;i=1023:-9"",""shape"":""[32x32]""}]","{""cols"":""32"",""custom-coefficients"":""false"",""dtype"":""INT8"",""filter-order"":""32"",""q"":""4"",""rows"":""32"",""seed"":""83450002"",""zero-phase"":""true""}","a81ea4f09f0f0d9cf67e0279d94aa557d002728f721a89763bc0a3ab17407032","FP32",,"not_applicable","FP64",,,,,,,,"PASS","OK"
"stage08","stage08_input_preview_b03_decimate_5bf09d215ce4","formal","dtype_and_input_contract","runs/stage08_input_preview_b03_decimate_5bf09d215ce4/formal/20260810T075005Z_5bf09d215ce4_stage08_b03_formal_9901400f/operator_dtype_evidence_decimate_not_applicable_20260810T075005Z_5bf09d215ce4_stage08_b03_formal_9901400f.csv","20260810T075005Z_5bf09d215ce4_stage08_b03_formal_9901400f","decimate__decimate_int8_10e4__e9189733e9519f10","decimate","INT8",,"actual_typed_array_inputs_fp32_fir_decimate_extension","2","x:INT8:[10000]:bytes=10000:sha256=1452280bbda1d813abe33ee8fa3229f06ffa814b0afd4ecdcacd69ff637cd7f4|h:INT8:[5]:bytes=5:sha256=6537277a54aea5d39673d274fbfb3cf0f2d30691a6c5202fbb852a886db54e8e",,"[{""dtype"":""INT8"",""element_count"":""10000"",""generator"":""modular_signal(seed=83450003,integral=true)"",""input_name"":""x"",""preview_head4_tail2"":""i=0:-11;i=1:6;i=2:0;i=3:-6;i=9998:8;i=9999:2"",""shape"":""[100x100]""},{""dtype"":""INT8"",""element_count"":""5"",""generator"":""fixed_custom_coefficients"",""input_name"":""h"",""preview_head4_tail2"":""i=0:1;i=1:2;i=2:1;i=3:-1;i=4:1"",""shape"":""[5]""}]","{""cols"":""100"",""custom-coefficients"":""true"",""dtype"":""INT8"",""filter-order"":""-1"",""q"":""5"",""rows"":""100"",""seed"":""83450003"",""zero-phase"":""true""}","e9189733e9519f104760cc3f40e6a4cc6166a67951d2c1ab0da245d35d0afbe7","FP32",,"not_applicable","FP32",,,,,,,,"PASS","OK"
"stage08","stage08_input_preview_b03_hilbert2_5bf09d215ce4","formal","dtype_and_input_contract","runs/stage08_input_preview_b03_hilbert2_5bf09d215ce4/formal/20260810T074405Z_5bf09d215ce4_stage08_b03_formal_99012001/operator_dtype_evidence_hilbert2_fft_thrust_20260810T074405Z_5bf09d215ce4_stage08_b03_formal_99012001.csv","20260810T074405Z_5bf09d215ce4_stage08_b03_formal_99012001","hilbert2__hilbert2_fp32_10e2__ccf7eacb1dac767e","hilbert2","FP32",,"actual_typed_array_input_fp32_fft2d_extension","1","x:FP32:[100]:bytes=400:sha256=ccf7eacb1dac767e72b62f6f88088c8845c58991ef87d59f96811d3798e0c06f",,"[{""dtype"":""FP32"",""element_count"":""100"",""generator"":""modular_signal(seed=83210001,integral=false)"",""input_name"":""x"",""preview_head4_tail2"":""i=0:-2;i=1:2.25;i=2:0.75;i=3:-0.75;i=98:0.5;i=99:-1"",""shape"":""[10x10]""}]","{""cols"":""10"",""dtype"":""FP32"",""rows"":""10"",""seed"":""83210001""}","ccf7eacb1dac767e72b62f6f88088c8845c58991ef87d59f96811d3798e0c06f","FP32",,"ComplexFP32","ComplexFP32",,,,,,,,"PASS","OK"
"stage08","stage08_input_preview_b03_hilbert2_5bf09d215ce4","formal","dtype_and_input_contract","runs/stage08_input_preview_b03_hilbert2_5bf09d215ce4/formal/20260810T074408Z_5bf09d215ce4_stage08_b03_formal_99012002/operator_dtype_evidence_hilbert2_fft_thrust_20260810T074408Z_5bf09d215ce4_stage08_b03_formal_99012002.csv","20260810T074408Z_5bf09d215ce4_stage08_b03_formal_99012002","hilbert2__hilbert2_fp32_10e3__03eeae29ceb6af2a","hilbert2","FP32",,"actual_typed_array_input_fp32_fft2d_extension","1","x:FP32:[1024]:bytes=4096:sha256=03eeae29ceb6af2a24724eaf0f1ccb8040ab5554d3d42e793e239dfd07c1b1db",,"[{""dtype"":""FP32"",""element_count"":""1024"",""generator"":""modular_signal(seed=83210002,integral=false)"",""input_name"":""x"",""preview_head4_tail2"":""i=0:-1.75;i=1:2.5;i=2:1;i=3:-0.5;i=1022:0.5;i=1023:-1"",""shape"":""[32x32]""}]","{""cols"":""32"",""dtype"":""FP32"",""rows"":""32"",""seed"":""83210002""}","03eeae29ceb6af2a24724eaf0f1ccb8040ab5554d3d42e793e239dfd07c1b1db","FP32",,"ComplexFP32","ComplexFP32",,,,,,,,"PASS","OK"
"stage08","stage08_input_preview_b03_hilbert2_5bf09d215ce4","formal","dtype_and_input_contract","runs/stage08_input_preview_b03_hilbert2_5bf09d215ce4/formal/20260810T074408Z_5bf09d215ce4_stage08_b03_formal_99012003/operator_dtype_evidence_hilbert2_fft_thrust_20260810T074408Z_5bf09d215ce4_stage08_b03_formal_99012003.csv","20260810T074408Z_5bf09d215ce4_stage08_b03_formal_99012003","hilbert2__hilbert2_fp32_10e4__b1daf2887b5684b2","hilbert2","FP32",,"actual_typed_array_input_fp32_fft2d_extension","1","x:FP32:[10000]:bytes=40000:sha256=b1daf2887b5684b246d09ccbba2a4b6292d07232cdd4e2c488bb381c5977f076",,"[{""dtype"":""FP32"",""element_count"":""10000"",""generator"":""modular_signal(seed=83210003,integral=false)"",""input_name"":""x"",""preview_head4_tail2"":""i=0:-1.5;i=1:2.75;i=2:1.25;i=3:-0.25;i=9998:-2.5;i=9999:1.75"",""shape"":""[100x100]""}]","{""cols"":""100"",""dtype"":""FP32"",""rows"":""100"",""seed"":""83210003""}","b1daf2887b5684b246d09ccbba2a4b6292d07232cdd4e2c488bb381c5977f076","FP32",,"ComplexFP32","ComplexFP32",,,,,,,,"PASS","OK"
"stage08","stage08_input_preview_b03_hilbert2_5bf09d215ce4","formal","dtype_and_input_contract","runs/stage08_input_preview_b03_hilbert2_5bf09d215ce4/formal/20260810T074456Z_5bf09d215ce4_stage08_b03_formal_99012004/operator_dtype_evidence_hilbert2_fft_thrust_20260810T074456Z_5bf09d215ce4_stage08_b03_formal_99012004.csv","20260810T074456Z_5bf09d215ce4_stage08_b03_formal_99012004","hilbert2__hilbert2_fp16_10e2__7bf3d9dd871afcc5","hilbert2","FP16",,"actual_typed_array_input_fp32_fft2d_extension","1","x:FP16:[100]:bytes=200:sha256=7bf3d9dd871afcc5ed4712c3b535f21bbc4885ebf592d4d20f1626c388a26cdf",,"[{""dtype"":""FP16"",""element_count"":""100"",""generator"":""modular_signal(seed=83220001,integral=false)"",""input_name"":""x"",""preview_head4_tail2"":""i=0:2.5;i=1:1;i=2:-0.5;i=3:-2;i=98:-0.75;i=99:-2.25"",""shape"":""[10x10]""}]","{""cols"":""10"",""dtype"":""FP16"",""rows"":""10"",""seed"":""83220001""}","7bf3d9dd871afcc5ed4712c3b535f21bbc4885ebf592d4d20f1626c388a26cdf","FP32",,"ComplexFP32","ComplexFP32",,,,,,,,"PASS","OK"
"stage08","stage08_input_preview_b03_hilbert2_5bf09d215ce4","formal","dtype_and_input_contract","runs/stage08_input_preview_b03_hilbert2_5bf09d215ce4/formal/20260810T074459Z_5bf09d215ce4_stage08_b03_formal_99012005/operator_dtype_evidence_hilbert2_fft_thrust_20260810T074459Z_5bf09d215ce4_stage08_b03_formal_99012005.csv","20260810T074459Z_5bf09d215ce4_stage08_b03_formal_99012005","hilbert2__hilbert2_fp16_10e3__855a7d09ccce4146","hilbert2","FP16",,"actual_typed_array_input_fp32_fft2d_extension","1","x:FP16:[1024]:bytes=2048:sha256=855a7d09ccce41469ed606af8ff4e99aa15896b79ebc3e3b92e2b3a7cd403108",,"[{""dtype"":""FP16"",""element_count"":""1024"",""generator"":""modular_signal(seed=83220002,integral=false)"",""input_name"":""x"",""preview_head4_tail2"":""i=0:2.75;i=1:1.25;i=2:-0.25;i=3:-1.75;i=1022:-0.75;i=1023:-2.25"",""shape"":""[32x32]""}]","{""cols"":""32"",""dtype"":""FP16"",""rows"":""32"",""seed"":""83220002""}","855a7d09ccce41469ed606af8ff4e99aa15896b79ebc3e3b92e2b3a7cd403108","FP32",,"ComplexFP32","ComplexFP32",,,,,,,,"PASS","OK"
"stage08","stage08_input_preview_b03_hilbert2_5bf09d215ce4","formal","dtype_and_input_contract","runs/stage08_input_preview_b03_hilbert2_5bf09d215ce4/formal/20260810T074500Z_5bf09d215ce4_stage08_b03_formal_99012006/operator_dtype_evidence_hilbert2_fft_thrust_20260810T074500Z_5bf09d215ce4_stage08_b03_formal_99012006.csv","20260810T074500Z_5bf09d215ce4_stage08_b03_formal_99012006","hilbert2__hilbert2_fp16_10e4__e711f64af46b911c","hilbert2","FP16",,"actual_typed_array_input_fp32_fft2d_extension","1","x:FP16:[10000]:bytes=20000:sha256=e711f64af46b911c2f3879a6b5393cf5a88d01866952885e58b584b0ae39b268",,"[{""dtype"":""FP16"",""element_count"":""10000"",""generator"":""modular_signal(seed=83220003,integral=false)"",""input_name"":""x"",""preview_head4_tail2"":""i=0:-2.75;i=1:1.5;i=2:0;i=3:-1.5;i=9998:2;i=9999:0.5"",""shape"":""[100x100]""}]","{""cols"":""100"",""dtype"":""FP16"",""rows"":""100"",""seed"":""83220003""}","e711f64af46b911c2f3879a6b5393cf5a88d01866952885e58b584b0ae39b268","FP32",,"ComplexFP32","ComplexFP32",,,,,,,,"PASS","OK"
"stage08","stage08_input_preview_b03_hilbert2_5bf09d215ce4","formal","dtype_and_input_contract","runs/stage08_input_preview_b03_hilbert2_5bf09d215ce4/formal/20260810T074547Z_5bf09d215ce4_stage08_b03_formal_99012007/operator_dtype_evidence_hilbert2_fft_thrust_20260810T074547Z_5bf09d215ce4_stage08_b03_formal_99012007.csv","20260810T074547Z_5bf09d215ce4_stage08_b03_formal_99012007","hilbert2__hilbert2_int32_10e2__ac379d0b6fafd601","hilbert2","INT32",,"actual_typed_array_input_fp32_fft2d_extension","1","x:INT32:[100]:bytes=400:sha256=ac379d0b6fafd60195913d8e60fb36522c9e9c4180640cbaa46aa9e45cb0e2a7",,"[{""dtype"":""INT32"",""element_count"":""100"",""generator"":""modular_signal(seed=83230001,integral=true)"",""input_name"":""x"",""preview_head4_tail2"":""i=0:5;i=1:-1;i=2:-7;i=3:10;i=98:-8;i=99:9"",""shape"":""[10x10]""}]","{""cols"":""10"",""dtype"":""INT32"",""rows"":""10"",""seed"":""83230001""}","ac379d0b6fafd60195913d8e60fb36522c9e9c4180640cbaa46aa9e45cb0e2a7","FP32",,"ComplexFP32","ComplexFP64",,,,,,,,"PASS","OK"
"stage08","stage08_input_preview_b03_hilbert2_5bf09d215ce4","formal","dtype_and_input_contract","runs/stage08_input_preview_b03_hilbert2_5bf09d215ce4/formal/20260810T074551Z_5bf09d215ce4_stage08_b03_formal_99012008/operator_dtype_evidence_hilbert2_fft_thrust_20260810T074551Z_5bf09d215ce4_stage08_b03_formal_99012008.csv","20260810T074551Z_5bf09d215ce4_stage08_b03_formal_99012008","hilbert2__hilbert2_int32_10e3__1c7dbb94abd0e997","hilbert2","INT32",,"actual_typed_array_input_fp32_fft2d_extension","1","x:INT32:[1024]:bytes=4096:sha256=1c7dbb94abd0e9973646c00f7f10e2fc2396533ef10db138f17263842098f0cf",,"[{""dtype"":""INT32"",""element_count"":""1024"",""generator"":""modular_signal(seed=83230002,integral=true)"",""input_name"":""x"",""preview_head4_tail2"":""i=0:6;i=1:0;i=2:-6;i=3:11;i=1022:-8;i=1023:9"",""shape"":""[32x32]""}]","{""cols"":""32"",""dtype"":""INT32"",""rows"":""32"",""seed"":""83230002""}","1c7dbb94abd0e9973646c00f7f10e2fc2396533ef10db138f17263842098f0cf","FP32",,"ComplexFP32","ComplexFP64",,,,,,,,"PASS","OK"
"stage08","stage08_input_preview_b03_hilbert2_5bf09d215ce4","formal","dtype_and_input_contract","runs/stage08_input_preview_b03_hilbert2_5bf09d215ce4/formal/20260810T074552Z_5bf09d215ce4_stage08_b03_formal_99012009/operator_dtype_evidence_hilbert2_fft_thrust_20260810T074552Z_5bf09d215ce4_stage08_b03_formal_99012009.csv","20260810T074552Z_5bf09d215ce4_stage08_b03_formal_99012009","hilbert2__hilbert2_int32_10e4__fc2b53acda3b5186","hilbert2","INT32",,"actual_typed_array_input_fp32_fft2d_extension","1","x:INT32:[10000]:bytes=40000:sha256=fc2b53acda3b5186aa6c7b1c00d491de58c9fa26bcbc37d377d4cc6cd0f5b355",,"[{""dtype"":""INT32"",""element_count"":""10000"",""generator"":""modular_signal(seed=83230003,integral=true)"",""input_name"":""x"",""preview_head4_tail2"":""i=0:7;i=1:1;i=2:-5;i=3:-11;i=9998:3;i=9999:-3"",""shape"":""[100x100]""}]","{""cols"":""100"",""dtype"":""INT32"",""rows"":""100"",""seed"":""83230003""}","fc2b53acda3b5186aa6c7b1c00d491de58c9fa26bcbc37d377d4cc6cd0f5b355","FP32",,"ComplexFP32","ComplexFP64",,,,,,,,"PASS","OK"
"stage08","stage08_input_preview_b03_hilbert2_5bf09d215ce4","formal","dtype_and_input_contract","runs/stage08_input_preview_b03_hilbert2_5bf09d215ce4/formal/20260810T074639Z_5bf09d215ce4_stage08_b03_formal_9901200a/operator_dtype_evidence_hilbert2_fft_thrust_20260810T074639Z_5bf09d215ce4_stage08_b03_formal_9901200a.csv","20260810T074639Z_5bf09d215ce4_stage08_b03_formal_9901200a","hilbert2__hilbert2_int16_10e2__26daf1f2a0f56dca","hilbert2","INT16",,"actual_typed_array_input_fp32_fft2d_extension","1","x:INT16:[100]:bytes=200:sha256=26daf1f2a0f56dca7b17af77cd9bb5fe64e553bc742b598bba37d04982fc64e8",,"[{""dtype"":""INT16"",""element_count"":""100"",""generator"":""modular_signal(seed=83240001,integral=true)"",""input_name"":""x"",""preview_head4_tail2"":""i=0:0;i=1:-6;i=2:11;i=3:5;i=98:10;i=99:4"",""shape"":""[10x10]""}]","{""cols"":""10"",""dtype"":""INT16"",""rows"":""10"",""seed"":""83240001""}","26daf1f2a0f56dca7b17af77cd9bb5fe64e553bc742b598bba37d04982fc64e8","FP32",,"ComplexFP32","ComplexFP64",,,,,,,,"PASS","OK"
"stage08","stage08_input_preview_b03_hilbert2_5bf09d215ce4","formal","dtype_and_input_contract","runs/stage08_input_preview_b03_hilbert2_5bf09d215ce4/formal/20260810T074642Z_5bf09d215ce4_stage08_b03_formal_9901200b/operator_dtype_evidence_hilbert2_fft_thrust_20260810T074642Z_5bf09d215ce4_stage08_b03_formal_9901200b.csv","20260810T074642Z_5bf09d215ce4_stage08_b03_formal_9901200b","hilbert2__hilbert2_int16_10e3__1f591fa742872b60","hilbert2","INT16",,"actual_typed_array_input_fp32_fft2d_extension","1","x:INT16:[1024]:bytes=2048:sha256=1f591fa742872b6083bc963a7ea5dc5ad64984c042726a97d21f9f40800e97e4",,"[{""dtype"":""INT16"",""element_count"":""1024"",""generator"":""modular_signal(seed=83240002,integral=true)"",""input_name"":""x"",""preview_head4_tail2"":""i=0:1;i=1:-5;i=2:-11;i=3:6;i=1022:10;i=1023:4"",""shape"":""[32x32]""}]","{""cols"":""32"",""dtype"":""INT16"",""rows"":""32"",""seed"":""83240002""}","1f591fa742872b6083bc963a7ea5dc5ad64984c042726a97d21f9f40800e97e4","FP32",,"ComplexFP32","ComplexFP64",,,,,,,,"PASS","OK"
"stage08","stage08_input_preview_b03_hilbert2_5bf09d215ce4","formal","dtype_and_input_contract","runs/stage08_input_preview_b03_hilbert2_5bf09d215ce4/formal/20260810T074643Z_5bf09d215ce4_stage08_b03_formal_9901200c/operator_dtype_evidence_hilbert2_fft_thrust_20260810T074643Z_5bf09d215ce4_stage08_b03_formal_9901200c.csv","20260810T074643Z_5bf09d215ce4_stage08_b03_formal_9901200c","hilbert2__hilbert2_int16_10e4__9a91638886f26261","hilbert2","INT16",,"actual_typed_array_input_fp32_fft2d_extension","1","x:INT16:[10000]:bytes=20000:sha256=9a91638886f26261de3c03402a1e6fac8a4a48d2ba6a4048739a0e9950b32e89",,"[{""dtype"":""INT16"",""element_count"":""10000"",""generator"":""modular_signal(seed=83240003,integral=true)"",""input_name"":""x"",""preview_head4_tail2"":""i=0:2;i=1:-4;i=2:-10;i=3:7;i=9998:-2;i=9999:-8"",""shape"":""[100x100]""}]","{""cols"":""100"",""dtype"":""INT16"",""rows"":""100"",""seed"":""83240003""}","9a91638886f26261de3c03402a1e6fac8a4a48d2ba6a4048739a0e9950b32e89","FP32",,"ComplexFP32","ComplexFP64",,,,,,,,"PASS","OK"
"stage08","stage08_input_preview_b03_hilbert2_5bf09d215ce4","formal","dtype_and_input_contract","runs/stage08_input_preview_b03_hilbert2_5bf09d215ce4/formal/20260810T074730Z_5bf09d215ce4_stage08_b03_formal_9901200d/operator_dtype_evidence_hilbert2_fft_thrust_20260810T074730Z_5bf09d215ce4_stage08_b03_formal_9901200d.csv","20260810T074730Z_5bf09d215ce4_stage08_b03_formal_9901200d","hilbert2__hilbert2_int8_10e2__0d31780bc88d3035","hilbert2","INT8",,"actual_typed_array_input_fp32_fft2d_extension","1","x:INT8:[100]:bytes=100:sha256=0d31780bc88d30358abf2ce62c453574eaddd1371ef3c0fc9f538ee70604b748",,"[{""dtype"":""INT8"",""element_count"":""100"",""generator"":""modular_signal(seed=83250001,integral=true)"",""input_name"":""x"",""preview_head4_tail2"":""i=0:-5;i=1:-11;i=2:6;i=3:0;i=98:5;i=99:-1"",""shape"":""[10x10]""}]","{""cols"":""10"",""dtype"":""INT8"",""rows"":""10"",""seed"":""83250001""}","0d31780bc88d30358abf2ce62c453574eaddd1371ef3c0fc9f538ee70604b748","FP32",,"ComplexFP32","ComplexFP64",,,,,,,,"PASS","OK"
"stage08","stage08_input_preview_b03_hilbert2_5bf09d215ce4","formal","dtype_and_input_contract","runs/stage08_input_preview_b03_hilbert2_5bf09d215ce4/formal/20260810T074733Z_5bf09d215ce4_stage08_b03_formal_9901200e/operator_dtype_evidence_hilbert2_fft_thrust_20260810T074733Z_5bf09d215ce4_stage08_b03_formal_9901200e.csv","20260810T074733Z_5bf09d215ce4_stage08_b03_formal_9901200e","hilbert2__hilbert2_int8_10e3__f1631d3549f3e9fd","hilbert2","INT8",,"actual_typed_array_input_fp32_fft2d_extension","1","x:INT8:[1024]:bytes=1024:sha256=f1631d3549f3e9fda941dcb2b9fb47259c18b38a1fa0dbe460a64854bd869311",,"[{""dtype"":""INT8"",""element_count"":""1024"",""generator"":""modular_signal(seed=83250002,integral=true)"",""input_name"":""x"",""preview_head4_tail2"":""i=0:-4;i=1:-10;i=2:7;i=3:1;i=1022:5;i=1023:-1"",""shape"":""[32x32]""}]","{""cols"":""32"",""dtype"":""INT8"",""rows"":""32"",""seed"":""83250002""}","f1631d3549f3e9fda941dcb2b9fb47259c18b38a1fa0dbe460a64854bd869311","FP32",,"ComplexFP32","ComplexFP64",,,,,,,,"PASS","OK"
"stage08","stage08_input_preview_b03_hilbert2_5bf09d215ce4","formal","dtype_and_input_contract","runs/stage08_input_preview_b03_hilbert2_5bf09d215ce4/formal/20260810T074733Z_5bf09d215ce4_stage08_b03_formal_9901200f/operator_dtype_evidence_hilbert2_fft_thrust_20260810T074733Z_5bf09d215ce4_stage08_b03_formal_9901200f.csv","20260810T074733Z_5bf09d215ce4_stage08_b03_formal_9901200f","hilbert2__hilbert2_int8_10e4__6d503966d7565534","hilbert2","INT8",,"actual_typed_array_input_fp32_fft2d_extension","1","x:INT8:[10000]:bytes=10000:sha256=6d503966d75655343fa71f0ca019ff4e9a4a8aa5ceb94b072ec9342f6a749062",,"[{""dtype"":""INT8"",""element_count"":""10000"",""generator"":""modular_signal(seed=83250003,integral=true)"",""input_name"":""x"",""preview_head4_tail2"":""i=0:-3;i=1:-9;i=2:8;i=3:2;i=9998:-7;i=9999:10"",""shape"":""[100x100]""}]","{""cols"":""100"",""dtype"":""INT8"",""rows"":""100"",""seed"":""83250003""}","6d503966d75655343fa71f0ca019ff4e9a4a8aa5ceb94b072ec9342f6a749062","FP32",,"ComplexFP32","ComplexFP64",,,,,,,,"PASS","OK"
"stage08","stage08_input_preview_b03_hilbert_5bf09d215ce4","formal","dtype_and_input_contract","runs/stage08_input_preview_b03_hilbert_5bf09d215ce4/formal/20260810T074106Z_5bf09d215ce4_stage08_b03_formal_99011001/operator_dtype_evidence_hilbert_fft_thrust_20260810T074106Z_5bf09d215ce4_stage08_b03_formal_99011001.csv","20260810T074106Z_5bf09d215ce4_stage08_b03_formal_99011001","hilbert__hilbert_fp32_10e2__0a52a67e4b4ece5b","hilbert","FP32",,"actual_typed_array_input_fp32_fft_extension","1","x:FP32:[100]:bytes=400:sha256=0a52a67e4b4ece5b6a10b93273431491beb7698c371407d127fa409393648b9d",,"[{""dtype"":""FP32"",""element_count"":""100"",""generator"":""modular_signal(seed=83110001,integral=false)"",""input_name"":""x"",""preview_head4_tail2"":""i=0:-1;i=1:-2.5;i=2:1.75;i=3:0.25;i=98:1.5;i=99:0"",""shape"":""[10x10]""}]","{""axis"":""1"",""cols"":""10"",""dtype"":""FP32"",""rows"":""10"",""seed"":""83110001""}","0a52a67e4b4ece5b6a10b93273431491beb7698c371407d127fa409393648b9d","FP32",,"ComplexFP32","ComplexFP32",,,,,,,,"PASS","OK"
"stage08","stage08_input_preview_b03_hilbert_5bf09d215ce4","formal","dtype_and_input_contract","runs/stage08_input_preview_b03_hilbert_5bf09d215ce4/formal/20260810T074107Z_5bf09d215ce4_stage08_b03_formal_99011002/operator_dtype_evidence_hilbert_fft_thrust_20260810T074107Z_5bf09d215ce4_stage08_b03_formal_99011002.csv","20260810T074107Z_5bf09d215ce4_stage08_b03_formal_99011002","hilbert__hilbert_fp32_10e3__0c76a6bf97b295b2","hilbert","FP32",,"actual_typed_array_input_fp32_fft_extension","1","x:FP32:[1024]:bytes=4096:sha256=0c76a6bf97b295b2eb4c0b1129981e6cc6ed789d5e30dcb939c3dfd733213d53",,"[{""dtype"":""FP32"",""element_count"":""1024"",""generator"":""modular_signal(seed=83110002,integral=false)"",""input_name"":""x"",""preview_head4_tail2"":""i=0:-0.75;i=1:-2.25;i=2:2;i=3:0.5;i=1022:1.5;i=1023:0"",""shape"":""[32x32]""}]","{""axis"":""1"",""cols"":""32"",""dtype"":""FP32"",""rows"":""32"",""seed"":""83110002""}","0c76a6bf97b295b2eb4c0b1129981e6cc6ed789d5e30dcb939c3dfd733213d53","FP32",,"ComplexFP32","ComplexFP32",,,,,,,,"PASS","OK"
"stage08","stage08_input_preview_b03_hilbert_5bf09d215ce4","formal","dtype_and_input_contract","runs/stage08_input_preview_b03_hilbert_5bf09d215ce4/formal/20260810T074108Z_5bf09d215ce4_stage08_b03_formal_99011003/operator_dtype_evidence_hilbert_fft_thrust_20260810T074108Z_5bf09d215ce4_stage08_b03_formal_99011003.csv","20260810T074108Z_5bf09d215ce4_stage08_b03_formal_99011003","hilbert__hilbert_fp32_10e4__c40f4b70335cb956","hilbert","FP32",,"actual_typed_array_input_fp32_fft_extension","1","x:FP32:[10000]:bytes=40000:sha256=c40f4b70335cb956425c5400b2cb34f43f9bed0e7fdb429eebb4c5b771799d9d",,"[{""dtype"":""FP32"",""element_count"":""10000"",""generator"":""modular_signal(seed=83110003,integral=false)"",""input_name"":""x"",""preview_head4_tail2"":""i=0:-0.5;i=1:-2;i=2:2.25;i=3:0.75;i=9998:-1.5;i=9999:2.75"",""shape"":""[100x100]""}]","{""axis"":""1"",""cols"":""100"",""dtype"":""FP32"",""rows"":""100"",""seed"":""83110003""}","c40f4b70335cb956425c5400b2cb34f43f9bed0e7fdb429eebb4c5b771799d9d","FP32",,"ComplexFP32","ComplexFP32",,,,,,,,"PASS","OK"
"stage08","stage08_input_preview_b03_hilbert_5bf09d215ce4","formal","dtype_and_input_contract","runs/stage08_input_preview_b03_hilbert_5bf09d215ce4/formal/20260810T074140Z_5bf09d215ce4_stage08_b03_formal_99011004/operator_dtype_evidence_hilbert_fft_thrust_20260810T074140Z_5bf09d215ce4_stage08_b03_formal_99011004.csv","20260810T074140Z_5bf09d215ce4_stage08_b03_formal_99011004","hilbert__hilbert_fp16_10e2__54b8f215be31029c","hilbert","FP16",,"actual_typed_array_input_fp32_fft_extension","1","x:FP16:[100]:bytes=200:sha256=54b8f215be31029c6d8c68a5b2e9ff48fb47adfb2d8fb66646ff0f776985af03",,"[{""dtype"":""FP16"",""element_count"":""100"",""generator"":""modular_signal(seed=83120001,integral=false)"",""input_name"":""x"",""preview_head4_tail2"":""i=0:-2.25;i=1:2;i=2:0.5;i=3:-1;i=98:0.25;i=99:-1.25"",""shape"":""[10x10]""}]","{""axis"":""1"",""cols"":""10"",""dtype"":""FP16"",""rows"":""10"",""seed"":""83120001""}","54b8f215be31029c6d8c68a5b2e9ff48fb47adfb2d8fb66646ff0f776985af03","FP32",,"ComplexFP32","ComplexFP32",,,,,,,,"PASS","OK"
"stage08","stage08_input_preview_b03_hilbert_5bf09d215ce4","formal","dtype_and_input_contract","runs/stage08_input_preview_b03_hilbert_5bf09d215ce4/formal/20260810T074142Z_5bf09d215ce4_stage08_b03_formal_99011005/operator_dtype_evidence_hilbert_fft_thrust_20260810T074142Z_5bf09d215ce4_stage08_b03_formal_99011005.csv","20260810T074142Z_5bf09d215ce4_stage08_b03_formal_99011005","hilbert__hilbert_fp16_10e3__57d9986cca1580d6","hilbert","FP16",,"actual_typed_array_input_fp32_fft_extension","1","x:FP16:[1024]:bytes=2048:sha256=57d9986cca1580d62eecf425491e852723d5c0f8a67c99bf59444162adc9bebc",,"[{""dtype"":""FP16"",""element_count"":""1024"",""generator"":""modular_signal(seed=83120002,integral=false)"",""input_name"":""x"",""preview_head4_tail2"":""i=0:-2;i=1:2.25;i=2:0.75;i=3:-0.75;i=1022:0.25;i=1023:-1.25"",""shape"":""[32x32]""}]","{""axis"":""1"",""cols"":""32"",""dtype"":""FP16"",""rows"":""32"",""seed"":""83120002""}","57d9986cca1580d62eecf425491e852723d5c0f8a67c99bf59444162adc9bebc","FP32",,"ComplexFP32","ComplexFP32",,,,,,,,"PASS","OK"
"stage08","stage08_input_preview_b03_hilbert_5bf09d215ce4","formal","dtype_and_input_contract","runs/stage08_input_preview_b03_hilbert_5bf09d215ce4/formal/20260810T074143Z_5bf09d215ce4_stage08_b03_formal_99011006/operator_dtype_evidence_hilbert_fft_thrust_20260810T074143Z_5bf09d215ce4_stage08_b03_formal_99011006.csv","20260810T074143Z_5bf09d215ce4_stage08_b03_formal_99011006","hilbert__hilbert_fp16_10e4__eac802065c4eb57e","hilbert","FP16",,"actual_typed_array_input_fp32_fft_extension","1","x:FP16:[10000]:bytes=20000:sha256=eac802065c4eb57e31f4d4d502fd1f58c0220901d56f8dbb3d5000e7698837e9",,"[{""dtype"":""FP16"",""element_count"":""10000"",""generator"":""modular_signal(seed=83120003,integral=false)"",""input_name"":""x"",""preview_head4_tail2"":""i=0:-1.75;i=1:2.5;i=2:1;i=3:-0.5;i=9998:-2.75;i=9999:1.5"",""shape"":""[100x100]""}]","{""axis"":""1"",""cols"":""100"",""dtype"":""FP16"",""rows"":""100"",""seed"":""83120003""}","eac802065c4eb57e31f4d4d502fd1f58c0220901d56f8dbb3d5000e7698837e9","FP32",,"ComplexFP32","ComplexFP32",,,,,,,,"PASS","OK"
"stage08","stage08_input_preview_b03_hilbert_5bf09d215ce4","formal","dtype_and_input_contract","runs/stage08_input_preview_b03_hilbert_5bf09d215ce4/formal/20260810T074218Z_5bf09d215ce4_stage08_b03_formal_99011007/operator_dtype_evidence_hilbert_fft_thrust_20260810T074218Z_5bf09d215ce4_stage08_b03_formal_99011007.csv","20260810T074218Z_5bf09d215ce4_stage08_b03_formal_99011007","hilbert__hilbert_int32_10e2__45638d447e78dc1d","hilbert","INT32",,"actual_typed_array_input_fp32_fft_extension","1","x:INT32:[100]:bytes=400:sha256=45638d447e78dc1d8e3fcbf78659c8ba0b903712284f5447ff835fc02b3d25de",,"[{""dtype"":""INT32"",""element_count"":""100"",""generator"":""modular_signal(seed=83130001,integral=true)"",""input_name"":""x"",""preview_head4_tail2"":""i=0:9;i=1:3;i=2:-3;i=3:-9;i=98:-4;i=99:-10"",""shape"":""[10x10]""}]","{""axis"":""1"",""cols"":""10"",""dtype"":""INT32"",""rows"":""10"",""seed"":""83130001""}","45638d447e78dc1d8e3fcbf78659c8ba0b903712284f5447ff835fc02b3d25de","FP32",,"ComplexFP32","ComplexFP64",,,,,,,,"PASS","OK"
"stage08","stage08_input_preview_b03_hilbert_5bf09d215ce4","formal","dtype_and_input_contract","runs/stage08_input_preview_b03_hilbert_5bf09d215ce4/formal/20260810T074220Z_5bf09d215ce4_stage08_b03_formal_99011008/operator_dtype_evidence_hilbert_fft_thrust_20260810T074220Z_5bf09d215ce4_stage08_b03_formal_99011008.csv","20260810T074220Z_5bf09d215ce4_stage08_b03_formal_99011008","hilbert__hilbert_int32_10e3__2113748f449be343","hilbert","INT32",,"actual_typed_array_input_fp32_fft_extension","1","x:INT32:[1024]:bytes=4096:sha256=2113748f449be34390aec139b64399c9fb070984e745e1d3769efdf61a48615d",,"[{""dtype"":""INT32"",""element_count"":""1024"",""generator"":""modular_signal(seed=83130002,integral=true)"",""input_name"":""x"",""preview_head4_tail2"":""i=0:10;i=1:4;i=2:-2;i=3:-8;i=1022:-4;i=1023:-10"",""shape"":""[32x32]""}]","{""axis"":""1"",""cols"":""32"",""dtype"":""INT32"",""rows"":""32"",""seed"":""83130002""}","2113748f449be34390aec139b64399c9fb070984e745e1d3769efdf61a48615d","FP32",,"ComplexFP32","ComplexFP64",,,,,,,,"PASS","OK"
"stage08","stage08_input_preview_b03_hilbert_5bf09d215ce4","formal","dtype_and_input_contract","runs/stage08_input_preview_b03_hilbert_5bf09d215ce4/formal/20260810T074221Z_5bf09d215ce4_stage08_b03_formal_99011009/operator_dtype_evidence_hilbert_fft_thrust_20260810T074221Z_5bf09d215ce4_stage08_b03_formal_99011009.csv","20260810T074221Z_5bf09d215ce4_stage08_b03_formal_99011009","hilbert__hilbert_int32_10e4__7d7a44904b161280","hilbert","INT32",,"actual_typed_array_input_fp32_fft_extension","1","x:INT32:[10000]:bytes=40000:sha256=7d7a44904b161280838ef4ddc4eae3d2e744bc99ab6fc59a381e38ee414815b5",,"[{""dtype"":""INT32"",""element_count"":""10000"",""generator"":""modular_signal(seed=83130003,integral=true)"",""input_name"":""x"",""preview_head4_tail2"":""i=0:11;i=1:5;i=2:-1;i=3:-7;i=9998:7;i=9999:1"",""shape"":""[100x100]""}]","{""axis"":""1"",""cols"":""100"",""dtype"":""INT32"",""rows"":""100"",""seed"":""83130003""}","7d7a44904b161280838ef4ddc4eae3d2e744bc99ab6fc59a381e38ee414815b5","FP32",,"ComplexFP32","ComplexFP64",,,,,,,,"PASS","OK"
"stage08","stage08_input_preview_b03_hilbert_5bf09d215ce4","formal","dtype_and_input_contract","runs/stage08_input_preview_b03_hilbert_5bf09d215ce4/formal/20260810T074253Z_5bf09d215ce4_stage08_b03_formal_9901100a/operator_dtype_evidence_hilbert_fft_thrust_20260810T074253Z_5bf09d215ce4_stage08_b03_formal_9901100a.csv","20260810T074253Z_5bf09d215ce4_stage08_b03_formal_9901100a","hilbert__hilbert_int16_10e2__c48517dc9f9ef49d","hilbert","INT16",,"actual_typed_array_input_fp32_fft_extension","1","x:INT16:[100]:bytes=200:sha256=c48517dc9f9ef49de46b728c2c0f04c37a8086d876891bd5dfcac6e7587a5fc5",,"[{""dtype"":""INT16"",""element_count"":""100"",""generator"":""modular_signal(seed=83140001,integral=true)"",""input_name"":""x"",""preview_head4_tail2"":""i=0:4;i=1:-2;i=2:-8;i=3:9;i=98:-9;i=99:8"",""shape"":""[10x10]""}]","{""axis"":""1"",""cols"":""10"",""dtype"":""INT16"",""rows"":""10"",""seed"":""83140001""}","c48517dc9f9ef49de46b728c2c0f04c37a8086d876891bd5dfcac6e7587a5fc5","FP32",,"ComplexFP32","ComplexFP64",,,,,,,,"PASS","OK"
"stage08","stage08_input_preview_b03_hilbert_5bf09d215ce4","formal","dtype_and_input_contract","runs/stage08_input_preview_b03_hilbert_5bf09d215ce4/formal/20260810T074255Z_5bf09d215ce4_stage08_b03_formal_9901100b/operator_dtype_evidence_hilbert_fft_thrust_20260810T074255Z_5bf09d215ce4_stage08_b03_formal_9901100b.csv","20260810T074255Z_5bf09d215ce4_stage08_b03_formal_9901100b","hilbert__hilbert_int16_10e3__89c4162345453f33","hilbert","INT16",,"actual_typed_array_input_fp32_fft_extension","1","x:INT16:[1024]:bytes=2048:sha256=89c4162345453f333bff24f58cf85e617107e659220efb48164aaf41cf712cec",,"[{""dtype"":""INT16"",""element_count"":""1024"",""generator"":""modular_signal(seed=83140002,integral=true)"",""input_name"":""x"",""preview_head4_tail2"":""i=0:5;i=1:-1;i=2:-7;i=3:10;i=1022:-9;i=1023:8"",""shape"":""[32x32]""}]","{""axis"":""1"",""cols"":""32"",""dtype"":""INT16"",""rows"":""32"",""seed"":""83140002""}","89c4162345453f333bff24f58cf85e617107e659220efb48164aaf41cf712cec","FP32",,"ComplexFP32","ComplexFP64",,,,,,,,"PASS","OK"
"stage08","stage08_input_preview_b03_hilbert_5bf09d215ce4","formal","dtype_and_input_contract","runs/stage08_input_preview_b03_hilbert_5bf09d215ce4/formal/20260810T074255Z_5bf09d215ce4_stage08_b03_formal_9901100c/operator_dtype_evidence_hilbert_fft_thrust_20260810T074255Z_5bf09d215ce4_stage08_b03_formal_9901100c.csv","20260810T074255Z_5bf09d215ce4_stage08_b03_formal_9901100c","hilbert__hilbert_int16_10e4__b733871be1a76494","hilbert","INT16",,"actual_typed_array_input_fp32_fft_extension","1","x:INT16:[10000]:bytes=20000:sha256=b733871be1a76494b559688c775a04723f6bcc6a92f9ec18ee55559577976090",,"[{""dtype"":""INT16"",""element_count"":""10000"",""generator"":""modular_signal(seed=83140003,integral=true)"",""input_name"":""x"",""preview_head4_tail2"":""i=0:6;i=1:0;i=2:-6;i=3:11;i=9998:2;i=9999:-4"",""shape"":""[100x100]""}]","{""axis"":""1"",""cols"":""100"",""dtype"":""INT16"",""rows"":""100"",""seed"":""83140003""}","b733871be1a76494b559688c775a04723f6bcc6a92f9ec18ee55559577976090","FP32",,"ComplexFP32","ComplexFP64",,,,,,,,"PASS","OK"
"stage08","stage08_input_preview_b03_hilbert_5bf09d215ce4","formal","dtype_and_input_contract","runs/stage08_input_preview_b03_hilbert_5bf09d215ce4/formal/20260810T074328Z_5bf09d215ce4_stage08_b03_formal_9901100d/operator_dtype_evidence_hilbert_fft_thrust_20260810T074328Z_5bf09d215ce4_stage08_b03_formal_9901100d.csv","20260810T074328Z_5bf09d215ce4_stage08_b03_formal_9901100d","hilbert__hilbert_int8_10e2__f50011e297b914ba","hilbert","INT8",,"actual_typed_array_input_fp32_fft_extension","1","x:INT8:[100]:bytes=100:sha256=f50011e297b914ba146422ba246dec997220cdbba67107aa1068778d4e8be8b8",,"[{""dtype"":""INT8"",""element_count"":""100"",""generator"":""modular_signal(seed=83150001,integral=true)"",""input_name"":""x"",""preview_head4_tail2"":""i=0:-1;i=1:-7;i=2:10;i=3:4;i=98:9;i=99:3"",""shape"":""[10x10]""}]","{""axis"":""1"",""cols"":""10"",""dtype"":""INT8"",""rows"":""10"",""seed"":""83150001""}","f50011e297b914ba146422ba246dec997220cdbba67107aa1068778d4e8be8b8","FP32",,"ComplexFP32","ComplexFP64",,,,,,,,"PASS","OK"
"stage08","stage08_input_preview_b03_hilbert_5bf09d215ce4","formal","dtype_and_input_contract","runs/stage08_input_preview_b03_hilbert_5bf09d215ce4/formal/20260810T074329Z_5bf09d215ce4_stage08_b03_formal_9901100e/operator_dtype_evidence_hilbert_fft_thrust_20260810T074329Z_5bf09d215ce4_stage08_b03_formal_9901100e.csv","20260810T074329Z_5bf09d215ce4_stage08_b03_formal_9901100e","hilbert__hilbert_int8_10e3__0f809128d43f90aa","hilbert","INT8",,"actual_typed_array_input_fp32_fft_extension","1","x:INT8:[1024]:bytes=1024:sha256=0f809128d43f90aa86acc1f409215f1bff251dc1cd577dffb925235bf4b54057",,"[{""dtype"":""INT8"",""element_count"":""1024"",""generator"":""modular_signal(seed=83150002,integral=true)"",""input_name"":""x"",""preview_head4_tail2"":""i=0:0;i=1:-6;i=2:11;i=3:5;i=1022:9;i=1023:3"",""shape"":""[32x32]""}]","{""axis"":""1"",""cols"":""32"",""dtype"":""INT8"",""rows"":""32"",""seed"":""83150002""}","0f809128d43f90aa86acc1f409215f1bff251dc1cd577dffb925235bf4b54057","FP32",,"ComplexFP32","ComplexFP64",,,,,,,,"PASS","OK"
"stage08","stage08_input_preview_b03_hilbert_5bf09d215ce4","formal","dtype_and_input_contract","runs/stage08_input_preview_b03_hilbert_5bf09d215ce4/formal/20260810T074330Z_5bf09d215ce4_stage08_b03_formal_9901100f/operator_dtype_evidence_hilbert_fft_thrust_20260810T074330Z_5bf09d215ce4_stage08_b03_formal_9901100f.csv","20260810T074330Z_5bf09d215ce4_stage08_b03_formal_9901100f","hilbert__hilbert_int8_10e4__4b9f958588d8a446","hilbert","INT8",,"actual_typed_array_input_fp32_fft_extension","1","x:INT8:[10000]:bytes=10000:sha256=4b9f958588d8a44615df4fc8aabf314a67a5a2bc9284fddc796c7af1002e11d6",,"[{""dtype"":""INT8"",""element_count"":""10000"",""generator"":""modular_signal(seed=83150003,integral=true)"",""input_name"":""x"",""preview_head4_tail2"":""i=0:1;i=1:-5;i=2:-11;i=3:6;i=9998:-3;i=9999:-9"",""shape"":""[100x100]""}]","{""axis"":""1"",""cols"":""100"",""dtype"":""INT8"",""rows"":""100"",""seed"":""83150003""}","4b9f958588d8a44615df4fc8aabf314a67a5a2bc9284fddc796c7af1002e11d6","FP32",,"ComplexFP32","ComplexFP64",,,,,,,,"PASS","OK"
"stage08","stage08_input_preview_b03_resample_5bf09d215ce4","formal","dtype_and_input_contract","runs/stage08_input_preview_b03_resample_5bf09d215ce4/formal/20260810T074823Z_5bf09d215ce4_stage08_b03_formal_99013001/operator_dtype_evidence_resample_fft_thrust_20260810T074823Z_5bf09d215ce4_stage08_b03_formal_99013001.csv","20260810T074823Z_5bf09d215ce4_stage08_b03_formal_99013001","resample__resample_fp32_10e2__7045139dd4540c19","resample","FP32",,"actual_typed_array_input_fp32_fft_resample_extension","1","x:FP32:[100]:bytes=400:sha256=7045139dd4540c19df872dfd05ef8f4a78ba4bd84b9bfd42b83cccf0b47ea486",,"[{""dtype"":""FP32"",""element_count"":""100"",""generator"":""modular_signal(seed=83310001,integral=false)"",""input_name"":""x"",""preview_head4_tail2"":""i=0:2.75;i=1:1.25;i=2:-0.25;i=3:-1.75;i=98:-0.5;i=99:-2"",""shape"":""[10x10]""}]","{""cols"":""10"",""domain"":""time"",""dtype"":""FP32"",""output-count"":""15"",""rows"":""10"",""seed"":""83310001""}","7045139dd4540c19df872dfd05ef8f4a78ba4bd84b9bfd42b83cccf0b47ea486","FP32",,"ComplexFP32","FP32",,,,,,,,"PASS","OK"
"stage08","stage08_input_preview_b03_resample_5bf09d215ce4","formal","dtype_and_input_contract","runs/stage08_input_preview_b03_resample_5bf09d215ce4/formal/20260810T074824Z_5bf09d215ce4_stage08_b03_formal_99013002/operator_dtype_evidence_resample_fft_thrust_20260810T074824Z_5bf09d215ce4_stage08_b03_formal_99013002.csv","20260810T074824Z_5bf09d215ce4_stage08_b03_formal_99013002","resample__resample_fp32_10e3__ec3ac263d453ce8f","resample","FP32",,"actual_typed_array_input_fp32_fft_resample_extension","1","x:FP32:[1024]:bytes=4096:sha256=ec3ac263d453ce8fe4e6e158363ed9cb286857cd644590bc6579942f6d10483d",,"[{""dtype"":""FP32"",""element_count"":""1024"",""generator"":""modular_signal(seed=83310002,integral=false)"",""input_name"":""x"",""preview_head4_tail2"":""i=0:-2.75;i=1:1.5;i=2:0;i=3:-1.5;i=1022:-0.5;i=1023:-2"",""shape"":""[32x32]""}]","{""cols"":""32"",""domain"":""time"",""dtype"":""FP32"",""output-count"":""24"",""rows"":""32"",""seed"":""83310002""}","ec3ac263d453ce8fe4e6e158363ed9cb286857cd644590bc6579942f6d10483d","FP32",,"ComplexFP32","FP32",,,,,,,,"PASS","OK"
"stage08","stage08_input_preview_b03_resample_5bf09d215ce4","formal","dtype_and_input_contract","runs/stage08_input_preview_b03_resample_5bf09d215ce4/formal/20260810T074828Z_5bf09d215ce4_stage08_b03_formal_99013003/operator_dtype_evidence_resample_fft_thrust_20260810T074828Z_5bf09d215ce4_stage08_b03_formal_99013003.csv","20260810T074828Z_5bf09d215ce4_stage08_b03_formal_99013003","resample__resample_fp32_10e4__ce174710619f4e99","resample","FP32",,"actual_typed_array_input_fp32_fft_resample_extension","1","x:FP32:[10000]:bytes=40000:sha256=ce174710619f4e997b8007e562ff0287979739f731efbebdf6cb078ec141d132",,"[{""dtype"":""FP32"",""element_count"":""10000"",""generator"":""modular_signal(seed=83310003,integral=false)"",""input_name"":""x"",""preview_head4_tail2"":""i=0:-2.5;i=1:1.75;i=2:0.25;i=3:-1.25;i=9998:2.25;i=9999:0.75"",""shape"":""[100x100]""}]","{""cols"":""100"",""domain"":""frequency"",""dtype"":""FP32"",""output-count"":""80"",""rows"":""100"",""seed"":""83310003""}","ce174710619f4e997b8007e562ff0287979739f731efbebdf6cb078ec141d132","FP32",,"ComplexFP32","FP32",,,,,,,,"PASS","OK"
"stage08","stage08_input_preview_b03_resample_5bf09d215ce4","formal","dtype_and_input_contract","runs/stage08_input_preview_b03_resample_5bf09d215ce4/formal/20260810T074842Z_5bf09d215ce4_stage08_b03_formal_99013004/operator_dtype_evidence_resample_fft_thrust_20260810T074842Z_5bf09d215ce4_stage08_b03_formal_99013004.csv","20260810T074842Z_5bf09d215ce4_stage08_b03_formal_99013004","resample__resample_fp16_10e2__1ab2d161a63245d6","resample","FP16",,"actual_typed_array_input_fp32_fft_resample_extension","1","x:FP16:[100]:bytes=200:sha256=1ab2d161a63245d62dd9b8124fe25d066207f0fe85b5d73a32a1fa26a2b8cf78",,"[{""dtype"":""FP16"",""element_count"":""100"",""generator"":""modular_signal(seed=83320001,integral=false)"",""input_name"":""x"",""preview_head4_tail2"":""i=0:1.5;i=1:0;i=2:-1.5;i=3:2.75;i=98:-1.75;i=99:2.5"",""shape"":""[10x10]""}]","{""cols"":""10"",""domain"":""time"",""dtype"":""FP16"",""output-count"":""15"",""rows"":""10"",""seed"":""83320001""}","1ab2d161a63245d62dd9b8124fe25d066207f0fe85b5d73a32a1fa26a2b8cf78","FP32",,"ComplexFP32","FP32",,,,,,,,"PASS","OK"
"stage08","stage08_input_preview_b03_resample_5bf09d215ce4","formal","dtype_and_input_contract","runs/stage08_input_preview_b03_resample_5bf09d215ce4/formal/20260810T074844Z_5bf09d215ce4_stage08_b03_formal_99013005/operator_dtype_evidence_resample_fft_thrust_20260810T074844Z_5bf09d215ce4_stage08_b03_formal_99013005.csv","20260810T074844Z_5bf09d215ce4_stage08_b03_formal_99013005","resample__resample_fp16_10e3__8845f580c769b80a","resample","FP16",,"actual_typed_array_input_fp32_fft_resample_extension","1","x:FP16:[1024]:bytes=2048:sha256=8845f580c769b80a1e01e2198f5b4a25119140e997bf39fa8f2afcde3d965056",,"[{""dtype"":""FP16"",""element_count"":""1024"",""generator"":""modular_signal(seed=83320002,integral=false)"",""input_name"":""x"",""preview_head4_tail2"":""i=0:1.75;i=1:0.25;i=2:-1.25;i=3:-2.75;i=1022:-1.75;i=1023:2.5"",""shape"":""[32x32]""}]","{""cols"":""32"",""domain"":""time"",""dtype"":""FP16"",""output-count"":""24"",""rows"":""32"",""seed"":""83320002""}","8845f580c769b80a1e01e2198f5b4a25119140e997bf39fa8f2afcde3d965056","FP32",,"ComplexFP32","FP32",,,,,,,,"PASS","OK"
"stage08","stage08_input_preview_b03_resample_5bf09d215ce4","formal","dtype_and_input_contract","runs/stage08_input_preview_b03_resample_5bf09d215ce4/formal/20260810T074847Z_5bf09d215ce4_stage08_b03_formal_99013006/operator_dtype_evidence_resample_fft_thrust_20260810T074847Z_5bf09d215ce4_stage08_b03_formal_99013006.csv","20260810T074847Z_5bf09d215ce4_stage08_b03_formal_99013006","resample__resample_fp16_10e4__106fe9054668bfea","resample","FP16",,"actual_typed_array_input_fp32_fft_resample_extension","1","x:FP16:[10000]:bytes=20000:sha256=106fe9054668bfeaac884ce20c4d3efb73858a4e8f310cb799907406b1f6813f",,"[{""dtype"":""FP16"",""element_count"":""10000"",""generator"":""modular_signal(seed=83320003,integral=false)"",""input_name"":""x"",""preview_head4_tail2"":""i=0:2;i=1:0.5;i=2:-1;i=3:-2.5;i=9998:1;i=9999:-0.5"",""shape"":""[100x100]""}]","{""cols"":""100"",""domain"":""frequency"",""dtype"":""FP16"",""output-count"":""80"",""rows"":""100"",""seed"":""83320003""}","106fe9054668bfeaac884ce20c4d3efb73858a4e8f310cb799907406b1f6813f","FP32",,"ComplexFP32","FP32",,,,,,,,"PASS","OK"
"stage08","stage08_input_preview_b03_resample_5bf09d215ce4","formal","dtype_and_input_contract","runs/stage08_input_preview_b03_resample_5bf09d215ce4/formal/20260810T074902Z_5bf09d215ce4_stage08_b03_formal_99013007/operator_dtype_evidence_resample_fft_thrust_20260810T074902Z_5bf09d215ce4_stage08_b03_formal_99013007.csv","20260810T074902Z_5bf09d215ce4_stage08_b03_formal_99013007","resample__resample_int32_10e2__a5ccb7459ef721bb","resample","INT32",,"actual_typed_array_input_fp32_fft_resample_extension","1","x:INT32:[100]:bytes=400:sha256=a5ccb7459ef721bbc26cedd58510d14ec39aec9fa720b6b7c797c8b743a33239",,"[{""dtype"":""INT32"",""element_count"":""100"",""generator"":""modular_signal(seed=83330001,integral=true)"",""input_name"":""x"",""preview_head4_tail2"":""i=0:1;i=1:-5;i=2:-11;i=3:6;i=98:11;i=99:5"",""shape"":""[10x10]""}]","{""cols"":""10"",""domain"":""time"",""dtype"":""INT32"",""output-count"":""15"",""rows"":""10"",""seed"":""83330001""}","a5ccb7459ef721bbc26cedd58510d14ec39aec9fa720b6b7c797c8b743a33239","FP32",,"ComplexFP32","FP64",,,,,,,,"PASS","OK"
"stage08","stage08_input_preview_b03_resample_5bf09d215ce4","formal","dtype_and_input_contract","runs/stage08_input_preview_b03_resample_5bf09d215ce4/formal/20260810T074903Z_5bf09d215ce4_stage08_b03_formal_99013008/operator_dtype_evidence_resample_fft_thrust_20260810T074903Z_5bf09d215ce4_stage08_b03_formal_99013008.csv","20260810T074903Z_5bf09d215ce4_stage08_b03_formal_99013008","resample__resample_int32_10e3__146ac43aa56a927f","resample","INT32",,"actual_typed_array_input_fp32_fft_resample_extension","1","x:INT32:[1024]:bytes=4096:sha256=146ac43aa56a927fc15369a1685697fbbd150e07551061aa8c2a002e37610143",,"[{""dtype"":""INT32"",""element_count"":""1024"",""generator"":""modular_signal(seed=83330002,integral=true)"",""input_name"":""x"",""preview_head4_tail2"":""i=0:2;i=1:-4;i=2:-10;i=3:7;i=1022:11;i=1023:5"",""shape"":""[32x32]""}]","{""cols"":""32"",""domain"":""time"",""dtype"":""INT32"",""output-count"":""24"",""rows"":""32"",""seed"":""83330002""}","146ac43aa56a927fc15369a1685697fbbd150e07551061aa8c2a002e37610143","FP32",,"ComplexFP32","FP64",,,,,,,,"PASS","OK"
"stage08","stage08_input_preview_b03_resample_5bf09d215ce4","formal","dtype_and_input_contract","runs/stage08_input_preview_b03_resample_5bf09d215ce4/formal/20260810T074907Z_5bf09d215ce4_stage08_b03_formal_99013009/operator_dtype_evidence_resample_fft_thrust_20260810T074907Z_5bf09d215ce4_stage08_b03_formal_99013009.csv","20260810T074907Z_5bf09d215ce4_stage08_b03_formal_99013009","resample__resample_int32_10e4__eeda08451366db28","resample","INT32",,"actual_typed_array_input_fp32_fft_resample_extension","1","x:INT32:[10000]:bytes=40000:sha256=eeda08451366db28b93bad52a32af5545be474f8cb3159c9e55365a010482ce8",,"[{""dtype"":""INT32"",""element_count"":""10000"",""generator"":""modular_signal(seed=83330003,integral=true)"",""input_name"":""x"",""preview_head4_tail2"":""i=0:3;i=1:-3;i=2:-9;i=3:8;i=9998:-1;i=9999:-7"",""shape"":""[100x100]""}]","{""cols"":""100"",""domain"":""frequency"",""dtype"":""INT32"",""output-count"":""80"",""rows"":""100"",""seed"":""83330003""}","eeda08451366db28b93bad52a32af5545be474f8cb3159c9e55365a010482ce8","FP32",,"ComplexFP32","FP64",,,,,,,,"PASS","OK"
"stage08","stage08_input_preview_b03_resample_5bf09d215ce4","formal","dtype_and_input_contract","runs/stage08_input_preview_b03_resample_5bf09d215ce4/formal/20260810T074921Z_5bf09d215ce4_stage08_b03_formal_9901300a/operator_dtype_evidence_resample_fft_thrust_20260810T074921Z_5bf09d215ce4_stage08_b03_formal_9901300a.csv","20260810T074921Z_5bf09d215ce4_stage08_b03_formal_9901300a","resample__resample_int16_10e2__f8633ac1bdd4a2e9","resample","INT16",,"actual_typed_array_input_fp32_fft_resample_extension","1","x:INT16:[100]:bytes=200:sha256=f8633ac1bdd4a2e94e9c5998cef58f8038a51c8457a2f2132f49994491e3094e",,"[{""dtype"":""INT16"",""element_count"":""100"",""generator"":""modular_signal(seed=83340001,integral=true)"",""input_name"":""x"",""preview_head4_tail2"":""i=0:-4;i=1:-10;i=2:7;i=3:1;i=98:6;i=99:0"",""shape"":""[10x10]""}]","{""cols"":""10"",""domain"":""time"",""dtype"":""INT16"",""output-count"":""15"",""rows"":""10"",""seed"":""83340001""}","f8633ac1bdd4a2e94e9c5998cef58f8038a51c8457a2f2132f49994491e3094e","FP32",,"ComplexFP32","FP64",,,,,,,,"PASS","OK"
"stage08","stage08_input_preview_b03_resample_5bf09d215ce4","formal","dtype_and_input_contract","runs/stage08_input_preview_b03_resample_5bf09d215ce4/formal/20260810T074923Z_5bf09d215ce4_stage08_b03_formal_9901300b/operator_dtype_evidence_resample_fft_thrust_20260810T074923Z_5bf09d215ce4_stage08_b03_formal_9901300b.csv","20260810T074923Z_5bf09d215ce4_stage08_b03_formal_9901300b","resample__resample_int16_10e3__69011c40e0cc379c","resample","INT16",,"actual_typed_array_input_fp32_fft_resample_extension","1","x:INT16:[1024]:bytes=2048:sha256=69011c40e0cc379c01951c64389f79f1557e4ba5c4247dc5a4df32c9066ac11c",,"[{""dtype"":""INT16"",""element_count"":""1024"",""generator"":""modular_signal(seed=83340002,integral=true)"",""input_name"":""x"",""preview_head4_tail2"":""i=0:-3;i=1:-9;i=2:8;i=3:2;i=1022:6;i=1023:0"",""shape"":""[32x32]""}]","{""cols"":""32"",""domain"":""time"",""dtype"":""INT16"",""output-count"":""24"",""rows"":""32"",""seed"":""83340002""}","69011c40e0cc379c01951c64389f79f1557e4ba5c4247dc5a4df32c9066ac11c","FP32",,"ComplexFP32","FP64",,,,,,,,"PASS","OK"
"stage08","stage08_input_preview_b03_resample_5bf09d215ce4","formal","dtype_and_input_contract","runs/stage08_input_preview_b03_resample_5bf09d215ce4/formal/20260810T074926Z_5bf09d215ce4_stage08_b03_formal_9901300c/operator_dtype_evidence_resample_fft_thrust_20260810T074926Z_5bf09d215ce4_stage08_b03_formal_9901300c.csv","20260810T074926Z_5bf09d215ce4_stage08_b03_formal_9901300c","resample__resample_int16_10e4__9b51e3a1549ddaa4","resample","INT16",,"actual_typed_array_input_fp32_fft_resample_extension","1","x:INT16:[10000]:bytes=20000:sha256=9b51e3a1549ddaa4be6442ea6ca4a4660caa5835fc587b3caf255a3b43d827c0",,"[{""dtype"":""INT16"",""element_count"":""10000"",""generator"":""modular_signal(seed=83340003,integral=true)"",""input_name"":""x"",""preview_head4_tail2"":""i=0:-2;i=1:-8;i=2:9;i=3:3;i=9998:-6;i=9999:11"",""shape"":""[100x100]""}]","{""cols"":""100"",""domain"":""frequency"",""dtype"":""INT16"",""output-count"":""80"",""rows"":""100"",""seed"":""83340003""}","9b51e3a1549ddaa4be6442ea6ca4a4660caa5835fc587b3caf255a3b43d827c0","FP32",,"ComplexFP32","FP64",,,,,,,,"PASS","OK"
"stage08","stage08_input_preview_b03_resample_5bf09d215ce4","formal","dtype_and_input_contract","runs/stage08_input_preview_b03_resample_5bf09d215ce4/formal/20260810T074940Z_5bf09d215ce4_stage08_b03_formal_9901300d/operator_dtype_evidence_resample_fft_thrust_20260810T074940Z_5bf09d215ce4_stage08_b03_formal_9901300d.csv","20260810T074940Z_5bf09d215ce4_stage08_b03_formal_9901300d","resample__resample_int8_10e2__67539ccecec46f7c","resample","INT8",,"actual_typed_array_input_fp32_fft_resample_extension","1","x:INT8:[100]:bytes=100:sha256=67539ccecec46f7cc4d848b546660cd66a3f8ad545048d382399370c10ea4b40",,"[{""dtype"":""INT8"",""element_count"":""100"",""generator"":""modular_signal(seed=83350001,integral=true)"",""input_name"":""x"",""preview_head4_tail2"":""i=0:-9;i=1:8;i=2:2;i=3:-4;i=98:1;i=99:-5"",""shape"":""[10x10]""}]","{""cols"":""10"",""domain"":""time"",""dtype"":""INT8"",""output-count"":""15"",""rows"":""10"",""seed"":""83350001""}","67539ccecec46f7cc4d848b546660cd66a3f8ad545048d382399370c10ea4b40","FP32",,"ComplexFP32","FP64",,,,,,,,"PASS","OK"
"stage08","stage08_input_preview_b03_resample_5bf09d215ce4","formal","dtype_and_input_contract","runs/stage08_input_preview_b03_resample_5bf09d215ce4/formal/20260810T074942Z_5bf09d215ce4_stage08_b03_formal_9901300e/operator_dtype_evidence_resample_fft_thrust_20260810T074942Z_5bf09d215ce4_stage08_b03_formal_9901300e.csv","20260810T074942Z_5bf09d215ce4_stage08_b03_formal_9901300e","resample__resample_int8_10e3__d7f6f34246c6d599","resample","INT8",,"actual_typed_array_input_fp32_fft_resample_extension","1","x:INT8:[1024]:bytes=1024:sha256=d7f6f34246c6d599699efc0e69b861470f30dee8c380d05b56001f825ad372c4",,"[{""dtype"":""INT8"",""element_count"":""1024"",""generator"":""modular_signal(seed=83350002,integral=true)"",""input_name"":""x"",""preview_head4_tail2"":""i=0:-8;i=1:9;i=2:3;i=3:-3;i=1022:1;i=1023:-5"",""shape"":""[32x32]""}]","{""cols"":""32"",""domain"":""time"",""dtype"":""INT8"",""output-count"":""24"",""rows"":""32"",""seed"":""83350002""}","d7f6f34246c6d599699efc0e69b861470f30dee8c380d05b56001f825ad372c4","FP32",,"ComplexFP32","FP64",,,,,,,,"PASS","OK"
"stage08","stage08_input_preview_b03_resample_5bf09d215ce4","formal","dtype_and_input_contract","runs/stage08_input_preview_b03_resample_5bf09d215ce4/formal/20260810T074946Z_5bf09d215ce4_stage08_b03_formal_9901300f/operator_dtype_evidence_resample_fft_thrust_20260810T074946Z_5bf09d215ce4_stage08_b03_formal_9901300f.csv","20260810T074946Z_5bf09d215ce4_stage08_b03_formal_9901300f","resample__resample_int8_10e4__876d5cd7fa774bec","resample","INT8",,"actual_typed_array_input_fp32_fft_resample_extension","1","x:INT8:[10000]:bytes=10000:sha256=876d5cd7fa774becfc5e928bbf56a191e5651b0626e32e88f8b8303a7fb05bae",,"[{""dtype"":""INT8"",""element_count"":""10000"",""generator"":""modular_signal(seed=83350003,integral=true)"",""input_name"":""x"",""preview_head4_tail2"":""i=0:-7;i=1:10;i=2:4;i=3:-2;i=9998:-11;i=9999:6"",""shape"":""[100x100]""}]","{""cols"":""100"",""domain"":""frequency"",""dtype"":""INT8"",""output-count"":""80"",""rows"":""100"",""seed"":""83350003""}","876d5cd7fa774becfc5e928bbf56a191e5651b0626e32e88f8b8303a7fb05bae","FP32",,"ComplexFP32","FP64",,,,,,,,"PASS","OK"
"stage08","stage08_input_preview_b04_correlate2d_db927ed96663","formal","dtype_and_input_contract","runs/stage08_input_preview_b04_correlate2d_db927ed96663/formal/20260810T083651Z_db927ed96663_stage08_b04_formal_b4010001/operator_dtype_evidence_correlate2d_not_applicable_20260810T083651Z_db927ed96663_stage08_b04_formal_b4010001.csv","20260810T083651Z_db927ed96663_stage08_b04_formal_b4010001","correlate2d__correlate2d_fp32_10e2__11d622e248c4eb6f","correlate2d","FP32",,"actual_same_dtype_arrays_native_direct","2","in1:FP32:[10x10]:bytes=400:sha256=69e4595433fdcbb3baf657e00e7ab3a034d6144f69755160999706982900bb7e|in2:FP32:[3x3]:bytes=36:sha256=b51378bbc01874e4479009726ecf36086a2c08ce03e9277044cf432aac878916",,"[{""dtype"":""FP32"",""element_count"":""100"",""generator"":""correlate_modular(seed=84010001,salt=3,integral=false)"",""input_name"":""in1"",""preview_head4_tail2"":""i=0:-1;i=1:0.5;i=2:-0.75;i=3:0.75;i=98:0.25;i=99:-1"",""shape"":""[10x10]""},{""dtype"":""FP32"",""element_count"":""9"",""generator"":""correlate_modular(seed=84010001,salt=7,integral=false)"",""input_name"":""in2"",""preview_head4_tail2"":""i=0:0;i=1:-1.25;i=2:0.25;i=3:-1;i=7:-0.5;i=8:1"",""shape"":""[3x3]""}]","{""boundary"":""fill"",""cols1"":""10"",""cols2"":""3"",""dtype"":""FP32"",""fillvalue"":""1"",""mode"":""same"",""rows1"":""10"",""rows2"":""3"",""seed"":""84010001""}","11d622e248c4eb6feb2d50c956b6ad821146c38d461e2f6ccc615e349c801118","FP32",,"not_applicable","FP32",,,,,,,,"PASS","OK"
"stage08","stage08_input_preview_b04_correlate2d_db927ed96663","formal","dtype_and_input_contract","runs/stage08_input_preview_b04_correlate2d_db927ed96663/formal/20260810T083651Z_db927ed96663_stage08_b04_formal_b4010002/operator_dtype_evidence_correlate2d_not_applicable_20260810T083651Z_db927ed96663_stage08_b04_formal_b4010002.csv","20260810T083651Z_db927ed96663_stage08_b04_formal_b4010002","correlate2d__correlate2d_fp32_10e3__7c9e5187036c8684","correlate2d","FP32",,"actual_same_dtype_arrays_native_direct","2","in1:FP32:[32x32]:bytes=4096:sha256=448ba2cabad6b88a3da54c323d34e269574e3c72158cec305ec406214db26cbc|in2:FP32:[5x4]:bytes=80:sha256=6b76f1dccbc09e6ef5527592b8139ffd78b4650dda4e6eef6576c701288d6ca0",,"[{""dtype"":""FP32"",""element_count"":""1024"",""generator"":""correlate_modular(seed=84010002,salt=3,integral=false)"",""input_name"":""in1"",""preview_head4_tail2"":""i=0:-0.75;i=1:0.75;i=2:-0.5;i=3:1;i=1022:0.5;i=1023:-0.75"",""shape"":""[32x32]""},{""dtype"":""FP32"",""element_count"":""20"",""generator"":""correlate_modular(seed=84010002,salt=7,integral=false)"",""input_name"":""in2"",""preview_head4_tail2"":""i=0:0.25;i=1:-1;i=2:0.5;i=3:-0.75;i=18:-0.25;i=19:1.25"",""shape"":""[5x4]""}]","{""boundary"":""wrap"",""cols1"":""32"",""cols2"":""4"",""dtype"":""FP32"",""fillvalue"":""0"",""mode"":""full"",""rows1"":""32"",""rows2"":""5"",""seed"":""84010002""}","7c9e5187036c8684055860907fba8b68f0ca94495baea897b21d89ad722e1096","FP32",,"not_applicable","FP32",,,,,,,,"PASS","OK"
"stage08","stage08_input_preview_b04_correlate2d_db927ed96663","formal","dtype_and_input_contract","runs/stage08_input_preview_b04_correlate2d_db927ed96663/formal/20260810T083652Z_db927ed96663_stage08_b04_formal_b4010003/operator_dtype_evidence_correlate2d_not_applicable_20260810T083652Z_db927ed96663_stage08_b04_formal_b4010003.csv","20260810T083652Z_db927ed96663_stage08_b04_formal_b4010003","correlate2d__correlate2d_fp32_10e4__bba2df37b5e4405b","correlate2d","FP32",,"actual_same_dtype_arrays_native_direct","2","in1:FP32:[100x100]:bytes=40000:sha256=590ab70e51edf7167eaed78a93f28a21c023328db3fc4882a25bbcab40163e8d|in2:FP32:[7x5]:bytes=140:sha256=faeeb6aa6d9890bc8355f00275907f89adffd6fb67860a10a058ce5055958f62",,"[{""dtype"":""FP32"",""element_count"":""10000"",""generator"":""correlate_modular(seed=84010003,salt=3,integral=false)"",""input_name"":""in1"",""preview_head4_tail2"":""i=0:-0.5;i=1:1;i=2:-0.25;i=3:1.25;i=9998:0.75;i=9999:-0.5"",""shape"":""[100x100]""},{""dtype"":""FP32"",""element_count"":""35"",""generator"":""correlate_modular(seed=84010003,salt=7,integral=false)"",""input_name"":""in2"",""preview_head4_tail2"":""i=0:0.5;i=1:-0.75;i=2:0.75;i=3:-0.5;i=33:0.5;i=34:-0.75"",""shape"":""[7x5]""}]","{""boundary"":""symm"",""cols1"":""100"",""cols2"":""5"",""dtype"":""FP32"",""fillvalue"":""0"",""mode"":""valid"",""rows1"":""100"",""rows2"":""7"",""seed"":""84010003""}","bba2df37b5e4405b1b23c7929df1b429ce5ae4dc3f214c36f33b4d9c89ecf1eb","FP32",,"not_applicable","FP32",,,,,,,,"PASS","OK"
"stage08","stage08_input_preview_b04_correlate2d_db927ed96663","formal","dtype_and_input_contract","runs/stage08_input_preview_b04_correlate2d_db927ed96663/formal/20260810T083653Z_db927ed96663_stage08_b04_formal_b4010004/operator_dtype_evidence_correlate2d_not_applicable_20260810T083653Z_db927ed96663_stage08_b04_formal_b4010004.csv","20260810T083653Z_db927ed96663_stage08_b04_formal_b4010004","correlate2d__correlate2d_fp16_10e2__17e14fd13484e1b0","correlate2d","FP16",,"actual_same_dtype_arrays_fp32_legal_extension","2","in1:FP16:[10x10]:bytes=200:sha256=2903805c423805eae4106e61702f5a02206ba56ef44420b73fc289a20b047ba8|in2:FP16:[3x3]:bytes=18:sha256=7eea4e5f5c2bc27c339c99f91b896f3467422fbfcc186bfc594b0008cd3cb41e",,"[{""dtype"":""FP16"",""element_count"":""100"",""generator"":""correlate_modular(seed=84020001,salt=3,integral=false)"",""input_name"":""in1"",""preview_head4_tail2"":""i=0:-0.75;i=1:0.75;i=2:-0.5;i=3:1;i=98:0.5;i=99:-0.75"",""shape"":""[10x10]""},{""dtype"":""FP16"",""element_count"":""9"",""generator"":""correlate_modular(seed=84020001,salt=7,integral=false)"",""input_name"":""in2"",""preview_head4_tail2"":""i=0:0.25;i=1:-1;i=2:0.5;i=3:-0.75;i=7:-0.25;i=8:1.25"",""shape"":""[3x3]""}]","{""boundary"":""fill"",""cols1"":""10"",""cols2"":""3"",""dtype"":""FP16"",""fillvalue"":""1"",""mode"":""same"",""rows1"":""10"",""rows2"":""3"",""seed"":""84020001""}","17e14fd13484e1b0d4f0ae7bab5dadc43756ff0fbdf448bfeeaa32422b92de64","FP32",,"not_applicable","FP16",,,,,,,,"PASS","OK"
"stage08","stage08_input_preview_b04_correlate2d_db927ed96663","formal","dtype_and_input_contract","runs/stage08_input_preview_b04_correlate2d_db927ed96663/formal/20260810T083653Z_db927ed96663_stage08_b04_formal_b4010005/operator_dtype_evidence_correlate2d_not_applicable_20260810T083653Z_db927ed96663_stage08_b04_formal_b4010005.csv","20260810T083653Z_db927ed96663_stage08_b04_formal_b4010005","correlate2d__correlate2d_fp16_10e3__c0b85aaf6850d391","correlate2d","FP16",,"actual_same_dtype_arrays_fp32_legal_extension","2","in1:FP16:[32x32]:bytes=2048:sha256=53fd6a472a87440f818082fdeba79486d2c40be79de7f49c62633d71d9dd21e0|in2:FP16:[5x4]:bytes=40:sha256=52827759149a7067c3dbd4e9f86bd78357efbf9b962d057be039bb5aa0ece69b",,"[{""dtype"":""FP16"",""element_count"":""1024"",""generator"":""correlate_modular(seed=84020002,salt=3,integral=false)"",""input_name"":""in1"",""preview_head4_tail2"":""i=0:-0.5;i=1:1;i=2:-0.25;i=3:1.25;i=1022:0.75;i=1023:-0.5"",""shape"":""[32x32]""},{""dtype"":""FP16"",""element_count"":""20"",""generator"":""correlate_modular(seed=84020002,salt=7,integral=false)"",""input_name"":""in2"",""preview_head4_tail2"":""i=0:0.5;i=1:-0.75;i=2:0.75;i=3:-0.5;i=18:0;i=19:-1.25"",""shape"":""[5x4]""}]","{""boundary"":""wrap"",""cols1"":""32"",""cols2"":""4"",""dtype"":""FP16"",""fillvalue"":""0"",""mode"":""full"",""rows1"":""32"",""rows2"":""5"",""seed"":""84020002""}","c0b85aaf6850d391a716fc4a0b3722715b88be96bf5e92a076139171dd3fa401","FP32",,"not_applicable","FP16",,,,,,,,"PASS","OK"
"stage08","stage08_input_preview_b04_correlate2d_db927ed96663","formal","dtype_and_input_contract","runs/stage08_input_preview_b04_correlate2d_db927ed96663/formal/20260810T083653Z_db927ed96663_stage08_b04_formal_b4010006/operator_dtype_evidence_correlate2d_not_applicable_20260810T083653Z_db927ed96663_stage08_b04_formal_b4010006.csv","20260810T083653Z_db927ed96663_stage08_b04_formal_b4010006","correlate2d__correlate2d_fp16_10e4__5a17f829a8b6498f","correlate2d","FP16",,"actual_same_dtype_arrays_fp32_legal_extension","2","in1:FP16:[100x100]:bytes=20000:sha256=37bd77ed3695dfc58e31cea0adaedcbd54bfabe73602316d7e68f5ab9f947f75|in2:FP16:[7x5]:bytes=70:sha256=85c60d22d5732e6b6e0bb1cb0d7bf262e5bf230e671abef28c17cd0d161af12a",,"[{""dtype"":""FP16"",""element_count"":""10000"",""generator"":""correlate_modular(seed=84020003,salt=3,integral=false)"",""input_name"":""in1"",""preview_head4_tail2"":""i=0:-0.25;i=1:1.25;i=2:0;i=3:-1.25;i=9998:1;i=9999:-0.25"",""shape"":""[100x100]""},{""dtype"":""FP16"",""element_count"":""35"",""generator"":""correlate_modular(seed=84020003,salt=7,integral=false)"",""input_name"":""in2"",""preview_head4_tail2"":""i=0:0.75;i=1:-0.5;i=2:1;i=3:-0.25;i=33:0.75;i=34:-0.5"",""shape"":""[7x5]""}]","{""boundary"":""symm"",""cols1"":""100"",""cols2"":""5"",""dtype"":""FP16"",""fillvalue"":""0"",""mode"":""valid"",""rows1"":""100"",""rows2"":""7"",""seed"":""84020003""}","5a17f829a8b6498f7b1b02e6321bf9d44c9dae8f5ad8ab2ef03a7f997459622d","FP32",,"not_applicable","FP16",,,,,,,,"PASS","OK"
"stage08","stage08_input_preview_b04_correlate2d_db927ed96663","formal","dtype_and_input_contract","runs/stage08_input_preview_b04_correlate2d_db927ed96663/formal/20260810T083656Z_db927ed96663_stage08_b04_formal_b4010007/operator_dtype_evidence_correlate2d_not_applicable_20260810T083656Z_db927ed96663_stage08_b04_formal_b4010007.csv","20260810T083656Z_db927ed96663_stage08_b04_formal_b4010007","correlate2d__correlate2d_int32_10e2__49effc96ccb0892a","correlate2d","INT32",,"actual_same_dtype_arrays_native_modular_direct","2","in1:INT32:[10x10]:bytes=400:sha256=04cae67601be7e9dd44a7ae86e75165f6a4796f85b5760c027c56e06fdbd2175|in2:INT32:[3x3]:bytes=36:sha256=f072b687deed70054253411a13842c9dbc7304e29a5a851c3cfec8e38e714ca9",,"[{""dtype"":""INT32"",""element_count"":""100"",""generator"":""correlate_modular(seed=84030001,salt=3,integral=true)"",""input_name"":""in1"",""preview_head4_tail2"":""i=0:-2;i=1:4;i=2:-1;i=3:5;i=98:3;i=99:-2"",""shape"":""[10x10]""},{""dtype"":""INT32"",""element_count"":""9"",""generator"":""correlate_modular(seed=84030001,salt=7,integral=true)"",""input_name"":""in2"",""preview_head4_tail2"":""i=0:2;i=1:-3;i=2:3;i=3:-2;i=7:0;i=8:-5"",""shape"":""[3x3]""}]","{""boundary"":""fill"",""cols1"":""10"",""cols2"":""3"",""dtype"":""INT32"",""fillvalue"":""1"",""mode"":""same"",""rows1"":""10"",""rows2"":""3"",""seed"":""84030001""}","49effc96ccb0892adc889b77dc65f457a729295f96e25c02a929bc8f942e8681","INT32_modular",,"not_applicable","INT32",,,,,,,,"PASS","OK"
"stage08","stage08_input_preview_b04_correlate2d_db927ed96663","formal","dtype_and_input_contract","runs/stage08_input_preview_b04_correlate2d_db927ed96663/formal/20260810T083656Z_db927ed96663_stage08_b04_formal_b4010008/operator_dtype_evidence_correlate2d_not_applicable_20260810T083656Z_db927ed96663_stage08_b04_formal_b4010008.csv","20260810T083656Z_db927ed96663_stage08_b04_formal_b4010008","correlate2d__correlate2d_int32_10e3__d149b62d9f292ba5","correlate2d","INT32",,"actual_same_dtype_arrays_native_modular_direct","2","in1:INT32:[32x32]:bytes=4096:sha256=d58baba2583266ec31900dfa39f435441ac90c97978ab565e9f84b9e208a89d1|in2:INT32:[5x4]:bytes=80:sha256=df39e29e66bd31e1d4e845c4f69dca37c2d5cdde42794937981596bf852b1b73",,"[{""dtype"":""INT32"",""element_count"":""1024"",""generator"":""correlate_modular(seed=84030002,salt=3,integral=true)"",""input_name"":""in1"",""preview_head4_tail2"":""i=0:-1;i=1:5;i=2:0;i=3:-5;i=1022:4;i=1023:-1"",""shape"":""[32x32]""},{""dtype"":""INT32"",""element_count"":""20"",""generator"":""correlate_modular(seed=84030002,salt=7,integral=true)"",""input_name"":""in2"",""preview_head4_tail2"":""i=0:3;i=1:-2;i=2:4;i=3:-1;i=18:1;i=19:-4"",""shape"":""[5x4]""}]","{""boundary"":""wrap"",""cols1"":""32"",""cols2"":""4"",""dtype"":""INT32"",""fillvalue"":""0"",""mode"":""full"",""rows1"":""32"",""rows2"":""5"",""seed"":""84030002""}","d149b62d9f292ba5fde68d91782aae765a69f78bfc4f1a4e134281b4ee07f1da","INT32_modular",,"not_applicable","INT32",,,,,,,,"PASS","OK"
"stage08","stage08_input_preview_b04_correlate2d_db927ed96663","formal","dtype_and_input_contract","runs/stage08_input_preview_b04_correlate2d_db927ed96663/formal/20260810T083657Z_db927ed96663_stage08_b04_formal_b4010009/operator_dtype_evidence_correlate2d_not_applicable_20260810T083657Z_db927ed96663_stage08_b04_formal_b4010009.csv","20260810T083657Z_db927ed96663_stage08_b04_formal_b4010009","correlate2d__correlate2d_int32_10e4__7df5632b89759395","correlate2d","INT32",,"actual_same_dtype_arrays_native_modular_direct","2","in1:INT32:[100x100]:bytes=40000:sha256=2a78bd11d53a9d36b6801a05f404aba6330e425302d7600a270cd587a3a7c851|in2:INT32:[7x5]:bytes=140:sha256=ee9d62cd70b5b108bad3a18b66ab03ae75db9d028cfc9576c78b1b4473f72d0d",,"[{""dtype"":""INT32"",""element_count"":""10000"",""generator"":""correlate_modular(seed=84030003,salt=3,integral=true)"",""input_name"":""in1"",""preview_head4_tail2"":""i=0:0;i=1:-5;i=2:1;i=3:-4;i=9998:5;i=9999:0"",""shape"":""[100x100]""},{""dtype"":""INT32"",""element_count"":""35"",""generator"":""correlate_modular(seed=84030003,salt=7,integral=true)"",""input_name"":""in2"",""preview_head4_tail2"":""i=0:4;i=1:-1;i=2:5;i=3:0;i=33:4;i=34:-1"",""shape"":""[7x5]""}]","{""boundary"":""symm"",""cols1"":""100"",""cols2"":""5"",""dtype"":""INT32"",""fillvalue"":""0"",""mode"":""valid"",""rows1"":""100"",""rows2"":""7"",""seed"":""84030003""}","7df5632b897593958c2080680f4c19ff787ae2acc4c4604d239f636b06040cf4","INT32_modular",,"not_applicable","INT32",,,,,,,,"PASS","OK"
"stage08","stage08_input_preview_b04_correlate2d_db927ed96663","formal","dtype_and_input_contract","runs/stage08_input_preview_b04_correlate2d_db927ed96663/formal/20260810T083658Z_db927ed96663_stage08_b04_formal_b401000a/operator_dtype_evidence_correlate2d_not_applicable_20260810T083658Z_db927ed96663_stage08_b04_formal_b401000a.csv","20260810T083658Z_db927ed96663_stage08_b04_formal_b401000a","correlate2d__correlate2d_int16_10e2__8fa0cd93f5d11146","correlate2d","INT16",,"actual_same_dtype_arrays_fp32_legal_extension","2","in1:INT16:[10x10]:bytes=200:sha256=fe2141ea0492ea34319a7c6dad5e0caeaf0b10ef38917f9067b603ed45b1d3a4|in2:INT16:[3x3]:bytes=18:sha256=c87379430c26b20c4affe00dbf8a65e9e012938865981ccf744cfaccdfa74e69",,"[{""dtype"":""INT16"",""element_count"":""100"",""generator"":""correlate_modular(seed=84040001,salt=3,integral=true)"",""input_name"":""in1"",""preview_head4_tail2"":""i=0:-1;i=1:5;i=2:0;i=3:-5;i=98:4;i=99:-1"",""shape"":""[10x10]""},{""dtype"":""INT16"",""element_count"":""9"",""generator"":""correlate_modular(seed=84040001,salt=7,integral=true)"",""input_name"":""in2"",""preview_head4_tail2"":""i=0:3;i=1:-2;i=2:4;i=3:-1;i=7:1;i=8:-4"",""shape"":""[3x3]""}]","{""boundary"":""fill"",""cols1"":""10"",""cols2"":""3"",""dtype"":""INT16"",""fillvalue"":""1"",""mode"":""same"",""rows1"":""10"",""rows2"":""3"",""seed"":""84040001""}","8fa0cd93f5d111460cb0c75c545e5a4faecb08c776a4bf4597ce04f5c65eeb58","FP32",,"not_applicable","INT16",,,,,,,,"PASS","OK"
"stage08","stage08_input_preview_b04_correlate2d_db927ed96663","formal","dtype_and_input_contract","runs/stage08_input_preview_b04_correlate2d_db927ed96663/formal/20260810T083658Z_db927ed96663_stage08_b04_formal_b401000b/operator_dtype_evidence_correlate2d_not_applicable_20260810T083658Z_db927ed96663_stage08_b04_formal_b401000b.csv","20260810T083658Z_db927ed96663_stage08_b04_formal_b401000b","correlate2d__correlate2d_int16_10e3__fe25e3776919bf53","correlate2d","INT16",,"actual_same_dtype_arrays_fp32_legal_extension","2","in1:INT16:[32x32]:bytes=2048:sha256=03f9cb97ba0d9de61415c3617d34f60511cd56c9ec347b536a65b3e05b99170b|in2:INT16:[5x4]:bytes=40:sha256=ccd1101c660f90fc0ddf7c7b72bbf66c5a425607fc115119ef6b1be0aa942abc",,"[{""dtype"":""INT16"",""element_count"":""1024"",""generator"":""correlate_modular(seed=84040002,salt=3,integral=true)"",""input_name"":""in1"",""preview_head4_tail2"":""i=0:0;i=1:-5;i=2:1;i=3:-4;i=1022:5;i=1023:0"",""shape"":""[32x32]""},{""dtype"":""INT16"",""element_count"":""20"",""generator"":""correlate_modular(seed=84040002,salt=7,integral=true)"",""input_name"":""in2"",""preview_head4_tail2"":""i=0:4;i=1:-1;i=2:5;i=3:0;i=18:2;i=19:-3"",""shape"":""[5x4]""}]","{""boundary"":""wrap"",""cols1"":""32"",""cols2"":""4"",""dtype"":""INT16"",""fillvalue"":""0"",""mode"":""full"",""rows1"":""32"",""rows2"":""5"",""seed"":""84040002""}","fe25e3776919bf537847a2282e9045c4e1dd696cad55e35bb24b74ab512de015","FP32",,"not_applicable","INT16",,,,,,,,"PASS","OK"
"stage08","stage08_input_preview_b04_correlate2d_db927ed96663","formal","dtype_and_input_contract","runs/stage08_input_preview_b04_correlate2d_db927ed96663/formal/20260810T083658Z_db927ed96663_stage08_b04_formal_b401000c/operator_dtype_evidence_correlate2d_not_applicable_20260810T083658Z_db927ed96663_stage08_b04_formal_b401000c.csv","20260810T083658Z_db927ed96663_stage08_b04_formal_b401000c","correlate2d__correlate2d_int16_10e4__307715b3e3094cb0","correlate2d","INT16",,"actual_same_dtype_arrays_fp32_legal_extension","2","in1:INT16:[100x100]:bytes=20000:sha256=70fa16f838da06b557da69834a8210f53c28667a4d088df4b478ecfa3081f157|in2:INT16:[7x5]:bytes=70:sha256=fd9628d3a087acb7e16756d36553a17bd4259602e25cd6a9e565d5f4b3432be9",,"[{""dtype"":""INT16"",""element_count"":""10000"",""generator"":""correlate_modular(seed=84040003,salt=3,integral=true)"",""input_name"":""in1"",""preview_head4_tail2"":""i=0:1;i=1:-4;i=2:2;i=3:-3;i=9998:-5;i=9999:1"",""shape"":""[100x100]""},{""dtype"":""INT16"",""element_count"":""35"",""generator"":""correlate_modular(seed=84040003,salt=7,integral=true)"",""input_name"":""in2"",""preview_head4_tail2"":""i=0:5;i=1:0;i=2:-5;i=3:1;i=33:5;i=34:0"",""shape"":""[7x5]""}]","{""boundary"":""symm"",""cols1"":""100"",""cols2"":""5"",""dtype"":""INT16"",""fillvalue"":""0"",""mode"":""valid"",""rows1"":""100"",""rows2"":""7"",""seed"":""84040003""}","307715b3e3094cb0221762d4de1c3a7c78d19b57a6d02fb29e88acb5421e1c93","FP32",,"not_applicable","INT16",,,,,,,,"PASS","OK"
"stage08","stage08_input_preview_b04_correlate2d_db927ed96663","formal","dtype_and_input_contract","runs/stage08_input_preview_b04_correlate2d_db927ed96663/formal/20260810T083659Z_db927ed96663_stage08_b04_formal_b401000d/operator_dtype_evidence_correlate2d_not_applicable_20260810T083659Z_db927ed96663_stage08_b04_formal_b401000d.csv","20260810T083659Z_db927ed96663_stage08_b04_formal_b401000d","correlate2d__correlate2d_int8_10e2__bcafc56b30192eb9","correlate2d","INT8",,"actual_same_dtype_arrays_fp32_legal_extension","2","in1:INT8:[10x10]:bytes=100:sha256=8a6a171a2fe689c2c86b54aa6cbd4b1e5a6a4ff4c28de68546c945f55bb0bc95|in2:INT8:[3x3]:bytes=9:sha256=475304541de814f6214f76803618412139b97a866adb6f11d799d16f5115d73a",,"[{""dtype"":""INT8"",""element_count"":""100"",""generator"":""correlate_modular(seed=84050001,salt=3,integral=true)"",""input_name"":""in1"",""preview_head4_tail2"":""i=0:0;i=1:-5;i=2:1;i=3:-4;i=98:5;i=99:0"",""shape"":""[10x10]""},{""dtype"":""INT8"",""element_count"":""9"",""generator"":""correlate_modular(seed=84050001,salt=7,integral=true)"",""input_name"":""in2"",""preview_head4_tail2"":""i=0:4;i=1:-1;i=2:5;i=3:0;i=7:2;i=8:-3"",""shape"":""[3x3]""}]","{""boundary"":""fill"",""cols1"":""10"",""cols2"":""3"",""dtype"":""INT8"",""fillvalue"":""1"",""mode"":""same"",""rows1"":""10"",""rows2"":""3"",""seed"":""84050001""}","bcafc56b30192eb99f4c29b0f3719ad7b21a235ffa37d2f0e51c862d6b0d6bfe","FP32",,"not_applicable","INT8",,,,,,,,"PASS","OK"
"stage08","stage08_input_preview_b04_correlate2d_db927ed96663","formal","dtype_and_input_contract","runs/stage08_input_preview_b04_correlate2d_db927ed96663/formal/20260810T083659Z_db927ed96663_stage08_b04_formal_b401000e/operator_dtype_evidence_correlate2d_not_applicable_20260810T083659Z_db927ed96663_stage08_b04_formal_b401000e.csv","20260810T083659Z_db927ed96663_stage08_b04_formal_b401000e","correlate2d__correlate2d_int8_10e3__48433359d2378def","correlate2d","INT8",,"actual_same_dtype_arrays_fp32_legal_extension","2","in1:INT8:[32x32]:bytes=1024:sha256=e43e2280eb79fc6a87c96c7bd52326ed503d7f0e6c3b0df7edd98d01f8313254|in2:INT8:[5x4]:bytes=20:sha256=a879914f375a4d3b653ec9c804f297c34aa7afcc5146404fe3808e6d85935253",,"[{""dtype"":""INT8"",""element_count"":""1024"",""generator"":""correlate_modular(seed=84050002,salt=3,integral=true)"",""input_name"":""in1"",""preview_head4_tail2"":""i=0:1;i=1:-4;i=2:2;i=3:-3;i=1022:-5;i=1023:1"",""shape"":""[32x32]""},{""dtype"":""INT8"",""element_count"":""20"",""generator"":""correlate_modular(seed=84050002,salt=7,integral=true)"",""input_name"":""in2"",""preview_head4_tail2"":""i=0:5;i=1:0;i=2:-5;i=3:1;i=18:3;i=19:-2"",""shape"":""[5x4]""}]","{""boundary"":""wrap"",""cols1"":""32"",""cols2"":""4"",""dtype"":""INT8"",""fillvalue"":""0"",""mode"":""full"",""rows1"":""32"",""rows2"":""5"",""seed"":""84050002""}","48433359d2378def98a5a86fd8b3fe96a17f0f224ed412841815ae730b057420","FP32",,"not_applicable","INT8",,,,,,,,"PASS","OK"
"stage08","stage08_input_preview_b04_correlate2d_db927ed96663","formal","dtype_and_input_contract","runs/stage08_input_preview_b04_correlate2d_db927ed96663/formal/20260810T083659Z_db927ed96663_stage08_b04_formal_b401000f/operator_dtype_evidence_correlate2d_not_applicable_20260810T083659Z_db927ed96663_stage08_b04_formal_b401000f.csv","20260810T083659Z_db927ed96663_stage08_b04_formal_b401000f","correlate2d__correlate2d_int8_10e4__b361b9dc771bae74","correlate2d","INT8",,"actual_same_dtype_arrays_fp32_legal_extension","2","in1:INT8:[100x100]:bytes=10000:sha256=1e4417a6eb2b3ecfc18eff258baae78c69824acbae158108a5d6621bafc5fe0c|in2:INT8:[7x5]:bytes=35:sha256=644efb51edc825cc99e61b8d8d8d7317e3720439e4792fa4e153ba8c28eff43f",,"[{""dtype"":""INT8"",""element_count"":""10000"",""generator"":""correlate_modular(seed=84050003,salt=3,integral=true)"",""input_name"":""in1"",""preview_head4_tail2"":""i=0:2;i=1:-3;i=2:3;i=3:-2;i=9998:-4;i=9999:2"",""shape"":""[100x100]""},{""dtype"":""INT8"",""element_count"":""35"",""generator"":""correlate_modular(seed=84050003,salt=7,integral=true)"",""input_name"":""in2"",""preview_head4_tail2"":""i=0:-5;i=1:1;i=2:-4;i=3:2;i=33:-5;i=34:1"",""shape"":""[7x5]""}]","{""boundary"":""symm"",""cols1"":""100"",""cols2"":""5"",""dtype"":""INT8"",""fillvalue"":""0"",""mode"":""valid"",""rows1"":""100"",""rows2"":""7"",""seed"":""84050003""}","b361b9dc771bae746987633403b968b62f069edaa329d47d3474e60bb294f7de","FP32",,"not_applicable","INT8",,,,,,,,"PASS","OK"
"stage08","stage08_input_preview_b04_firfilter2_db927ed96663","formal","dtype_and_input_contract","runs/stage08_input_preview_b04_firfilter2_db927ed96663/formal/20260810T083711Z_db927ed96663_stage08_b04_formal_b4030001/operator_dtype_evidence_firfilter2_not_applicable_20260810T083711Z_db927ed96663_stage08_b04_formal_b4030001.csv","20260810T083711Z_db927ed96663_stage08_b04_formal_b4030001","firfilter2__firfilter2_fp32_10e2__cab83351a35ae0c7","firfilter2","FP32",,"actual_same_dtype_x_b_arrays_fp32_bidirectional_direct","2","x:FP32:[10x10]:bytes=400:sha256=632bcb0c33f1d535eef8a11d8bed5f7fd6a01cb49e24acea15e0607891ff5116|b:FP32:[3]:bytes=12:sha256=8a31a40ecac0ceb4d87b30bd156ca7a547e8e33dc071454b765fbc777d1c34a1",,"[{""dtype"":""FP32"",""element_count"":""100"",""generator"":""firfilter_modular(seed=84210001,integral=false)"",""input_name"":""x"",""preview_head4_tail2"":""i=0:0.75;i=1:-0.5;i=2:0.5;i=3:-0.75;i=98:-0.25;i=99:0.75"",""shape"":""[10x10]""},{""dtype"":""FP32"",""element_count"":""3"",""generator"":""fixed_filter_coefficients"",""input_name"":""b"",""preview_head4_tail2"":""i=0:1;i=1:1;i=2:1"",""shape"":""[3]""}]","{""axis"":""1"",""cols"":""10"",""dtype"":""FP32"",""padlen"":""4"",""padtype"":""odd"",""rows"":""10"",""seed"":""84210001""}","cab83351a35ae0c73dec03083714639a3dc02a73760e96d411b9f81d384216f6","FP32",,"not_applicable","FP32",,,,,,,,"PASS","OK"
"stage08","stage08_input_preview_b04_firfilter2_db927ed96663","formal","dtype_and_input_contract","runs/stage08_input_preview_b04_firfilter2_db927ed96663/formal/20260810T083711Z_db927ed96663_stage08_b04_formal_b4030002/operator_dtype_evidence_firfilter2_not_applicable_20260810T083711Z_db927ed96663_stage08_b04_formal_b4030002.csv","20260810T083711Z_db927ed96663_stage08_b04_formal_b4030002","firfilter2__firfilter2_fp32_10e3__6274977d5633712a","firfilter2","FP32",,"actual_same_dtype_x_b_arrays_fp32_bidirectional_direct","2","x:FP32:[32x32]:bytes=4096:sha256=9e578d89abd37f0f705b3ed15602d05f6610261a344831495311019e0f61118c|b:FP32:[3]:bytes=12:sha256=8a31a40ecac0ceb4d87b30bd156ca7a547e8e33dc071454b765fbc777d1c34a1",,"[{""dtype"":""FP32"",""element_count"":""1024"",""generator"":""firfilter_modular(seed=84210002,integral=false)"",""input_name"":""x"",""preview_head4_tail2"":""i=0:1;i=1:-0.25;i=2:0.75;i=3:-0.5;i=1022:-0.75;i=1023:0.25"",""shape"":""[32x32]""},{""dtype"":""FP32"",""element_count"":""3"",""generator"":""fixed_filter_coefficients"",""input_name"":""b"",""preview_head4_tail2"":""i=0:1;i=1:1;i=2:1"",""shape"":""[3]""}]","{""axis"":""0"",""cols"":""32"",""dtype"":""FP32"",""padlen"":""6"",""padtype"":""even"",""rows"":""32"",""seed"":""84210002""}","6274977d5633712af00bce78ccc05b7f9906c87658bc7996f40efac64488dfbf","FP32",,"not_applicable","FP32",,,,,,,,"PASS","OK"
"stage08","stage08_input_preview_b04_firfilter2_db927ed96663","formal","dtype_and_input_contract","runs/stage08_input_preview_b04_firfilter2_db927ed96663/formal/20260810T083711Z_db927ed96663_stage08_b04_formal_b4030003/operator_dtype_evidence_firfilter2_not_applicable_20260810T083711Z_db927ed96663_stage08_b04_formal_b4030003.csv","20260810T083711Z_db927ed96663_stage08_b04_formal_b4030003","firfilter2__firfilter2_fp32_10e4__78a9ad8437717817","firfilter2","FP32",,"actual_same_dtype_x_b_arrays_fp32_bidirectional_direct","2","x:FP32:[100x100]:bytes=40000:sha256=bfd9232dab447c341c839f57768bb004bea20d7c10c2b5bdd171a82c27c2504d|b:FP32:[3]:bytes=12:sha256=8a31a40ecac0ceb4d87b30bd156ca7a547e8e33dc071454b765fbc777d1c34a1",,"[{""dtype"":""FP32"",""element_count"":""10000"",""generator"":""firfilter_modular(seed=84210003,integral=false)"",""input_name"":""x"",""preview_head4_tail2"":""i=0:-1;i=1:0;i=2:1;i=3:-0.25;i=9998:0.25;i=9999:-1"",""shape"":""[100x100]""},{""dtype"":""FP32"",""element_count"":""3"",""generator"":""fixed_filter_coefficients"",""input_name"":""b"",""preview_head4_tail2"":""i=0:1;i=1:1;i=2:1"",""shape"":""[3]""}]","{""axis"":""1"",""cols"":""100"",""dtype"":""FP32"",""padlen"":""8"",""padtype"":""constant"",""rows"":""100"",""seed"":""84210003""}","78a9ad8437717817a324a366d40f358c23a91de837197d8135bc1b558332267f","FP32",,"not_applicable","FP32",,,,,,,,"PASS","OK"
"stage08","stage08_input_preview_b04_firfilter2_db927ed96663","formal","dtype_and_input_contract","runs/stage08_input_preview_b04_firfilter2_db927ed96663/formal/20260810T083712Z_db927ed96663_stage08_b04_formal_b4030004/operator_dtype_evidence_firfilter2_not_applicable_20260810T083712Z_db927ed96663_stage08_b04_formal_b4030004.csv","20260810T083712Z_db927ed96663_stage08_b04_formal_b4030004","firfilter2__firfilter2_fp16_10e2__4057a757b3f129c1","firfilter2","FP16",,"actual_same_dtype_x_b_arrays_fp32_bidirectional_direct","2","x:FP16:[10x10]:bytes=200:sha256=ed674736eff2eaca8c723c5fdfc6c3ce3765b80fbbf74274c30838e4fee79ad9|b:FP16:[3]:bytes=6:sha256=d07c8d92e51dcfc08f44da20fca2553a7ea0fd3608f23dd2f9450b3976a59fdf",,"[{""dtype"":""FP16"",""element_count"":""100"",""generator"":""firfilter_modular(seed=84220001,integral=false)"",""input_name"":""x"",""preview_head4_tail2"":""i=0:1;i=1:-0.25;i=2:0.75;i=3:-0.5;i=98:0;i=99:1"",""shape"":""[10x10]""},{""dtype"":""FP16"",""element_count"":""3"",""generator"":""fixed_filter_coefficients"",""input_name"":""b"",""preview_head4_tail2"":""i=0:1;i=1:1;i=2:1"",""shape"":""[3]""}]","{""axis"":""1"",""cols"":""10"",""dtype"":""FP16"",""padlen"":""4"",""padtype"":""odd"",""rows"":""10"",""seed"":""84220001""}","4057a757b3f129c108868e2cbf0f43881311b2431a504b0a289ad138e7e5d948","FP32",,"not_applicable","FP32",,,,,,,,"PASS","OK"
"stage08","stage08_input_preview_b04_firfilter2_db927ed96663","formal","dtype_and_input_contract","runs/stage08_input_preview_b04_firfilter2_db927ed96663/formal/20260810T083712Z_db927ed96663_stage08_b04_formal_b4030005/operator_dtype_evidence_firfilter2_not_applicable_20260810T083712Z_db927ed96663_stage08_b04_formal_b4030005.csv","20260810T083712Z_db927ed96663_stage08_b04_formal_b4030005","firfilter2__firfilter2_fp16_10e3__d19be3ef02c424ee","firfilter2","FP16",,"actual_same_dtype_x_b_arrays_fp32_bidirectional_direct","2","x:FP16:[32x32]:bytes=2048:sha256=5763d6222174970eb9c6bdd3d2cf6527aeee7902df712f500509831101de60fa|b:FP16:[3]:bytes=6:sha256=d07c8d92e51dcfc08f44da20fca2553a7ea0fd3608f23dd2f9450b3976a59fdf",,"[{""dtype"":""FP16"",""element_count"":""1024"",""generator"":""firfilter_modular(seed=84220002,integral=false)"",""input_name"":""x"",""preview_head4_tail2"":""i=0:-1;i=1:0;i=2:1;i=3:-0.25;i=1022:-0.5;i=1023:0.5"",""shape"":""[32x32]""},{""dtype"":""FP16"",""element_count"":""3"",""generator"":""fixed_filter_coefficients"",""input_name"":""b"",""preview_head4_tail2"":""i=0:1;i=1:1;i=2:1"",""shape"":""[3]""}]","{""axis"":""0"",""cols"":""32"",""dtype"":""FP16"",""padlen"":""6"",""padtype"":""even"",""rows"":""32"",""seed"":""84220002""}","d19be3ef02c424ee857b13a455f341479511bca9c16ac2cc8a7e03b6d709c888","FP32",,"not_applicable","FP32",,,,,,,,"PASS","OK"
"stage08","stage08_input_preview_b04_firfilter2_db927ed96663","formal","dtype_and_input_contract","runs/stage08_input_preview_b04_firfilter2_db927ed96663/formal/20260810T083712Z_db927ed96663_stage08_b04_formal_b4030006/operator_dtype_evidence_firfilter2_not_applicable_20260810T083712Z_db927ed96663_stage08_b04_formal_b4030006.csv","20260810T083712Z_db927ed96663_stage08_b04_formal_b4030006","firfilter2__firfilter2_fp16_10e4__a9a90b49faa0adc0","firfilter2","FP16",,"actual_same_dtype_x_b_arrays_fp32_bidirectional_direct","2","x:FP16:[100x100]:bytes=20000:sha256=8d1133f0dc93ff6d7b5fceba2e0fe8108941af3a2d66eaa2b8f66a0ac9f5965c|b:FP16:[3]:bytes=6:sha256=d07c8d92e51dcfc08f44da20fca2553a7ea0fd3608f23dd2f9450b3976a59fdf",,"[{""dtype"":""FP16"",""element_count"":""10000"",""generator"":""firfilter_modular(seed=84220003,integral=false)"",""input_name"":""x"",""preview_head4_tail2"":""i=0:-0.75;i=1:0.25;i=2:-1;i=3:0;i=9998:0.5;i=9999:-0.75"",""shape"":""[100x100]""},{""dtype"":""FP16"",""element_count"":""3"",""generator"":""fixed_filter_coefficients"",""input_name"":""b"",""preview_head4_tail2"":""i=0:1;i=1:1;i=2:1"",""shape"":""[3]""}]","{""axis"":""1"",""cols"":""100"",""dtype"":""FP16"",""padlen"":""8"",""padtype"":""constant"",""rows"":""100"",""seed"":""84220003""}","a9a90b49faa0adc04f61444b5b9a46726a9c2faeb835650a58f7ebddc3c02ed5","FP32",,"not_applicable","FP32",,,,,,,,"PASS","OK"
"stage08","stage08_input_preview_b04_firfilter2_db927ed96663","formal","dtype_and_input_contract","runs/stage08_input_preview_b04_firfilter2_db927ed96663/formal/20260810T083712Z_db927ed96663_stage08_b04_formal_b4030007/operator_dtype_evidence_firfilter2_not_applicable_20260810T083712Z_db927ed96663_stage08_b04_formal_b4030007.csv","20260810T083712Z_db927ed96663_stage08_b04_formal_b4030007","firfilter2__firfilter2_int32_10e2__7a0bb29f4aaa9239","firfilter2","INT32",,"actual_same_dtype_x_b_arrays_fp32_bidirectional_direct","2","x:INT32:[10x10]:bytes=400:sha256=36e527cf1b7a45a7a1346b86cdf1537964ca34275a99d98b2c5453b1a2eb7d79|b:INT32:[3]:bytes=12:sha256=11047585fe102fbb5cadb42446612a578d88c6ef5ed076bb7ac360c4f9e4373d",,"[{""dtype"":""INT32"",""element_count"":""100"",""generator"":""firfilter_modular(seed=84230001,integral=true)"",""input_name"":""x"",""preview_head4_tail2"":""i=0:-4;i=1:0;i=2:4;i=3:-1;i=98:1;i=99:-4"",""shape"":""[10x10]""},{""dtype"":""INT32"",""element_count"":""3"",""generator"":""fixed_filter_coefficients"",""input_name"":""b"",""preview_head4_tail2"":""i=0:1;i=1:1;i=2:1"",""shape"":""[3]""}]","{""axis"":""1"",""cols"":""10"",""dtype"":""INT32"",""padlen"":""4"",""padtype"":""odd"",""rows"":""10"",""seed"":""84230001""}","7a0bb29f4aaa92398472350d38136400e60bc437574c556d00a964888c04c743","FP32",,"not_applicable","FP64",,,,,,,,"PASS","OK"
"stage08","stage08_input_preview_b04_firfilter2_db927ed96663","formal","dtype_and_input_contract","runs/stage08_input_preview_b04_firfilter2_db927ed96663/formal/20260810T083712Z_db927ed96663_stage08_b04_formal_b4030008/operator_dtype_evidence_firfilter2_not_applicable_20260810T083712Z_db927ed96663_stage08_b04_formal_b4030008.csv","20260810T083712Z_db927ed96663_stage08_b04_formal_b4030008","firfilter2__firfilter2_int32_10e3__e6d08b861409664d","firfilter2","INT32",,"actual_same_dtype_x_b_arrays_fp32_bidirectional_direct","2","x:INT32:[32x32]:bytes=4096:sha256=fd3df4ba409d86bf265770da342eadf0e1336619330ec8359a6efb41541b7498|b:INT32:[3]:bytes=12:sha256=11047585fe102fbb5cadb42446612a578d88c6ef5ed076bb7ac360c4f9e4373d",,"[{""dtype"":""INT32"",""element_count"":""1024"",""generator"":""firfilter_modular(seed=84230002,integral=true)"",""input_name"":""x"",""preview_head4_tail2"":""i=0:-3;i=1:1;i=2:-4;i=3:0;i=1022:-1;i=1023:3"",""shape"":""[32x32]""},{""dtype"":""INT32"",""element_count"":""3"",""generator"":""fixed_filter_coefficients"",""input_name"":""b"",""preview_head4_tail2"":""i=0:1;i=1:1;i=2:1"",""shape"":""[3]""}]","{""axis"":""0"",""cols"":""32"",""dtype"":""INT32"",""padlen"":""6"",""padtype"":""even"",""rows"":""32"",""seed"":""84230002""}","e6d08b861409664db74865df9b58b336222861ed6609b9efe12e2332856c1d37","FP32",,"not_applicable","FP64",,,,,,,,"PASS","OK"
"stage08","stage08_input_preview_b04_firfilter2_db927ed96663","formal","dtype_and_input_contract","runs/stage08_input_preview_b04_firfilter2_db927ed96663/formal/20260810T083713Z_db927ed96663_stage08_b04_formal_b4030009/operator_dtype_evidence_firfilter2_not_applicable_20260810T083713Z_db927ed96663_stage08_b04_formal_b4030009.csv","20260810T083713Z_db927ed96663_stage08_b04_formal_b4030009","firfilter2__firfilter2_int32_10e4__0909c04e8c751fa6","firfilter2","INT32",,"actual_same_dtype_x_b_arrays_fp32_bidirectional_direct","2","x:INT32:[100x100]:bytes=40000:sha256=38c6fca11ae2d834843d14627ebe44ee4782a5f2b1c3f2fbaccfe674c6d0ec92|b:INT32:[3]:bytes=12:sha256=11047585fe102fbb5cadb42446612a578d88c6ef5ed076bb7ac360c4f9e4373d",,"[{""dtype"":""INT32"",""element_count"":""10000"",""generator"":""firfilter_modular(seed=84230003,integral=true)"",""input_name"":""x"",""preview_head4_tail2"":""i=0:-2;i=1:2;i=2:-3;i=3:1;i=9998:3;i=9999:-2"",""shape"":""[100x100]""},{""dtype"":""INT32"",""element_count"":""3"",""generator"":""fixed_filter_coefficients"",""input_name"":""b"",""preview_head4_tail2"":""i=0:1;i=1:1;i=2:1"",""shape"":""[3]""}]","{""axis"":""1"",""cols"":""100"",""dtype"":""INT32"",""padlen"":""8"",""padtype"":""constant"",""rows"":""100"",""seed"":""84230003""}","0909c04e8c751fa6abd167c082b16931431e891d07963aa167e14395a592cb02","FP32",,"not_applicable","FP64",,,,,,,,"PASS","OK"
"stage08","stage08_input_preview_b04_firfilter2_db927ed96663","formal","dtype_and_input_contract","runs/stage08_input_preview_b04_firfilter2_db927ed96663/formal/20260810T083713Z_db927ed96663_stage08_b04_formal_b403000a/operator_dtype_evidence_firfilter2_not_applicable_20260810T083713Z_db927ed96663_stage08_b04_formal_b403000a.csv","20260810T083713Z_db927ed96663_stage08_b04_formal_b403000a","firfilter2__firfilter2_int16_10e2__ec40932748c3b2a5","firfilter2","INT16",,"actual_same_dtype_x_b_arrays_fp32_bidirectional_direct","2","x:INT16:[10x10]:bytes=200:sha256=aad5a2354a332409628fc25426df52e56265e177bf9f7f8d92d3c8b1d5072454|b:INT16:[3]:bytes=6:sha256=cd0bae01d09803811b7a14b69461d4b28f8d6e0f0b779ac030adfe1cdc0dee6a",,"[{""dtype"":""INT16"",""element_count"":""100"",""generator"":""firfilter_modular(seed=84240001,integral=true)"",""input_name"":""x"",""preview_head4_tail2"":""i=0:-3;i=1:1;i=2:-4;i=3:0;i=98:2;i=99:-3"",""shape"":""[10x10]""},{""dtype"":""INT16"",""element_count"":""3"",""generator"":""fixed_filter_coefficients"",""input_name"":""b"",""preview_head4_tail2"":""i=0:1;i=1:1;i=2:1"",""shape"":""[3]""}]","{""axis"":""1"",""cols"":""10"",""dtype"":""INT16"",""padlen"":""4"",""padtype"":""odd"",""rows"":""10"",""seed"":""84240001""}","ec40932748c3b2a5822c97bf96ed7bb3da9655acdf01c6ad09d5f063cd15a490","FP32",,"not_applicable","FP32",,,,,,,,"PASS","OK"
"stage08","stage08_input_preview_b04_firfilter2_db927ed96663","formal","dtype_and_input_contract","runs/stage08_input_preview_b04_firfilter2_db927ed96663/formal/20260810T083713Z_db927ed96663_stage08_b04_formal_b403000b/operator_dtype_evidence_firfilter2_not_applicable_20260810T083713Z_db927ed96663_stage08_b04_formal_b403000b.csv","20260810T083713Z_db927ed96663_stage08_b04_formal_b403000b","firfilter2__firfilter2_int16_10e3__f41e9da1ceea900f","firfilter2","INT16",,"actual_same_dtype_x_b_arrays_fp32_bidirectional_direct","2","x:INT16:[32x32]:bytes=2048:sha256=d62f80f8a724910ef5e954a54e05f54860201fbc8baf4678acd8f7a227ff3a4d|b:INT16:[3]:bytes=6:sha256=cd0bae01d09803811b7a14b69461d4b28f8d6e0f0b779ac030adfe1cdc0dee6a",,"[{""dtype"":""INT16"",""element_count"":""1024"",""generator"":""firfilter_modular(seed=84240002,integral=true)"",""input_name"":""x"",""preview_head4_tail2"":""i=0:-2;i=1:2;i=2:-3;i=3:1;i=1022:0;i=1023:4"",""shape"":""[32x32]""},{""dtype"":""INT16"",""element_count"":""3"",""generator"":""fixed_filter_coefficients"",""input_name"":""b"",""preview_head4_tail2"":""i=0:1;i=1:1;i=2:1"",""shape"":""[3]""}]","{""axis"":""0"",""cols"":""32"",""dtype"":""INT16"",""padlen"":""6"",""padtype"":""even"",""rows"":""32"",""seed"":""84240002""}","f41e9da1ceea900fba4ddb29fd72534a68a45fcd874d63934b7e54e1973a060b","FP32",,"not_applicable","FP32",,,,,,,,"PASS","OK"
"stage08","stage08_input_preview_b04_firfilter2_db927ed96663","formal","dtype_and_input_contract","runs/stage08_input_preview_b04_firfilter2_db927ed96663/formal/20260810T083713Z_db927ed96663_stage08_b04_formal_b403000c/operator_dtype_evidence_firfilter2_not_applicable_20260810T083713Z_db927ed96663_stage08_b04_formal_b403000c.csv","20260810T083713Z_db927ed96663_stage08_b04_formal_b403000c","firfilter2__firfilter2_int16_10e4__bfb5e00909c1c124","firfilter2","INT16",,"actual_same_dtype_x_b_arrays_fp32_bidirectional_direct","2","x:INT16:[100x100]:bytes=20000:sha256=2abcd8912d03e8b55893fb1e2a331203f8fc513172b51e4254f96510da85638a|b:INT16:[3]:bytes=6:sha256=cd0bae01d09803811b7a14b69461d4b28f8d6e0f0b779ac030adfe1cdc0dee6a",,"[{""dtype"":""INT16"",""element_count"":""10000"",""generator"":""firfilter_modular(seed=84240003,integral=true)"",""input_name"":""x"",""preview_head4_tail2"":""i=0:-1;i=1:3;i=2:-2;i=3:2;i=9998:4;i=9999:-1"",""shape"":""[100x100]""},{""dtype"":""INT16"",""element_count"":""3"",""generator"":""fixed_filter_coefficients"",""input_name"":""b"",""preview_head4_tail2"":""i=0:1;i=1:1;i=2:1"",""shape"":""[3]""}]","{""axis"":""1"",""cols"":""100"",""dtype"":""INT16"",""padlen"":""8"",""padtype"":""constant"",""rows"":""100"",""seed"":""84240003""}","bfb5e00909c1c124c4aac9dbc5a58fc486c21d107ed8f7fd84bd50a4924e19b4","FP32",,"not_applicable","FP32",,,,,,,,"PASS","OK"
"stage08","stage08_input_preview_b04_firfilter2_db927ed96663","formal","dtype_and_input_contract","runs/stage08_input_preview_b04_firfilter2_db927ed96663/formal/20260810T083714Z_db927ed96663_stage08_b04_formal_b403000d/operator_dtype_evidence_firfilter2_not_applicable_20260810T083714Z_db927ed96663_stage08_b04_formal_b403000d.csv","20260810T083714Z_db927ed96663_stage08_b04_formal_b403000d","firfilter2__firfilter2_int8_10e2__b813600a26be64d8","firfilter2","INT8",,"actual_same_dtype_x_b_arrays_fp32_bidirectional_direct","2","x:INT8:[10x10]:bytes=100:sha256=6a9cf3ded8ed69738b6c3aae545730a535b6150f6e262d13725afc90427ea2f3|b:INT8:[3]:bytes=3:sha256=75c8fd04ad916aec3e3d5cb76a452b116b3d4d0912a0a485e9fb8e3d240e210c",,"[{""dtype"":""INT8"",""element_count"":""100"",""generator"":""firfilter_modular(seed=84250001,integral=true)"",""input_name"":""x"",""preview_head4_tail2"":""i=0:-2;i=1:2;i=2:-3;i=3:1;i=98:3;i=99:-2"",""shape"":""[10x10]""},{""dtype"":""INT8"",""element_count"":""3"",""generator"":""fixed_filter_coefficients"",""input_name"":""b"",""preview_head4_tail2"":""i=0:1;i=1:1;i=2:1"",""shape"":""[3]""}]","{""axis"":""1"",""cols"":""10"",""dtype"":""INT8"",""padlen"":""4"",""padtype"":""odd"",""rows"":""10"",""seed"":""84250001""}","b813600a26be64d887e6ce07113d566f0a330296ff2797900a792df86074adf8","FP32",,"not_applicable","FP32",,,,,,,,"PASS","OK"
"stage08","stage08_input_preview_b04_firfilter2_db927ed96663","formal","dtype_and_input_contract","runs/stage08_input_preview_b04_firfilter2_db927ed96663/formal/20260810T083714Z_db927ed96663_stage08_b04_formal_b403000e/operator_dtype_evidence_firfilter2_not_applicable_20260810T083714Z_db927ed96663_stage08_b04_formal_b403000e.csv","20260810T083714Z_db927ed96663_stage08_b04_formal_b403000e","firfilter2__firfilter2_int8_10e3__202740e38e7f7c05","firfilter2","INT8",,"actual_same_dtype_x_b_arrays_fp32_bidirectional_direct","2","x:INT8:[32x32]:bytes=1024:sha256=5e31d70e99c50f9e4cfa1be7a704cc172678f5defed6dd50944eb513c14abf9c|b:INT8:[3]:bytes=3:sha256=75c8fd04ad916aec3e3d5cb76a452b116b3d4d0912a0a485e9fb8e3d240e210c",,"[{""dtype"":""INT8"",""element_count"":""1024"",""generator"":""firfilter_modular(seed=84250002,integral=true)"",""input_name"":""x"",""preview_head4_tail2"":""i=0:-1;i=1:3;i=2:-2;i=3:2;i=1022:1;i=1023:-4"",""shape"":""[32x32]""},{""dtype"":""INT8"",""element_count"":""3"",""generator"":""fixed_filter_coefficients"",""input_name"":""b"",""preview_head4_tail2"":""i=0:1;i=1:1;i=2:1"",""shape"":""[3]""}]","{""axis"":""0"",""cols"":""32"",""dtype"":""INT8"",""padlen"":""6"",""padtype"":""even"",""rows"":""32"",""seed"":""84250002""}","202740e38e7f7c05954474db56b83a72a234c21f330d0dd54900a754cf8e5a22","FP32",,"not_applicable","FP32",,,,,,,,"PASS","OK"
"stage08","stage08_input_preview_b04_firfilter2_db927ed96663","formal","dtype_and_input_contract","runs/stage08_input_preview_b04_firfilter2_db927ed96663/formal/20260810T083714Z_db927ed96663_stage08_b04_formal_b403000f/operator_dtype_evidence_firfilter2_not_applicable_20260810T083714Z_db927ed96663_stage08_b04_formal_b403000f.csv","20260810T083714Z_db927ed96663_stage08_b04_formal_b403000f","firfilter2__firfilter2_int8_10e4__07305073ace077e6","firfilter2","INT8",,"actual_same_dtype_x_b_arrays_fp32_bidirectional_direct","2","x:INT8:[100x100]:bytes=10000:sha256=ced4aec5ae2bde068ef0ec9906fdb2167640ad3f3aabdfbbf04d0b710768378f|b:INT8:[3]:bytes=3:sha256=75c8fd04ad916aec3e3d5cb76a452b116b3d4d0912a0a485e9fb8e3d240e210c",,"[{""dtype"":""INT8"",""element_count"":""10000"",""generator"":""firfilter_modular(seed=84250003,integral=true)"",""input_name"":""x"",""preview_head4_tail2"":""i=0:0;i=1:4;i=2:-1;i=3:3;i=9998:-4;i=9999:0"",""shape"":""[100x100]""},{""dtype"":""INT8"",""element_count"":""3"",""generator"":""fixed_filter_coefficients"",""input_name"":""b"",""preview_head4_tail2"":""i=0:1;i=1:1;i=2:1"",""shape"":""[3]""}]","{""axis"":""1"",""cols"":""100"",""dtype"":""INT8"",""padlen"":""8"",""padtype"":""constant"",""rows"":""100"",""seed"":""84250003""}","07305073ace077e6c666e3de5e527a91bd449113bc95e86b7b966430d83a3547","FP32",,"not_applicable","FP32",,,,,,,,"PASS","OK"
"stage08","stage08_input_preview_b04_firwin2_db927ed96663","formal","dtype_and_input_contract","runs/stage08_input_preview_b04_firwin2_db927ed96663/formal/20260810T083702Z_db927ed96663_stage08_b04_formal_b4020001/operator_dtype_evidence_firwin2_fft_thrust_20260810T083702Z_db927ed96663_stage08_b04_formal_b4020001.csv","20260810T083702Z_db927ed96663_stage08_b04_formal_b4020001","firwin2__firwin2_fp32_10e2__a26a252576b841ba","firwin2","FP32",,"actual_same_dtype_freq_gain_arrays","2","freq:FP32:[3]:bytes=12:sha256=ec59471fa91d47300ee1ceb1c4d6a5baa520636059cff91e1fd5e30faaee48a2|gain:FP32:[3]:bytes=12:sha256=3695fc5961dab4c804313662c5662248a3536224fb1dd93f8fb23304c437ff0c",,"[{""dtype"":""FP32"",""element_count"":""3"",""generator"":""fixed_frequency_breakpoints"",""input_name"":""freq"",""preview_head4_tail2"":""i=0:0;i=1:4;i=2:8"",""shape"":""[3]""},{""dtype"":""FP32"",""element_count"":""3"",""generator"":""fixed_gain_breakpoints"",""input_name"":""gain"",""preview_head4_tail2"":""i=0:0;i=1:1;i=2:0"",""shape"":""[3]""}]","{""antisymmetric"":""false"",""dtype"":""FP32"",""fs"":""16"",""nfreqs"":""33"",""numtaps"":""17"",""window"":""hamming""}","a26a252576b841baf1b94619cf5f52ed4bc780e063cb61ea0a43dba89c157c78","FP32",,"ComplexFP32","FP64","fft_thrust",,,,,,,"PASS","OK"
"stage08","stage08_input_preview_b04_firwin2_db927ed96663","formal","dtype_and_input_contract","runs/stage08_input_preview_b04_firwin2_db927ed96663/formal/20260810T083703Z_db927ed96663_stage08_b04_formal_b4020002/operator_dtype_evidence_firwin2_fft_thrust_20260810T083703Z_db927ed96663_stage08_b04_formal_b4020002.csv","20260810T083703Z_db927ed96663_stage08_b04_formal_b4020002","firwin2__firwin2_fp32_10e3__a26a252576b841ba","firwin2","FP32",,"actual_same_dtype_freq_gain_arrays","2","freq:FP32:[3]:bytes=12:sha256=ec59471fa91d47300ee1ceb1c4d6a5baa520636059cff91e1fd5e30faaee48a2|gain:FP32:[3]:bytes=12:sha256=3695fc5961dab4c804313662c5662248a3536224fb1dd93f8fb23304c437ff0c",,"[{""dtype"":""FP32"",""element_count"":""3"",""generator"":""fixed_frequency_breakpoints"",""input_name"":""freq"",""preview_head4_tail2"":""i=0:0;i=1:4;i=2:8"",""shape"":""[3]""},{""dtype"":""FP32"",""element_count"":""3"",""generator"":""fixed_gain_breakpoints"",""input_name"":""gain"",""preview_head4_tail2"":""i=0:0;i=1:1;i=2:0"",""shape"":""[3]""}]","{""antisymmetric"":""false"",""dtype"":""FP32"",""fs"":""16"",""nfreqs"":""65"",""numtaps"":""32"",""window"":""none""}","a26a252576b841baf1b94619cf5f52ed4bc780e063cb61ea0a43dba89c157c78","FP32",,"ComplexFP32","FP64","fft_thrust",,,,,,,"PASS","OK"
"stage08","stage08_input_preview_b04_firwin2_db927ed96663","formal","dtype_and_input_contract","runs/stage08_input_preview_b04_firwin2_db927ed96663/formal/20260810T083703Z_db927ed96663_stage08_b04_formal_b4020003/operator_dtype_evidence_firwin2_fft_thrust_20260810T083703Z_db927ed96663_stage08_b04_formal_b4020003.csv","20260810T083703Z_db927ed96663_stage08_b04_formal_b4020003","firwin2__firwin2_fp32_10e4__a26a252576b841ba","firwin2","FP32",,"actual_same_dtype_freq_gain_arrays","2","freq:FP32:[3]:bytes=12:sha256=ec59471fa91d47300ee1ceb1c4d6a5baa520636059cff91e1fd5e30faaee48a2|gain:FP32:[3]:bytes=12:sha256=3695fc5961dab4c804313662c5662248a3536224fb1dd93f8fb23304c437ff0c",,"[{""dtype"":""FP32"",""element_count"":""3"",""generator"":""fixed_frequency_breakpoints"",""input_name"":""freq"",""preview_head4_tail2"":""i=0:0;i=1:4;i=2:8"",""shape"":""[3]""},{""dtype"":""FP32"",""element_count"":""3"",""generator"":""fixed_gain_breakpoints"",""input_name"":""gain"",""preview_head4_tail2"":""i=0:0;i=1:1;i=2:0"",""shape"":""[3]""}]","{""antisymmetric"":""true"",""dtype"":""FP32"",""fs"":""16"",""nfreqs"":""257"",""numtaps"":""129"",""window"":""explicit""}","a26a252576b841baf1b94619cf5f52ed4bc780e063cb61ea0a43dba89c157c78","FP32",,"ComplexFP32","FP64","fft_thrust",,,,,,,"PASS","OK"
"stage08","stage08_input_preview_b04_firwin2_db927ed96663","formal","dtype_and_input_contract","runs/stage08_input_preview_b04_firwin2_db927ed96663/formal/20260810T083704Z_db927ed96663_stage08_b04_formal_b4020004/operator_dtype_evidence_firwin2_fft_thrust_20260810T083704Z_db927ed96663_stage08_b04_formal_b4020004.csv","20260810T083704Z_db927ed96663_stage08_b04_formal_b4020004","firwin2__firwin2_fp16_10e2__09117d6346d84820","firwin2","FP16",,"actual_same_dtype_freq_gain_arrays","2","freq:FP16:[3]:bytes=6:sha256=7a4f57ca7425bdc7f8ec06318f9d2388ff2223c589a45ef7f0d6778798aa1301|gain:FP16:[3]:bytes=6:sha256=4feefe23dbe131297da3474605e674b758f4ab9e224a674010e07d765afc3022",,"[{""dtype"":""FP16"",""element_count"":""3"",""generator"":""fixed_frequency_breakpoints"",""input_name"":""freq"",""preview_head4_tail2"":""i=0:0;i=1:4;i=2:8"",""shape"":""[3]""},{""dtype"":""FP16"",""element_count"":""3"",""generator"":""fixed_gain_breakpoints"",""input_name"":""gain"",""preview_head4_tail2"":""i=0:0;i=1:1;i=2:0"",""shape"":""[3]""}]","{""antisymmetric"":""false"",""dtype"":""FP16"",""fs"":""16"",""nfreqs"":""33"",""numtaps"":""17"",""window"":""hamming""}","09117d6346d848201f91fc3a2cec37480ccee8e7d902ea44e2190da2290e7463","FP32",,"ComplexFP32","FP64","fft_thrust",,,,,,,"PASS","OK"
"stage08","stage08_input_preview_b04_firwin2_db927ed96663","formal","dtype_and_input_contract","runs/stage08_input_preview_b04_firwin2_db927ed96663/formal/20260810T083704Z_db927ed96663_stage08_b04_formal_b4020005/operator_dtype_evidence_firwin2_fft_thrust_20260810T083704Z_db927ed96663_stage08_b04_formal_b4020005.csv","20260810T083704Z_db927ed96663_stage08_b04_formal_b4020005","firwin2__firwin2_fp16_10e3__09117d6346d84820","firwin2","FP16",,"actual_same_dtype_freq_gain_arrays","2","freq:FP16:[3]:bytes=6:sha256=7a4f57ca7425bdc7f8ec06318f9d2388ff2223c589a45ef7f0d6778798aa1301|gain:FP16:[3]:bytes=6:sha256=4feefe23dbe131297da3474605e674b758f4ab9e224a674010e07d765afc3022",,"[{""dtype"":""FP16"",""element_count"":""3"",""generator"":""fixed_frequency_breakpoints"",""input_name"":""freq"",""preview_head4_tail2"":""i=0:0;i=1:4;i=2:8"",""shape"":""[3]""},{""dtype"":""FP16"",""element_count"":""3"",""generator"":""fixed_gain_breakpoints"",""input_name"":""gain"",""preview_head4_tail2"":""i=0:0;i=1:1;i=2:0"",""shape"":""[3]""}]","{""antisymmetric"":""false"",""dtype"":""FP16"",""fs"":""16"",""nfreqs"":""65"",""numtaps"":""32"",""window"":""none""}","09117d6346d848201f91fc3a2cec37480ccee8e7d902ea44e2190da2290e7463","FP32",,"ComplexFP32","FP64","fft_thrust",,,,,,,"PASS","OK"
"stage08","stage08_input_preview_b04_firwin2_db927ed96663","formal","dtype_and_input_contract","runs/stage08_input_preview_b04_firwin2_db927ed96663/formal/20260810T083704Z_db927ed96663_stage08_b04_formal_b4020006/operator_dtype_evidence_firwin2_fft_thrust_20260810T083704Z_db927ed96663_stage08_b04_formal_b4020006.csv","20260810T083704Z_db927ed96663_stage08_b04_formal_b4020006","firwin2__firwin2_fp16_10e4__09117d6346d84820","firwin2","FP16",,"actual_same_dtype_freq_gain_arrays","2","freq:FP16:[3]:bytes=6:sha256=7a4f57ca7425bdc7f8ec06318f9d2388ff2223c589a45ef7f0d6778798aa1301|gain:FP16:[3]:bytes=6:sha256=4feefe23dbe131297da3474605e674b758f4ab9e224a674010e07d765afc3022",,"[{""dtype"":""FP16"",""element_count"":""3"",""generator"":""fixed_frequency_breakpoints"",""input_name"":""freq"",""preview_head4_tail2"":""i=0:0;i=1:4;i=2:8"",""shape"":""[3]""},{""dtype"":""FP16"",""element_count"":""3"",""generator"":""fixed_gain_breakpoints"",""input_name"":""gain"",""preview_head4_tail2"":""i=0:0;i=1:1;i=2:0"",""shape"":""[3]""}]","{""antisymmetric"":""true"",""dtype"":""FP16"",""fs"":""16"",""nfreqs"":""257"",""numtaps"":""129"",""window"":""explicit""}","09117d6346d848201f91fc3a2cec37480ccee8e7d902ea44e2190da2290e7463","FP32",,"ComplexFP32","FP64","fft_thrust",,,,,,,"PASS","OK"
"stage08","stage08_input_preview_b04_firwin2_db927ed96663","formal","dtype_and_input_contract","runs/stage08_input_preview_b04_firwin2_db927ed96663/formal/20260810T083705Z_db927ed96663_stage08_b04_formal_b4020007/operator_dtype_evidence_firwin2_fft_thrust_20260810T083705Z_db927ed96663_stage08_b04_formal_b4020007.csv","20260810T083705Z_db927ed96663_stage08_b04_formal_b4020007","firwin2__firwin2_int32_10e2__9bb7ee17931d2a9a","firwin2","INT32",,"actual_same_dtype_freq_gain_arrays","2","freq:INT32:[3]:bytes=12:sha256=a793829a02facc184584d96f9b5ab078907a0894a4588be70485afd1741001f1|gain:INT32:[3]:bytes=12:sha256=31190090408f837aa1dc44bf75404af354a0e5d5c965f1d407a97dd627554da5",,"[{""dtype"":""INT32"",""element_count"":""3"",""generator"":""fixed_frequency_breakpoints"",""input_name"":""freq"",""preview_head4_tail2"":""i=0:0;i=1:4;i=2:8"",""shape"":""[3]""},{""dtype"":""INT32"",""element_count"":""3"",""generator"":""fixed_gain_breakpoints"",""input_name"":""gain"",""preview_head4_tail2"":""i=0:0;i=1:1;i=2:0"",""shape"":""[3]""}]","{""antisymmetric"":""false"",""dtype"":""INT32"",""fs"":""16"",""nfreqs"":""33"",""numtaps"":""17"",""window"":""hamming""}","9bb7ee17931d2a9a4ebf725bb62923a7d4386220c65c617d97e4564f41e8e011","FP32",,"ComplexFP32","FP64","fft_thrust",,,,,,,"PASS","OK"
"stage08","stage08_input_preview_b04_firwin2_db927ed96663","formal","dtype_and_input_contract","runs/stage08_input_preview_b04_firwin2_db927ed96663/formal/20260810T083705Z_db927ed96663_stage08_b04_formal_b4020008/operator_dtype_evidence_firwin2_fft_thrust_20260810T083705Z_db927ed96663_stage08_b04_formal_b4020008.csv","20260810T083705Z_db927ed96663_stage08_b04_formal_b4020008","firwin2__firwin2_int32_10e3__9bb7ee17931d2a9a","firwin2","INT32",,"actual_same_dtype_freq_gain_arrays","2","freq:INT32:[3]:bytes=12:sha256=a793829a02facc184584d96f9b5ab078907a0894a4588be70485afd1741001f1|gain:INT32:[3]:bytes=12:sha256=31190090408f837aa1dc44bf75404af354a0e5d5c965f1d407a97dd627554da5",,"[{""dtype"":""INT32"",""element_count"":""3"",""generator"":""fixed_frequency_breakpoints"",""input_name"":""freq"",""preview_head4_tail2"":""i=0:0;i=1:4;i=2:8"",""shape"":""[3]""},{""dtype"":""INT32"",""element_count"":""3"",""generator"":""fixed_gain_breakpoints"",""input_name"":""gain"",""preview_head4_tail2"":""i=0:0;i=1:1;i=2:0"",""shape"":""[3]""}]","{""antisymmetric"":""false"",""dtype"":""INT32"",""fs"":""16"",""nfreqs"":""65"",""numtaps"":""32"",""window"":""none""}","9bb7ee17931d2a9a4ebf725bb62923a7d4386220c65c617d97e4564f41e8e011","FP32",,"ComplexFP32","FP64","fft_thrust",,,,,,,"PASS","OK"
"stage08","stage08_input_preview_b04_firwin2_db927ed96663","formal","dtype_and_input_contract","runs/stage08_input_preview_b04_firwin2_db927ed96663/formal/20260810T083705Z_db927ed96663_stage08_b04_formal_b4020009/operator_dtype_evidence_firwin2_fft_thrust_20260810T083705Z_db927ed96663_stage08_b04_formal_b4020009.csv","20260810T083705Z_db927ed96663_stage08_b04_formal_b4020009","firwin2__firwin2_int32_10e4__9bb7ee17931d2a9a","firwin2","INT32",,"actual_same_dtype_freq_gain_arrays","2","freq:INT32:[3]:bytes=12:sha256=a793829a02facc184584d96f9b5ab078907a0894a4588be70485afd1741001f1|gain:INT32:[3]:bytes=12:sha256=31190090408f837aa1dc44bf75404af354a0e5d5c965f1d407a97dd627554da5",,"[{""dtype"":""INT32"",""element_count"":""3"",""generator"":""fixed_frequency_breakpoints"",""input_name"":""freq"",""preview_head4_tail2"":""i=0:0;i=1:4;i=2:8"",""shape"":""[3]""},{""dtype"":""INT32"",""element_count"":""3"",""generator"":""fixed_gain_breakpoints"",""input_name"":""gain"",""preview_head4_tail2"":""i=0:0;i=1:1;i=2:0"",""shape"":""[3]""}]","{""antisymmetric"":""true"",""dtype"":""INT32"",""fs"":""16"",""nfreqs"":""257"",""numtaps"":""129"",""window"":""explicit""}","9bb7ee17931d2a9a4ebf725bb62923a7d4386220c65c617d97e4564f41e8e011","FP32",,"ComplexFP32","FP64","fft_thrust",,,,,,,"PASS","OK"
"stage08","stage08_input_preview_b04_firwin2_db927ed96663","formal","dtype_and_input_contract","runs/stage08_input_preview_b04_firwin2_db927ed96663/formal/20260810T083706Z_db927ed96663_stage08_b04_formal_b402000a/operator_dtype_evidence_firwin2_fft_thrust_20260810T083706Z_db927ed96663_stage08_b04_formal_b402000a.csv","20260810T083706Z_db927ed96663_stage08_b04_formal_b402000a","firwin2__firwin2_int16_10e2__387eca41ac2667e8","firwin2","INT16",,"actual_same_dtype_freq_gain_arrays","2","freq:INT16:[3]:bytes=6:sha256=685657cba263dadc8d537a94e34a185b61d992120f85ddfbd5f5d8b7cee17cfe|gain:INT16:[3]:bytes=6:sha256=025fc246f13759c192cbbae2a68f2b59b6478f21b31a05d77483a87e417906dd",,"[{""dtype"":""INT16"",""element_count"":""3"",""generator"":""fixed_frequency_breakpoints"",""input_name"":""freq"",""preview_head4_tail2"":""i=0:0;i=1:4;i=2:8"",""shape"":""[3]""},{""dtype"":""INT16"",""element_count"":""3"",""generator"":""fixed_gain_breakpoints"",""input_name"":""gain"",""preview_head4_tail2"":""i=0:0;i=1:1;i=2:0"",""shape"":""[3]""}]","{""antisymmetric"":""false"",""dtype"":""INT16"",""fs"":""16"",""nfreqs"":""33"",""numtaps"":""17"",""window"":""hamming""}","387eca41ac2667e8aafaa432d3f8d22273bb887ab1d1cd1ea179bf8b7066645a","FP32",,"ComplexFP32","FP64","fft_thrust",,,,,,,"PASS","OK"
"stage08","stage08_input_preview_b04_firwin2_db927ed96663","formal","dtype_and_input_contract","runs/stage08_input_preview_b04_firwin2_db927ed96663/formal/20260810T083706Z_db927ed96663_stage08_b04_formal_b402000b/operator_dtype_evidence_firwin2_fft_thrust_20260810T083706Z_db927ed96663_stage08_b04_formal_b402000b.csv","20260810T083706Z_db927ed96663_stage08_b04_formal_b402000b","firwin2__firwin2_int16_10e3__387eca41ac2667e8","firwin2","INT16",,"actual_same_dtype_freq_gain_arrays","2","freq:INT16:[3]:bytes=6:sha256=685657cba263dadc8d537a94e34a185b61d992120f85ddfbd5f5d8b7cee17cfe|gain:INT16:[3]:bytes=6:sha256=025fc246f13759c192cbbae2a68f2b59b6478f21b31a05d77483a87e417906dd",,"[{""dtype"":""INT16"",""element_count"":""3"",""generator"":""fixed_frequency_breakpoints"",""input_name"":""freq"",""preview_head4_tail2"":""i=0:0;i=1:4;i=2:8"",""shape"":""[3]""},{""dtype"":""INT16"",""element_count"":""3"",""generator"":""fixed_gain_breakpoints"",""input_name"":""gain"",""preview_head4_tail2"":""i=0:0;i=1:1;i=2:0"",""shape"":""[3]""}]","{""antisymmetric"":""false"",""dtype"":""INT16"",""fs"":""16"",""nfreqs"":""65"",""numtaps"":""32"",""window"":""none""}","387eca41ac2667e8aafaa432d3f8d22273bb887ab1d1cd1ea179bf8b7066645a","FP32",,"ComplexFP32","FP64","fft_thrust",,,,,,,"PASS","OK"
"stage08","stage08_input_preview_b04_firwin2_db927ed96663","formal","dtype_and_input_contract","runs/stage08_input_preview_b04_firwin2_db927ed96663/formal/20260810T083707Z_db927ed96663_stage08_b04_formal_b402000c/operator_dtype_evidence_firwin2_fft_thrust_20260810T083707Z_db927ed96663_stage08_b04_formal_b402000c.csv","20260810T083707Z_db927ed96663_stage08_b04_formal_b402000c","firwin2__firwin2_int16_10e4__387eca41ac2667e8","firwin2","INT16",,"actual_same_dtype_freq_gain_arrays","2","freq:INT16:[3]:bytes=6:sha256=685657cba263dadc8d537a94e34a185b61d992120f85ddfbd5f5d8b7cee17cfe|gain:INT16:[3]:bytes=6:sha256=025fc246f13759c192cbbae2a68f2b59b6478f21b31a05d77483a87e417906dd",,"[{""dtype"":""INT16"",""element_count"":""3"",""generator"":""fixed_frequency_breakpoints"",""input_name"":""freq"",""preview_head4_tail2"":""i=0:0;i=1:4;i=2:8"",""shape"":""[3]""},{""dtype"":""INT16"",""element_count"":""3"",""generator"":""fixed_gain_breakpoints"",""input_name"":""gain"",""preview_head4_tail2"":""i=0:0;i=1:1;i=2:0"",""shape"":""[3]""}]","{""antisymmetric"":""true"",""dtype"":""INT16"",""fs"":""16"",""nfreqs"":""257"",""numtaps"":""129"",""window"":""explicit""}","387eca41ac2667e8aafaa432d3f8d22273bb887ab1d1cd1ea179bf8b7066645a","FP32",,"ComplexFP32","FP64","fft_thrust",,,,,,,"PASS","OK"
"stage08","stage08_input_preview_b04_firwin2_db927ed96663","formal","dtype_and_input_contract","runs/stage08_input_preview_b04_firwin2_db927ed96663/formal/20260810T083707Z_db927ed96663_stage08_b04_formal_b402000d/operator_dtype_evidence_firwin2_fft_thrust_20260810T083707Z_db927ed96663_stage08_b04_formal_b402000d.csv","20260810T083707Z_db927ed96663_stage08_b04_formal_b402000d","firwin2__firwin2_int8_10e2__9443968c002c345f","firwin2","INT8",,"actual_same_dtype_freq_gain_arrays","2","freq:INT8:[3]:bytes=3:sha256=5f4818faa48e9d189118238a4fc34bfc268510de76119f52773ad64704f06c81|gain:INT8:[3]:bytes=3:sha256=faee935763044f124d7526755a5058a33f9402a595994d59eddd4be8546ff201",,"[{""dtype"":""INT8"",""element_count"":""3"",""generator"":""fixed_frequency_breakpoints"",""input_name"":""freq"",""preview_head4_tail2"":""i=0:0;i=1:4;i=2:8"",""shape"":""[3]""},{""dtype"":""INT8"",""element_count"":""3"",""generator"":""fixed_gain_breakpoints"",""input_name"":""gain"",""preview_head4_tail2"":""i=0:0;i=1:1;i=2:0"",""shape"":""[3]""}]","{""antisymmetric"":""false"",""dtype"":""INT8"",""fs"":""16"",""nfreqs"":""33"",""numtaps"":""17"",""window"":""hamming""}","9443968c002c345fc1317bcf0bafde13f2b044a998b5803511d3df0694dacb5c","FP32",,"ComplexFP32","FP64","fft_thrust",,,,,,,"PASS","OK"
"stage08","stage08_input_preview_b04_firwin2_db927ed96663","formal","dtype_and_input_contract","runs/stage08_input_preview_b04_firwin2_db927ed96663/formal/20260810T083708Z_db927ed96663_stage08_b04_formal_b402000e/operator_dtype_evidence_firwin2_fft_thrust_20260810T083708Z_db927ed96663_stage08_b04_formal_b402000e.csv","20260810T083708Z_db927ed96663_stage08_b04_formal_b402000e","firwin2__firwin2_int8_10e3__9443968c002c345f","firwin2","INT8",,"actual_same_dtype_freq_gain_arrays","2","freq:INT8:[3]:bytes=3:sha256=5f4818faa48e9d189118238a4fc34bfc268510de76119f52773ad64704f06c81|gain:INT8:[3]:bytes=3:sha256=faee935763044f124d7526755a5058a33f9402a595994d59eddd4be8546ff201",,"[{""dtype"":""INT8"",""element_count"":""3"",""generator"":""fixed_frequency_breakpoints"",""input_name"":""freq"",""preview_head4_tail2"":""i=0:0;i=1:4;i=2:8"",""shape"":""[3]""},{""dtype"":""INT8"",""element_count"":""3"",""generator"":""fixed_gain_breakpoints"",""input_name"":""gain"",""preview_head4_tail2"":""i=0:0;i=1:1;i=2:0"",""shape"":""[3]""}]","{""antisymmetric"":""false"",""dtype"":""INT8"",""fs"":""16"",""nfreqs"":""65"",""numtaps"":""32"",""window"":""none""}","9443968c002c345fc1317bcf0bafde13f2b044a998b5803511d3df0694dacb5c","FP32",,"ComplexFP32","FP64","fft_thrust",,,,,,,"PASS","OK"
"stage08","stage08_input_preview_b04_firwin2_db927ed96663","formal","dtype_and_input_contract","runs/stage08_input_preview_b04_firwin2_db927ed96663/formal/20260810T083708Z_db927ed96663_stage08_b04_formal_b402000f/operator_dtype_evidence_firwin2_fft_thrust_20260810T083708Z_db927ed96663_stage08_b04_formal_b402000f.csv","20260810T083708Z_db927ed96663_stage08_b04_formal_b402000f","firwin2__firwin2_int8_10e4__9443968c002c345f","firwin2","INT8",,"actual_same_dtype_freq_gain_arrays","2","freq:INT8:[3]:bytes=3:sha256=5f4818faa48e9d189118238a4fc34bfc268510de76119f52773ad64704f06c81|gain:INT8:[3]:bytes=3:sha256=faee935763044f124d7526755a5058a33f9402a595994d59eddd4be8546ff201",,"[{""dtype"":""INT8"",""element_count"":""3"",""generator"":""fixed_frequency_breakpoints"",""input_name"":""freq"",""preview_head4_tail2"":""i=0:0;i=1:4;i=2:8"",""shape"":""[3]""},{""dtype"":""INT8"",""element_count"":""3"",""generator"":""fixed_gain_breakpoints"",""input_name"":""gain"",""preview_head4_tail2"":""i=0:0;i=1:1;i=2:0"",""shape"":""[3]""}]","{""antisymmetric"":""true"",""dtype"":""INT8"",""fs"":""16"",""nfreqs"":""257"",""numtaps"":""129"",""window"":""explicit""}","9443968c002c345fc1317bcf0bafde13f2b044a998b5803511d3df0694dacb5c","FP32",,"ComplexFP32","FP64","fft_thrust",,,,,,,"PASS","OK"
"stage08","stage08_input_preview_b04_resample_poly_db927ed96663","formal","dtype_and_input_contract","runs/stage08_input_preview_b04_resample_poly_db927ed96663/formal/20260810T083717Z_db927ed96663_stage08_b04_formal_b4040001/operator_dtype_evidence_resample_poly_not_applicable_20260810T083717Z_db927ed96663_stage08_b04_formal_b4040001.csv","20260810T083717Z_db927ed96663_stage08_b04_formal_b4040001","resample_poly__resample_poly_fp32_10e2__e6c6e1083285c379","resample_poly","FP32",,"actual_typed_array_input","1","x:FP32:[100]:bytes=400:sha256=87a92f6623683d58e95f736db85054c5ee8fbbb721ee2885133ceac40871d174",,"[{""dtype"":""FP32"",""element_count"":""100"",""generator"":""resample_poly_modular(seed=84310001,integral=false)"",""input_name"":""x"",""preview_head4_tail2"":""i=0:0.25;i=1:-1;i=2:0.5;i=3:-0.75;i=98:-1.25;i=99:0.25"",""shape"":""[10x10]""}]","{""axis"":""1"",""cols"":""10"",""down"":""1"",""dtype"":""FP32"",""filter-mode"":""default_kaiser"",""rows"":""10"",""seed"":""84310001"",""up"":""2""}","e6c6e1083285c379373097316ac2817306b9c284a1dda498bdb6dd98c47bfbef","FP32",,"not_applicable","FP64",,,,,,,,"PASS","OK"
"stage08","stage08_input_preview_b04_resample_poly_db927ed96663","formal","dtype_and_input_contract","runs/stage08_input_preview_b04_resample_poly_db927ed96663/formal/20260810T083717Z_db927ed96663_stage08_b04_formal_b4040002/operator_dtype_evidence_resample_poly_not_applicable_20260810T083717Z_db927ed96663_stage08_b04_formal_b4040002.csv","20260810T083717Z_db927ed96663_stage08_b04_formal_b4040002","resample_poly__resample_poly_fp32_10e3__56ed140826dd5bc5","resample_poly","FP32",,"actual_typed_array_input","1","x:FP32:[1024]:bytes=4096:sha256=f1fb8f1bb97332707242d26a9a48d383c7c1bbfffca034692deb26544291b56f",,"[{""dtype"":""FP32"",""element_count"":""1024"",""generator"":""resample_poly_modular(seed=84310002,integral=false)"",""input_name"":""x"",""preview_head4_tail2"":""i=0:0.5;i=1:-0.75;i=2:0.75;i=3:-0.5;i=1022:-1;i=1023:0.5"",""shape"":""[32x32]""}]","{""axis"":""1"",""cols"":""32"",""down"":""2"",""dtype"":""FP32"",""filter-mode"":""identity"",""rows"":""32"",""seed"":""84310002"",""up"":""2""}","56ed140826dd5bc59bc6a5764e0296700f6568b9b5eab788a26c4b4c832976b6","identity_copy",,"not_applicable","FP32",,,,,,,,"PASS","OK"
"stage08","stage08_input_preview_b04_resample_poly_db927ed96663","formal","dtype_and_input_contract","runs/stage08_input_preview_b04_resample_poly_db927ed96663/formal/20260810T083717Z_db927ed96663_stage08_b04_formal_b4040003/operator_dtype_evidence_resample_poly_not_applicable_20260810T083717Z_db927ed96663_stage08_b04_formal_b4040003.csv","20260810T083717Z_db927ed96663_stage08_b04_formal_b4040003","resample_poly__resample_poly_fp32_10e4__79405b9e52405627","resample_poly","FP32",,"actual_typed_array_inputs","2","x:FP32:[10000]:bytes=40000:sha256=b6e140d51a93de254374e6403b931e412f1ee118fe0b4dbeae4b4c24646c6d6a|h:FP32:[5]:bytes=20:sha256=bcae093168a5bade3436dad2ed12ed8143e766955564bfa91b4c7d31d6a3bd9c",,"[{""dtype"":""FP32"",""element_count"":""10000"",""generator"":""resample_poly_modular(seed=84310003,integral=false)"",""input_name"":""x"",""preview_head4_tail2"":""i=0:0.75;i=1:-0.5;i=2:1;i=3:-0.25;i=9998:-0.75;i=9999:0.75"",""shape"":""[100x100]""},{""dtype"":""FP32"",""element_count"":""5"",""generator"":""fixed_custom_coefficients"",""input_name"":""h"",""preview_head4_tail2"":""i=0:1;i=1:2;i=2:3;i=3:2;i=4:1"",""shape"":""[5]""}]","{""axis"":""0"",""cols"":""100"",""down"":""3"",""dtype"":""FP32"",""filter-mode"":""custom"",""rows"":""100"",""seed"":""84310003"",""up"":""2""}","79405b9e5240562746cb38bc5d53375940be9e9e15f3fad7ce2213addbdd0654","FP32",,"not_applicable","FP32",,,,,,,,"PASS","OK"
"stage08","stage08_input_preview_b04_resample_poly_db927ed96663","formal","dtype_and_input_contract","runs/stage08_input_preview_b04_resample_poly_db927ed96663/formal/20260810T083717Z_db927ed96663_stage08_b04_formal_b4040004/operator_dtype_evidence_resample_poly_not_applicable_20260810T083717Z_db927ed96663_stage08_b04_formal_b4040004.csv","20260810T083717Z_db927ed96663_stage08_b04_formal_b4040004","resample_poly__resample_poly_fp16_10e2__fb0c398b0fe39e33","resample_poly","FP16",,"actual_typed_array_input","1","x:FP16:[100]:bytes=200:sha256=358d7a6c9648f68b4f8ecf72646586761c09f18f3e68bf72a2d8a0a2a397ec06",,"[{""dtype"":""FP16"",""element_count"":""100"",""generator"":""resample_poly_modular(seed=84320001,integral=false)"",""input_name"":""x"",""preview_head4_tail2"":""i=0:0.5;i=1:-0.75;i=2:0.75;i=3:-0.5;i=98:-1;i=99:0.5"",""shape"":""[10x10]""}]","{""axis"":""1"",""cols"":""10"",""down"":""1"",""dtype"":""FP16"",""filter-mode"":""default_kaiser"",""rows"":""10"",""seed"":""84320001"",""up"":""2""}","fb0c398b0fe39e33c1d8be16b286b2db94cd8c263f2c0e7b3a2a0c1fd7b861c9","FP32",,"not_applicable","FP64",,,,,,,,"PASS","OK"
"stage08","stage08_input_preview_b04_resample_poly_db927ed96663","formal","dtype_and_input_contract","runs/stage08_input_preview_b04_resample_poly_db927ed96663/formal/20260810T083717Z_db927ed96663_stage08_b04_formal_b4040005/operator_dtype_evidence_resample_poly_not_applicable_20260810T083717Z_db927ed96663_stage08_b04_formal_b4040005.csv","20260810T083717Z_db927ed96663_stage08_b04_formal_b4040005","resample_poly__resample_poly_fp16_10e3__90ec8c8b78ddcd61","resample_poly","FP16",,"actual_typed_array_input","1","x:FP16:[1024]:bytes=2048:sha256=c327ff2d431eaa15ed77dde1e8059811ac53c7629bc038610b514f4bbdb81caa",,"[{""dtype"":""FP16"",""element_count"":""1024"",""generator"":""resample_poly_modular(seed=84320002,integral=false)"",""input_name"":""x"",""preview_head4_tail2"":""i=0:0.75;i=1:-0.5;i=2:1;i=3:-0.25;i=1022:-0.75;i=1023:0.75"",""shape"":""[32x32]""}]","{""axis"":""1"",""cols"":""32"",""down"":""2"",""dtype"":""FP16"",""filter-mode"":""identity"",""rows"":""32"",""seed"":""84320002"",""up"":""2""}","90ec8c8b78ddcd6122dfded1eb20ada0c22d5a5686da5acb9ebebcf02921e563","identity_copy",,"not_applicable","FP16",,,,,,,,"PASS","OK"
"stage08","stage08_input_preview_b04_resample_poly_db927ed96663","formal","dtype_and_input_contract","runs/stage08_input_preview_b04_resample_poly_db927ed96663/formal/20260810T083718Z_db927ed96663_stage08_b04_formal_b4040006/operator_dtype_evidence_resample_poly_not_applicable_20260810T083718Z_db927ed96663_stage08_b04_formal_b4040006.csv","20260810T083718Z_db927ed96663_stage08_b04_formal_b4040006","resample_poly__resample_poly_fp16_10e4__ed7dbe728c770f04","resample_poly","FP16",,"actual_typed_array_inputs","2","x:FP16:[10000]:bytes=20000:sha256=555f45b08fb6b436c7a3fa57999c3c23babaac44c96935602f3153b10d8d6635|h:FP16:[5]:bytes=10:sha256=c130d71a05fb77014d08ea9a0d835cef58cb655c67fca66ddb826447f8f8d995",,"[{""dtype"":""FP16"",""element_count"":""10000"",""generator"":""resample_poly_modular(seed=84320003,integral=false)"",""input_name"":""x"",""preview_head4_tail2"":""i=0:1;i=1:-0.25;i=2:1.25;i=3:0;i=9998:-0.5;i=9999:1"",""shape"":""[100x100]""},{""dtype"":""FP16"",""element_count"":""5"",""generator"":""fixed_custom_coefficients"",""input_name"":""h"",""preview_head4_tail2"":""i=0:1;i=1:2;i=2:3;i=3:2;i=4:1"",""shape"":""[5]""}]","{""axis"":""0"",""cols"":""100"",""down"":""3"",""dtype"":""FP16"",""filter-mode"":""custom"",""rows"":""100"",""seed"":""84320003"",""up"":""2""}","ed7dbe728c770f042c8f47d733fb569f5b0fa64f6ac53adf8bb22ba04abed935","FP32",,"not_applicable","FP32",,,,,,,,"PASS","OK"
"stage08","stage08_input_preview_b04_resample_poly_db927ed96663","formal","dtype_and_input_contract","runs/stage08_input_preview_b04_resample_poly_db927ed96663/formal/20260810T083718Z_db927ed96663_stage08_b04_formal_b4040007/operator_dtype_evidence_resample_poly_not_applicable_20260810T083718Z_db927ed96663_stage08_b04_formal_b4040007.csv","20260810T083718Z_db927ed96663_stage08_b04_formal_b4040007","resample_poly__resample_poly_int32_10e2__e1190557ec63b579","resample_poly","INT32",,"actual_typed_array_input","1","x:INT32:[100]:bytes=400:sha256=152459430e6a8d4bc62bdbe3b11ffddea0cd7559c08035f5fa8496284cac2d8a",,"[{""dtype"":""INT32"",""element_count"":""100"",""generator"":""resample_poly_modular(seed=84330001,integral=true)"",""input_name"":""x"",""preview_head4_tail2"":""i=0:3;i=1:-2;i=2:4;i=3:-1;i=98:-3;i=99:3"",""shape"":""[10x10]""}]","{""axis"":""1"",""cols"":""10"",""down"":""1"",""dtype"":""INT32"",""filter-mode"":""default_kaiser"",""rows"":""10"",""seed"":""84330001"",""up"":""2""}","e1190557ec63b5798614318fcafda3ab4393a5471ebdaaf2db87c543f8061805","FP32",,"not_applicable","FP64",,,,,,,,"PASS","OK"
"stage08","stage08_input_preview_b04_resample_poly_db927ed96663","formal","dtype_and_input_contract","runs/stage08_input_preview_b04_resample_poly_db927ed96663/formal/20260810T083718Z_db927ed96663_stage08_b04_formal_b4040008/operator_dtype_evidence_resample_poly_not_applicable_20260810T083718Z_db927ed96663_stage08_b04_formal_b4040008.csv","20260810T083718Z_db927ed96663_stage08_b04_formal_b4040008","resample_poly__resample_poly_int32_10e3__6b52b531745f0137","resample_poly","INT32",,"actual_typed_array_input","1","x:INT32:[1024]:bytes=4096:sha256=7d2795e6ac7821adfb813e8ca27eb132cf2f963f65590fdaf8dd81638d1a0bbb",,"[{""dtype"":""INT32"",""element_count"":""1024"",""generator"":""resample_poly_modular(seed=84330002,integral=true)"",""input_name"":""x"",""preview_head4_tail2"":""i=0:4;i=1:-1;i=2:5;i=3:0;i=1022:-2;i=1023:4"",""shape"":""[32x32]""}]","{""axis"":""1"",""cols"":""32"",""down"":""2"",""dtype"":""INT32"",""filter-mode"":""identity"",""rows"":""32"",""seed"":""84330002"",""up"":""2""}","6b52b531745f013799d09929c78c8ed5bbfa1b4886a1dd0061338104351d5804","identity_copy",,"not_applicable","INT32",,,,,,,,"PASS","OK"
"stage08","stage08_input_preview_b04_resample_poly_db927ed96663","formal","dtype_and_input_contract","runs/stage08_input_preview_b04_resample_poly_db927ed96663/formal/20260810T083718Z_db927ed96663_stage08_b04_formal_b4040009/operator_dtype_evidence_resample_poly_not_applicable_20260810T083718Z_db927ed96663_stage08_b04_formal_b4040009.csv","20260810T083718Z_db927ed96663_stage08_b04_formal_b4040009","resample_poly__resample_poly_int32_10e4__fd6a3d7b77d6b6b7","resample_poly","INT32",,"actual_typed_array_inputs","2","x:INT32:[10000]:bytes=40000:sha256=b2685ccea98160e8639d876a011f8be14536c682a440007fda63fa6da3d06978|h:INT32:[5]:bytes=20:sha256=ccf8153dade2825a280c91854a17463593ec2e1787a883ad7c7d5329a34b921b",,"[{""dtype"":""INT32"",""element_count"":""10000"",""generator"":""resample_poly_modular(seed=84330003,integral=true)"",""input_name"":""x"",""preview_head4_tail2"":""i=0:5;i=1:0;i=2:-5;i=3:1;i=9998:-1;i=9999:5"",""shape"":""[100x100]""},{""dtype"":""INT32"",""element_count"":""5"",""generator"":""fixed_custom_coefficients"",""input_name"":""h"",""preview_head4_tail2"":""i=0:1;i=1:2;i=2:3;i=3:2;i=4:1"",""shape"":""[5]""}]","{""axis"":""0"",""cols"":""100"",""down"":""3"",""dtype"":""INT32"",""filter-mode"":""custom"",""rows"":""100"",""seed"":""84330003"",""up"":""2""}","fd6a3d7b77d6b6b7cabc2925998ba8cd209b4f05e0f4b363fa6ed4c6f0b78c45","FP32",,"not_applicable","FP64",,,,,,,,"PASS","OK"
"stage08","stage08_input_preview_b04_resample_poly_db927ed96663","formal","dtype_and_input_contract","runs/stage08_input_preview_b04_resample_poly_db927ed96663/formal/20260810T083719Z_db927ed96663_stage08_b04_formal_b404000a/operator_dtype_evidence_resample_poly_not_applicable_20260810T083719Z_db927ed96663_stage08_b04_formal_b404000a.csv","20260810T083719Z_db927ed96663_stage08_b04_formal_b404000a","resample_poly__resample_poly_int16_10e2__fc56ad3976a94a30","resample_poly","INT16",,"actual_typed_array_input","1","x:INT16:[100]:bytes=200:sha256=738b57fa3c2736f8a0906f28f4f97c004e37c2bb950d4e4aee12f0c0b653381c",,"[{""dtype"":""INT16"",""element_count"":""100"",""generator"":""resample_poly_modular(seed=84340001,integral=true)"",""input_name"":""x"",""preview_head4_tail2"":""i=0:4;i=1:-1;i=2:5;i=3:0;i=98:-2;i=99:4"",""shape"":""[10x10]""}]","{""axis"":""1"",""cols"":""10"",""down"":""1"",""dtype"":""INT16"",""filter-mode"":""default_kaiser"",""rows"":""10"",""seed"":""84340001"",""up"":""2""}","fc56ad3976a94a30576b1239ba0e2a67c3e1f0bb92ad203cc9ffbe635a172a19","FP32",,"not_applicable","FP64",,,,,,,,"PASS","OK"
"stage08","stage08_input_preview_b04_resample_poly_db927ed96663","formal","dtype_and_input_contract","runs/stage08_input_preview_b04_resample_poly_db927ed96663/formal/20260810T083719Z_db927ed96663_stage08_b04_formal_b404000b/operator_dtype_evidence_resample_poly_not_applicable_20260810T083719Z_db927ed96663_stage08_b04_formal_b404000b.csv","20260810T083719Z_db927ed96663_stage08_b04_formal_b404000b","resample_poly__resample_poly_int16_10e3__aa415031a6c06b23","resample_poly","INT16",,"actual_typed_array_input","1","x:INT16:[1024]:bytes=2048:sha256=61eb28b2b4a317ce57bc2289ba3045ba217d867b65115c6e3d16075cc44984a8",,"[{""dtype"":""INT16"",""element_count"":""1024"",""generator"":""resample_poly_modular(seed=84340002,integral=true)"",""input_name"":""x"",""preview_head4_tail2"":""i=0:5;i=1:0;i=2:-5;i=3:1;i=1022:-1;i=1023:5"",""shape"":""[32x32]""}]","{""axis"":""1"",""cols"":""32"",""down"":""2"",""dtype"":""INT16"",""filter-mode"":""identity"",""rows"":""32"",""seed"":""84340002"",""up"":""2""}","aa415031a6c06b23eedf3512e3e71eb5c7b18669d5db13d7bea4cc3aa95d6e16","identity_copy",,"not_applicable","INT16",,,,,,,,"PASS","OK"
"stage08","stage08_input_preview_b04_resample_poly_db927ed96663","formal","dtype_and_input_contract","runs/stage08_input_preview_b04_resample_poly_db927ed96663/formal/20260810T083719Z_db927ed96663_stage08_b04_formal_b404000c/operator_dtype_evidence_resample_poly_not_applicable_20260810T083719Z_db927ed96663_stage08_b04_formal_b404000c.csv","20260810T083719Z_db927ed96663_stage08_b04_formal_b404000c","resample_poly__resample_poly_int16_10e4__ec43a9d1dfcb886a","resample_poly","INT16",,"actual_typed_array_inputs","2","x:INT16:[10000]:bytes=20000:sha256=cf66da8e64f51f2fb2eb5ba6a82b0a3b25879c96be0958aadddeeedf0525aba0|h:INT16:[5]:bytes=10:sha256=1c77bebb327c4772d3631ffdb040a91b3401afd81c1bbf682fe1f535b599ed29",,"[{""dtype"":""INT16"",""element_count"":""10000"",""generator"":""resample_poly_modular(seed=84340003,integral=true)"",""input_name"":""x"",""preview_head4_tail2"":""i=0:-5;i=1:1;i=2:-4;i=3:2;i=9998:0;i=9999:-5"",""shape"":""[100x100]""},{""dtype"":""INT16"",""element_count"":""5"",""generator"":""fixed_custom_coefficients"",""input_name"":""h"",""preview_head4_tail2"":""i=0:1;i=1:2;i=2:3;i=3:2;i=4:1"",""shape"":""[5]""}]","{""axis"":""0"",""cols"":""100"",""down"":""3"",""dtype"":""INT16"",""filter-mode"":""custom"",""rows"":""100"",""seed"":""84340003"",""up"":""2""}","ec43a9d1dfcb886a012ed18ac14d56de59fac057aceb423919d319dfc7d99ce4","FP32",,"not_applicable","FP32",,,,,,,,"PASS","OK"
"stage08","stage08_input_preview_b04_resample_poly_db927ed96663","formal","dtype_and_input_contract","runs/stage08_input_preview_b04_resample_poly_db927ed96663/formal/20260810T083719Z_db927ed96663_stage08_b04_formal_b404000d/operator_dtype_evidence_resample_poly_not_applicable_20260810T083719Z_db927ed96663_stage08_b04_formal_b404000d.csv","20260810T083719Z_db927ed96663_stage08_b04_formal_b404000d","resample_poly__resample_poly_int8_10e2__a8e29df28a6da0c2","resample_poly","INT8",,"actual_typed_array_input","1","x:INT8:[100]:bytes=100:sha256=2479a0887b7cae71b20cbc59938e2d0e20c9d27d78d7eabc647649b7d527bc40",,"[{""dtype"":""INT8"",""element_count"":""100"",""generator"":""resample_poly_modular(seed=84350001,integral=true)"",""input_name"":""x"",""preview_head4_tail2"":""i=0:5;i=1:0;i=2:-5;i=3:1;i=98:-1;i=99:5"",""shape"":""[10x10]""}]","{""axis"":""1"",""cols"":""10"",""down"":""1"",""dtype"":""INT8"",""filter-mode"":""default_kaiser"",""rows"":""10"",""seed"":""84350001"",""up"":""2""}","a8e29df28a6da0c2d3cbb9c7f300a63272318b882339b282072d86042b780913","FP32",,"not_applicable","FP64",,,,,,,,"PASS","OK"
"stage08","stage08_input_preview_b04_resample_poly_db927ed96663","formal","dtype_and_input_contract","runs/stage08_input_preview_b04_resample_poly_db927ed96663/formal/20260810T083719Z_db927ed96663_stage08_b04_formal_b404000e/operator_dtype_evidence_resample_poly_not_applicable_20260810T083719Z_db927ed96663_stage08_b04_formal_b404000e.csv","20260810T083719Z_db927ed96663_stage08_b04_formal_b404000e","resample_poly__resample_poly_int8_10e3__bd73f30d35a3eb3a","resample_poly","INT8",,"actual_typed_array_input","1","x:INT8:[1024]:bytes=1024:sha256=2af0216fd4ba1f4270c28a5df8a711985cdee7407867bd8ad16f681f40cc0c86",,"[{""dtype"":""INT8"",""element_count"":""1024"",""generator"":""resample_poly_modular(seed=84350002,integral=true)"",""input_name"":""x"",""preview_head4_tail2"":""i=0:-5;i=1:1;i=2:-4;i=3:2;i=1022:0;i=1023:-5"",""shape"":""[32x32]""}]","{""axis"":""1"",""cols"":""32"",""down"":""2"",""dtype"":""INT8"",""filter-mode"":""identity"",""rows"":""32"",""seed"":""84350002"",""up"":""2""}","bd73f30d35a3eb3a95e4e0106e182d77165d2eef8db25704f97d27127879eb2c","identity_copy",,"not_applicable","INT8",,,,,,,,"PASS","OK"
"stage08","stage08_input_preview_b04_resample_poly_db927ed96663","formal","dtype_and_input_contract","runs/stage08_input_preview_b04_resample_poly_db927ed96663/formal/20260810T083719Z_db927ed96663_stage08_b04_formal_b404000f/operator_dtype_evidence_resample_poly_not_applicable_20260810T083719Z_db927ed96663_stage08_b04_formal_b404000f.csv","20260810T083719Z_db927ed96663_stage08_b04_formal_b404000f","resample_poly__resample_poly_int8_10e4__8a808a0597bd8561","resample_poly","INT8",,"actual_typed_array_inputs","2","x:INT8:[10000]:bytes=10000:sha256=e4d96a3e93591dd63f8c054ca9e716bc68ea616ac173a0fcbad542a612852f22|h:INT8:[5]:bytes=5:sha256=5b720eecbb7fe310fd5d2b67f4c2235615002ac6c137d8bf1a0da01156a137e3",,"[{""dtype"":""INT8"",""element_count"":""10000"",""generator"":""resample_poly_modular(seed=84350003,integral=true)"",""input_name"":""x"",""preview_head4_tail2"":""i=0:-4;i=1:2;i=2:-3;i=3:3;i=9998:1;i=9999:-4"",""shape"":""[100x100]""},{""dtype"":""INT8"",""element_count"":""5"",""generator"":""fixed_custom_coefficients"",""input_name"":""h"",""preview_head4_tail2"":""i=0:1;i=1:2;i=2:3;i=3:2;i=4:1"",""shape"":""[5]""}]","{""axis"":""0"",""cols"":""100"",""down"":""3"",""dtype"":""INT8"",""filter-mode"":""custom"",""rows"":""100"",""seed"":""84350003"",""up"":""2""}","8a808a0597bd85617c1600d608a928d35b066ffb77856abf85be9e4c6b9f1883","FP32",,"not_applicable","FP32",,,,,,,,"PASS","OK"
"stage08","stage08_input_preview_b04_upfirdn_db927ed96663","formal","dtype_and_input_contract","runs/stage08_input_preview_b04_upfirdn_db927ed96663/formal/20260810T083722Z_db927ed96663_stage08_b04_formal_b4050001/operator_dtype_evidence_upfirdn_not_applicable_20260810T083722Z_db927ed96663_stage08_b04_formal_b4050001.csv","20260810T083722Z_db927ed96663_stage08_b04_formal_b4050001","upfirdn__upfirdn_fp32_10e2__8b948299b636b032","upfirdn","FP32",,"actual_same_dtype_h_x_arrays","2","h:FP32:[5]:bytes=20:sha256=31d00e2257e6a589e51f2ca257d537759a5f5740baeea0815a6cc124da126ca0|x:FP32:[100]:bytes=400:sha256=3864111cb73308e9dbd3ced356cfb2511b120bcb11c694b96b566d8f70e66663",,"[{""dtype"":""FP32"",""element_count"":""5"",""generator"":""upfirdn_modular(seed=84410002,integral=false)"",""input_name"":""h"",""preview_head4_tail2"":""i=0:-0.75;i=1:-1;i=2:1;i=3:0.75;i=4:0.5"",""shape"":""[5]""},{""dtype"":""FP32"",""element_count"":""100"",""generator"":""upfirdn_modular(seed=84410001,integral=false)"",""input_name"":""x"",""preview_head4_tail2"":""i=0:-1;i=1:1;i=2:0.75;i=3:0.5;i=98:-0.75;i=99:-1"",""shape"":""[100]""}]","{""axis"":""0"",""cols"":""1"",""down"":""1"",""dtype"":""FP32"",""rank"":""1"",""rows"":""100"",""seed"":""84410001"",""taps"":""5"",""up"":""2""}","8b948299b636b0326c550c5932f83514770bc17be92e5353f399ea1b573bcad9","FP32",,"not_applicable","FP32",,,,,,,,"PASS","OK"
"stage08","stage08_input_preview_b04_upfirdn_db927ed96663","formal","dtype_and_input_contract","runs/stage08_input_preview_b04_upfirdn_db927ed96663/formal/20260810T083722Z_db927ed96663_stage08_b04_formal_b4050002/operator_dtype_evidence_upfirdn_not_applicable_20260810T083722Z_db927ed96663_stage08_b04_formal_b4050002.csv","20260810T083722Z_db927ed96663_stage08_b04_formal_b4050002","upfirdn__upfirdn_fp32_10e3__dce29283d772c6a3","upfirdn","FP32",,"actual_same_dtype_h_x_arrays","2","h:FP32:[7]:bytes=28:sha256=ac140c48b1fc47b62ff281e1f56d4c3ed4225324a786531cf5f7104e6c2fd3ea|x:FP32:[1024]:bytes=4096:sha256=1206ccc6a93343bcd44c05ede362d753307bd2791d1de48ffdc7d90e5186948f",,"[{""dtype"":""FP32"",""element_count"":""7"",""generator"":""upfirdn_modular(seed=84410003,integral=false)"",""input_name"":""h"",""preview_head4_tail2"":""i=0:-0.5;i=1:-0.75;i=2:-1;i=3:1;i=5:0.5;i=6:0.25"",""shape"":""[7]""},{""dtype"":""FP32"",""element_count"":""1024"",""generator"":""upfirdn_modular(seed=84410002,integral=false)"",""input_name"":""x"",""preview_head4_tail2"":""i=0:-0.75;i=1:-1;i=2:1;i=3:0.75;i=1022:0.25;i=1023:0"",""shape"":""[32x32]""}]","{""axis"":""1"",""cols"":""32"",""down"":""2"",""dtype"":""FP32"",""rank"":""2"",""rows"":""32"",""seed"":""84410002"",""taps"":""7"",""up"":""3""}","dce29283d772c6a3999dbd23868530f983f9b29ae9c27c6ebf1b07cfde4b7983","FP32",,"not_applicable","FP32",,,,,,,,"PASS","OK"
"stage08","stage08_input_preview_b04_upfirdn_db927ed96663","formal","dtype_and_input_contract","runs/stage08_input_preview_b04_upfirdn_db927ed96663/formal/20260810T083722Z_db927ed96663_stage08_b04_formal_b4050003/operator_dtype_evidence_upfirdn_not_applicable_20260810T083722Z_db927ed96663_stage08_b04_formal_b4050003.csv","20260810T083722Z_db927ed96663_stage08_b04_formal_b4050003","upfirdn__upfirdn_fp32_10e4__f7d94cc94213f899","upfirdn","FP32",,"actual_same_dtype_h_x_arrays","2","h:FP32:[9]:bytes=36:sha256=b7b39c48c69b2f5e23d7cceae3c434030a209bd2bdcb83c432d87d3106362997|x:FP32:[10000]:bytes=40000:sha256=1a7916569cdd50ea0eb9bf5a002bb39a6102755c40c7733fb5c3d00e0e98534c",,"[{""dtype"":""FP32"",""element_count"":""9"",""generator"":""upfirdn_modular(seed=84410004,integral=false)"",""input_name"":""h"",""preview_head4_tail2"":""i=0:-0.25;i=1:-0.5;i=2:-0.75;i=3:-1;i=7:0.25;i=8:0"",""shape"":""[9]""},{""dtype"":""FP32"",""element_count"":""10000"",""generator"":""upfirdn_modular(seed=84410003,integral=false)"",""input_name"":""x"",""preview_head4_tail2"":""i=0:-0.5;i=1:-0.75;i=2:-1;i=3:1;i=9998:-0.25;i=9999:-0.5"",""shape"":""[100x100]""}]","{""axis"":""0"",""cols"":""100"",""down"":""3"",""dtype"":""FP32"",""rank"":""2"",""rows"":""100"",""seed"":""84410003"",""taps"":""9"",""up"":""2""}","f7d94cc94213f899a90bd2eb612b5d12f98eee81b146ce132dd9f0f6cfa2739b","FP32",,"not_applicable","FP32",,,,,,,,"PASS","OK"
"stage08","stage08_input_preview_b04_upfirdn_db927ed96663","formal","dtype_and_input_contract","runs/stage08_input_preview_b04_upfirdn_db927ed96663/formal/20260810T083722Z_db927ed96663_stage08_b04_formal_b4050004/operator_dtype_evidence_upfirdn_not_applicable_20260810T083722Z_db927ed96663_stage08_b04_formal_b4050004.csv","20260810T083722Z_db927ed96663_stage08_b04_formal_b4050004","upfirdn__upfirdn_fp16_10e2__a16768a80064383c","upfirdn","FP16",,"actual_same_dtype_h_x_arrays","2","h:FP16:[5]:bytes=10:sha256=63668be43038345e931d667fd61b5537dc7e42d6424654d7e15fe8fe1b4a08a3|x:FP16:[100]:bytes=200:sha256=b27abeb4265211d38551d62d75cf199d099515592c3826f02e174e9b525225d7",,"[{""dtype"":""FP16"",""element_count"":""5"",""generator"":""upfirdn_modular(seed=84420002,integral=false)"",""input_name"":""h"",""preview_head4_tail2"":""i=0:-0.5;i=1:-0.75;i=2:-1;i=3:1;i=4:0.75"",""shape"":""[5]""},{""dtype"":""FP16"",""element_count"":""100"",""generator"":""upfirdn_modular(seed=84420001,integral=false)"",""input_name"":""x"",""preview_head4_tail2"":""i=0:-0.75;i=1:-1;i=2:1;i=3:0.75;i=98:-0.5;i=99:-0.75"",""shape"":""[100]""}]","{""axis"":""0"",""cols"":""1"",""down"":""1"",""dtype"":""FP16"",""rank"":""1"",""rows"":""100"",""seed"":""84420001"",""taps"":""5"",""up"":""2""}","a16768a80064383c9e11af26edfc47d683429de06c166d48e7ad747c53a9d9f0","FP32",,"not_applicable","FP32",,,,,,,,"PASS","OK"
"stage08","stage08_input_preview_b04_upfirdn_db927ed96663","formal","dtype_and_input_contract","runs/stage08_input_preview_b04_upfirdn_db927ed96663/formal/20260810T083723Z_db927ed96663_stage08_b04_formal_b4050005/operator_dtype_evidence_upfirdn_not_applicable_20260810T083723Z_db927ed96663_stage08_b04_formal_b4050005.csv","20260810T083723Z_db927ed96663_stage08_b04_formal_b4050005","upfirdn__upfirdn_fp16_10e3__b7a2b3b9819ab2e3","upfirdn","FP16",,"actual_same_dtype_h_x_arrays","2","h:FP16:[7]:bytes=14:sha256=a8fe96f27a9bd70023990c806d1aef4ad40c23e4f3e9f0b0d965828bc531d9fc|x:FP16:[1024]:bytes=2048:sha256=ba3dcb39c13dc0676c753cd2d6f34b8b4aef059f022d42c2049a150f3c09bce3",,"[{""dtype"":""FP16"",""element_count"":""7"",""generator"":""upfirdn_modular(seed=84420003,integral=false)"",""input_name"":""h"",""preview_head4_tail2"":""i=0:-0.25;i=1:-0.5;i=2:-0.75;i=3:-1;i=5:0.75;i=6:0.5"",""shape"":""[7]""},{""dtype"":""FP16"",""element_count"":""1024"",""generator"":""upfirdn_modular(seed=84420002,integral=false)"",""input_name"":""x"",""preview_head4_tail2"":""i=0:-0.5;i=1:-0.75;i=2:-1;i=3:1;i=1022:0.5;i=1023:0.25"",""shape"":""[32x32]""}]","{""axis"":""1"",""cols"":""32"",""down"":""2"",""dtype"":""FP16"",""rank"":""2"",""rows"":""32"",""seed"":""84420002"",""taps"":""7"",""up"":""3""}","b7a2b3b9819ab2e3c056da3ea6dcf7e52de2d969fdae1ffaf2bb0b70ae18b25f","FP32",,"not_applicable","FP32",,,,,,,,"PASS","OK"
"stage08","stage08_input_preview_b04_upfirdn_db927ed96663","formal","dtype_and_input_contract","runs/stage08_input_preview_b04_upfirdn_db927ed96663/formal/20260810T083723Z_db927ed96663_stage08_b04_formal_b4050006/operator_dtype_evidence_upfirdn_not_applicable_20260810T083723Z_db927ed96663_stage08_b04_formal_b4050006.csv","20260810T083723Z_db927ed96663_stage08_b04_formal_b4050006","upfirdn__upfirdn_fp16_10e4__58899f1fbb440524","upfirdn","FP16",,"actual_same_dtype_h_x_arrays","2","h:FP16:[9]:bytes=18:sha256=313e982d3f432f114a08ad962364ba1d4c3ff681bd8f3507c9476760d1736e5f|x:FP16:[10000]:bytes=20000:sha256=d442c5edccd2f16415af598dfa58f13c10e6a67fe26106d4e7e938e7fed742fd",,"[{""dtype"":""FP16"",""element_count"":""9"",""generator"":""upfirdn_modular(seed=84420004,integral=false)"",""input_name"":""h"",""preview_head4_tail2"":""i=0:0;i=1:-0.25;i=2:-0.5;i=3:-0.75;i=7:0.5;i=8:0.25"",""shape"":""[9]""},{""dtype"":""FP16"",""element_count"":""10000"",""generator"":""upfirdn_modular(seed=84420003,integral=false)"",""input_name"":""x"",""preview_head4_tail2"":""i=0:-0.25;i=1:-0.5;i=2:-0.75;i=3:-1;i=9998:0;i=9999:-0.25"",""shape"":""[100x100]""}]","{""axis"":""0"",""cols"":""100"",""down"":""3"",""dtype"":""FP16"",""rank"":""2"",""rows"":""100"",""seed"":""84420003"",""taps"":""9"",""up"":""2""}","58899f1fbb4405246e67f5379ee435344198d87dcaca0c1d120cb325e2dc1a5a","FP32",,"not_applicable","FP32",,,,,,,,"PASS","OK"
"stage08","stage08_input_preview_b04_upfirdn_db927ed96663","formal","dtype_and_input_contract","runs/stage08_input_preview_b04_upfirdn_db927ed96663/formal/20260810T083723Z_db927ed96663_stage08_b04_formal_b4050007/operator_dtype_evidence_upfirdn_not_applicable_20260810T083723Z_db927ed96663_stage08_b04_formal_b4050007.csv","20260810T083723Z_db927ed96663_stage08_b04_formal_b4050007","upfirdn__upfirdn_int32_10e2__edd3a6812ba120db","upfirdn","INT32",,"actual_same_dtype_h_x_arrays","2","h:INT32:[5]:bytes=20:sha256=5e52de0f27e70dd8b4f36cb5ca62836a333200775c231749a047def5cc76fcbd|x:INT32:[100]:bytes=400:sha256=dd755fc91485704e843d8dc3a79b92f61ce1286784e7ca5c193daf0f07af9a88",,"[{""dtype"":""INT32"",""element_count"":""5"",""generator"":""upfirdn_modular(seed=84430002,integral=true)"",""input_name"":""h"",""preview_head4_tail2"":""i=0:-1;i=1:-2;i=2:-3;i=3:-4;i=4:4"",""shape"":""[5]""},{""dtype"":""INT32"",""element_count"":""100"",""generator"":""upfirdn_modular(seed=84430001,integral=true)"",""input_name"":""x"",""preview_head4_tail2"":""i=0:-2;i=1:-3;i=2:-4;i=3:4;i=98:-1;i=99:-2"",""shape"":""[100]""}]","{""axis"":""0"",""cols"":""1"",""down"":""1"",""dtype"":""INT32"",""rank"":""1"",""rows"":""100"",""seed"":""84430001"",""taps"":""5"",""up"":""2""}","edd3a6812ba120dba9944b50b6f06f80dfd05cb1a884642bee2bb41b663c15a5","FP32",,"not_applicable","FP64",,,,,,,,"PASS","OK"
"stage08","stage08_input_preview_b04_upfirdn_db927ed96663","formal","dtype_and_input_contract","runs/stage08_input_preview_b04_upfirdn_db927ed96663/formal/20260810T083723Z_db927ed96663_stage08_b04_formal_b4050008/operator_dtype_evidence_upfirdn_not_applicable_20260810T083723Z_db927ed96663_stage08_b04_formal_b4050008.csv","20260810T083723Z_db927ed96663_stage08_b04_formal_b4050008","upfirdn__upfirdn_int32_10e3__a6ceec354f33ce84","upfirdn","INT32",,"actual_same_dtype_h_x_arrays","2","h:INT32:[7]:bytes=28:sha256=3a7670396fe72b6ef794f039753ea41fbe646ce5078d1169ab78a4ea6c76cd74|x:INT32:[1024]:bytes=4096:sha256=a355a854ecd3d323d61e26a508bd33b37285ed19cbe558a372530256c4970780",,"[{""dtype"":""INT32"",""element_count"":""7"",""generator"":""upfirdn_modular(seed=84430003,integral=true)"",""input_name"":""h"",""preview_head4_tail2"":""i=0:0;i=1:-1;i=2:-2;i=3:-3;i=5:4;i=6:3"",""shape"":""[7]""},{""dtype"":""INT32"",""element_count"":""1024"",""generator"":""upfirdn_modular(seed=84430002,integral=true)"",""input_name"":""x"",""preview_head4_tail2"":""i=0:-1;i=1:-2;i=2:-3;i=3:-4;i=1022:3;i=1023:2"",""shape"":""[32x32]""}]","{""axis"":""1"",""cols"":""32"",""down"":""2"",""dtype"":""INT32"",""rank"":""2"",""rows"":""32"",""seed"":""84430002"",""taps"":""7"",""up"":""3""}","a6ceec354f33ce847bbc93d3c60d037e8aa8e4063db2914b42d9883c76445de6","FP32",,"not_applicable","FP64",,,,,,,,"PASS","OK"
"stage08","stage08_input_preview_b04_upfirdn_db927ed96663","formal","dtype_and_input_contract","runs/stage08_input_preview_b04_upfirdn_db927ed96663/formal/20260810T083724Z_db927ed96663_stage08_b04_formal_b4050009/operator_dtype_evidence_upfirdn_not_applicable_20260810T083724Z_db927ed96663_stage08_b04_formal_b4050009.csv","20260810T083724Z_db927ed96663_stage08_b04_formal_b4050009","upfirdn__upfirdn_int32_10e4__637ba0db78c59c84","upfirdn","INT32",,"actual_same_dtype_h_x_arrays","2","h:INT32:[9]:bytes=36:sha256=06089d1fc829537b3b421494c1dbdf42edfc6e286e58c73dead1df9b2545abc5|x:INT32:[10000]:bytes=40000:sha256=fb400f9a6483ec35cb4923c35b474af5f47b2e20bf86415c83fc98e1155110de",,"[{""dtype"":""INT32"",""element_count"":""9"",""generator"":""upfirdn_modular(seed=84430004,integral=true)"",""input_name"":""h"",""preview_head4_tail2"":""i=0:1;i=1:0;i=2:-1;i=3:-2;i=7:3;i=8:2"",""shape"":""[9]""},{""dtype"":""INT32"",""element_count"":""10000"",""generator"":""upfirdn_modular(seed=84430003,integral=true)"",""input_name"":""x"",""preview_head4_tail2"":""i=0:0;i=1:-1;i=2:-2;i=3:-3;i=9998:1;i=9999:0"",""shape"":""[100x100]""}]","{""axis"":""0"",""cols"":""100"",""down"":""3"",""dtype"":""INT32"",""rank"":""2"",""rows"":""100"",""seed"":""84430003"",""taps"":""9"",""up"":""2""}","637ba0db78c59c8413d2f650ee84dc21ecad58f45943978a899ddba10b480c5a","FP32",,"not_applicable","FP64",,,,,,,,"PASS","OK"
"stage08","stage08_input_preview_b04_upfirdn_db927ed96663","formal","dtype_and_input_contract","runs/stage08_input_preview_b04_upfirdn_db927ed96663/formal/20260810T083724Z_db927ed96663_stage08_b04_formal_b405000a/operator_dtype_evidence_upfirdn_not_applicable_20260810T083724Z_db927ed96663_stage08_b04_formal_b405000a.csv","20260810T083724Z_db927ed96663_stage08_b04_formal_b405000a","upfirdn__upfirdn_int16_10e2__1ad28f72ca09ac50","upfirdn","INT16",,"actual_same_dtype_h_x_arrays","2","h:INT16:[5]:bytes=10:sha256=f3eb4415251daa55de4d9ca9fbc54b1df8f953d7b68adf2b365c4417f52cd624|x:INT16:[100]:bytes=200:sha256=5a49cab620ee4d45460eeff7e2412db0dbd0b3517c598c32d819c109b1c78a86",,"[{""dtype"":""INT16"",""element_count"":""5"",""generator"":""upfirdn_modular(seed=84440002,integral=true)"",""input_name"":""h"",""preview_head4_tail2"":""i=0:0;i=1:-1;i=2:-2;i=3:-3;i=4:-4"",""shape"":""[5]""},{""dtype"":""INT16"",""element_count"":""100"",""generator"":""upfirdn_modular(seed=84440001,integral=true)"",""input_name"":""x"",""preview_head4_tail2"":""i=0:-1;i=1:-2;i=2:-3;i=3:-4;i=98:0;i=99:-1"",""shape"":""[100]""}]","{""axis"":""0"",""cols"":""1"",""down"":""1"",""dtype"":""INT16"",""rank"":""1"",""rows"":""100"",""seed"":""84440001"",""taps"":""5"",""up"":""2""}","1ad28f72ca09ac50055f71ac18488777e3c5cad7bed89b201d30753eaa2377cb","FP32",,"not_applicable","FP32",,,,,,,,"PASS","OK"
"stage08","stage08_input_preview_b04_upfirdn_db927ed96663","formal","dtype_and_input_contract","runs/stage08_input_preview_b04_upfirdn_db927ed96663/formal/20260810T083724Z_db927ed96663_stage08_b04_formal_b405000b/operator_dtype_evidence_upfirdn_not_applicable_20260810T083724Z_db927ed96663_stage08_b04_formal_b405000b.csv","20260810T083724Z_db927ed96663_stage08_b04_formal_b405000b","upfirdn__upfirdn_int16_10e3__8b1ba7fa72357d03","upfirdn","INT16",,"actual_same_dtype_h_x_arrays","2","h:INT16:[7]:bytes=14:sha256=665bafa2a703fc076b07d6652cfbd19cac8c50cd081122a6e1f05633f31734df|x:INT16:[1024]:bytes=2048:sha256=bdf1b40bf7929284acba37ca19336a044e2ea3a7b0fa09d5680e626f808b0633",,"[{""dtype"":""INT16"",""element_count"":""7"",""generator"":""upfirdn_modular(seed=84440003,integral=true)"",""input_name"":""h"",""preview_head4_tail2"":""i=0:1;i=1:0;i=2:-1;i=3:-2;i=5:-4;i=6:4"",""shape"":""[7]""},{""dtype"":""INT16"",""element_count"":""1024"",""generator"":""upfirdn_modular(seed=84440002,integral=true)"",""input_name"":""x"",""preview_head4_tail2"":""i=0:0;i=1:-1;i=2:-2;i=3:-3;i=1022:4;i=1023:3"",""shape"":""[32x32]""}]","{""axis"":""1"",""cols"":""32"",""down"":""2"",""dtype"":""INT16"",""rank"":""2"",""rows"":""32"",""seed"":""84440002"",""taps"":""7"",""up"":""3""}","8b1ba7fa72357d03304af88cc6ee97b870d9531c9d45af6a91969ee3066134c6","FP32",,"not_applicable","FP32",,,,,,,,"PASS","OK"
"stage08","stage08_input_preview_b04_upfirdn_db927ed96663","formal","dtype_and_input_contract","runs/stage08_input_preview_b04_upfirdn_db927ed96663/formal/20260810T083724Z_db927ed96663_stage08_b04_formal_b405000c/operator_dtype_evidence_upfirdn_not_applicable_20260810T083724Z_db927ed96663_stage08_b04_formal_b405000c.csv","20260810T083724Z_db927ed96663_stage08_b04_formal_b405000c","upfirdn__upfirdn_int16_10e4__93b02b5b158c4af9","upfirdn","INT16",,"actual_same_dtype_h_x_arrays","2","h:INT16:[9]:bytes=18:sha256=84b5ab9d933baaf617eb43c574530fdad37932c75fd20a30f84ae10c551effe4|x:INT16:[10000]:bytes=20000:sha256=e7ff3277ce0643e2a7109828c477a187011c008ef389b039386969d14e0ef1eb",,"[{""dtype"":""INT16"",""element_count"":""9"",""generator"":""upfirdn_modular(seed=84440004,integral=true)"",""input_name"":""h"",""preview_head4_tail2"":""i=0:2;i=1:1;i=2:0;i=3:-1;i=7:4;i=8:3"",""shape"":""[9]""},{""dtype"":""INT16"",""element_count"":""10000"",""generator"":""upfirdn_modular(seed=84440003,integral=true)"",""input_name"":""x"",""preview_head4_tail2"":""i=0:1;i=1:0;i=2:-1;i=3:-2;i=9998:2;i=9999:1"",""shape"":""[100x100]""}]","{""axis"":""0"",""cols"":""100"",""down"":""3"",""dtype"":""INT16"",""rank"":""2"",""rows"":""100"",""seed"":""84440003"",""taps"":""9"",""up"":""2""}","93b02b5b158c4af980861d334670a47fdf3e9fd9a4776e6aed78168b60a2356e","FP32",,"not_applicable","FP32",,,,,,,,"PASS","OK"
"stage08","stage08_input_preview_b04_upfirdn_db927ed96663","formal","dtype_and_input_contract","runs/stage08_input_preview_b04_upfirdn_db927ed96663/formal/20260810T083725Z_db927ed96663_stage08_b04_formal_b405000d/operator_dtype_evidence_upfirdn_not_applicable_20260810T083725Z_db927ed96663_stage08_b04_formal_b405000d.csv","20260810T083725Z_db927ed96663_stage08_b04_formal_b405000d","upfirdn__upfirdn_int8_10e2__01b3055b1dbdc3a2","upfirdn","INT8",,"actual_same_dtype_h_x_arrays","2","h:INT8:[5]:bytes=5:sha256=4f780803e5125f59e127c197f3307dee5794c7d133a8437216cd73cebc63eb2d|x:INT8:[100]:bytes=100:sha256=d24f25b1b6afcb33a4baaf58b983fd5c7495f8e4f1bf5aa39693f3786c5b7c53",,"[{""dtype"":""INT8"",""element_count"":""5"",""generator"":""upfirdn_modular(seed=84450002,integral=true)"",""input_name"":""h"",""preview_head4_tail2"":""i=0:1;i=1:0;i=2:-1;i=3:-2;i=4:-3"",""shape"":""[5]""},{""dtype"":""INT8"",""element_count"":""100"",""generator"":""upfirdn_modular(seed=84450001,integral=true)"",""input_name"":""x"",""preview_head4_tail2"":""i=0:0;i=1:-1;i=2:-2;i=3:-3;i=98:1;i=99:0"",""shape"":""[100]""}]","{""axis"":""0"",""cols"":""1"",""down"":""1"",""dtype"":""INT8"",""rank"":""1"",""rows"":""100"",""seed"":""84450001"",""taps"":""5"",""up"":""2""}","01b3055b1dbdc3a2be0426823ad0a08be5e7ffc115b6787f6604ae3fe0b416bc","FP32",,"not_applicable","FP32",,,,,,,,"PASS","OK"
"stage08","stage08_input_preview_b04_upfirdn_db927ed96663","formal","dtype_and_input_contract","runs/stage08_input_preview_b04_upfirdn_db927ed96663/formal/20260810T083725Z_db927ed96663_stage08_b04_formal_b405000e/operator_dtype_evidence_upfirdn_not_applicable_20260810T083725Z_db927ed96663_stage08_b04_formal_b405000e.csv","20260810T083725Z_db927ed96663_stage08_b04_formal_b405000e","upfirdn__upfirdn_int8_10e3__64fa9de5296c8dc1","upfirdn","INT8",,"actual_same_dtype_h_x_arrays","2","h:INT8:[7]:bytes=7:sha256=5d66219b54e14a2c37d0039cb0f066c3e28d521b752d9e963401a2148f6d3ec6|x:INT8:[1024]:bytes=1024:sha256=abaf8198c250ad1ed2ca136a455375c8ab97094515ba2ff7eaf6668e091cd985",,"[{""dtype"":""INT8"",""element_count"":""7"",""generator"":""upfirdn_modular(seed=84450003,integral=true)"",""input_name"":""h"",""preview_head4_tail2"":""i=0:2;i=1:1;i=2:0;i=3:-1;i=5:-3;i=6:-4"",""shape"":""[7]""},{""dtype"":""INT8"",""element_count"":""1024"",""generator"":""upfirdn_modular(seed=84450002,integral=true)"",""input_name"":""x"",""preview_head4_tail2"":""i=0:1;i=1:0;i=2:-1;i=3:-2;i=1022:-4;i=1023:4"",""shape"":""[32x32]""}]","{""axis"":""1"",""cols"":""32"",""down"":""2"",""dtype"":""INT8"",""rank"":""2"",""rows"":""32"",""seed"":""84450002"",""taps"":""7"",""up"":""3""}","64fa9de5296c8dc14bb0b1bd8095cef607cb15ed2ef56e15c9e24abdd6a71c0a","FP32",,"not_applicable","FP32",,,,,,,,"PASS","OK"
"stage08","stage08_input_preview_b04_upfirdn_db927ed96663","formal","dtype_and_input_contract","runs/stage08_input_preview_b04_upfirdn_db927ed96663/formal/20260810T083725Z_db927ed96663_stage08_b04_formal_b405000f/operator_dtype_evidence_upfirdn_not_applicable_20260810T083725Z_db927ed96663_stage08_b04_formal_b405000f.csv","20260810T083725Z_db927ed96663_stage08_b04_formal_b405000f","upfirdn__upfirdn_int8_10e4__5725102ba224e523","upfirdn","INT8",,"actual_same_dtype_h_x_arrays","2","h:INT8:[9]:bytes=9:sha256=175059f91a7c330750a16dee39e0a07f8e5b015831f4acf708c96fe5544115b1|x:INT8:[10000]:bytes=10000:sha256=8d12f17972b9bd901d0afc070fe14bfe914fa10f9fd325a7c079731ed70c0482",,"[{""dtype"":""INT8"",""element_count"":""9"",""generator"":""upfirdn_modular(seed=84450004,integral=true)"",""input_name"":""h"",""preview_head4_tail2"":""i=0:3;i=1:2;i=2:1;i=3:0;i=7:-4;i=8:4"",""shape"":""[9]""},{""dtype"":""INT8"",""element_count"":""10000"",""generator"":""upfirdn_modular(seed=84450003,integral=true)"",""input_name"":""x"",""preview_head4_tail2"":""i=0:2;i=1:1;i=2:0;i=3:-1;i=9998:3;i=9999:2"",""shape"":""[100x100]""}]","{""axis"":""0"",""cols"":""100"",""down"":""3"",""dtype"":""INT8"",""rank"":""2"",""rows"":""100"",""seed"":""84450003"",""taps"":""9"",""up"":""2""}","5725102ba224e523f32903abc76b65918dbf544b6639db260ac49f507312c17d","FP32",,"not_applicable","FP32",,,,,,,,"PASS","OK"
"stage08","stage08_input_preview_b05_detrend_652061b694fc","formal","dtype_and_input_contract","runs/stage08_input_preview_b05_detrend_652061b694fc/formal/20260810T084553Z_652061b694fc_stage08_b05_formal_85610000/operator_dtype_evidence_detrend_not_applicable_20260810T084553Z_652061b694fc_stage08_b05_formal_85610000.csv","20260810T084553Z_652061b694fc_stage08_b05_formal_85610000","detrend__detrend_fp32_10e2__91e1a45e3715cb26","detrend","FP32",,"actual_typed_array_input","1","x:FP32:[100]:bytes=400:sha256=2de0ed8491683f0de3eb356752489c7ec01f4e00a19e84c7818dcadb54f46baf",,"[{""dtype"":""FP32"",""element_count"":""100"",""generator"":""trend_plus_modular_noise(seed=85110001,integral=false)"",""input_name"":""x"",""preview_head4_tail2"":""i=0:0.75;i=1:-0.45;i=2:0.6;i=3:-0.6;i=98:4.65;i=99:5.7"",""shape"":""[100]""}]","{""axis"":""0"",""breakpoints"":"""",""cols"":""1"",""dtype"":""FP32"",""mode"":""constant"",""rank"":""1"",""rows"":""100"",""seed"":""85110001""}","91e1a45e3715cb26deee7f54e41c8f4349a74a12f6443d14263011d374d94e3c","FP32",,"not_applicable","FP32",,,,,,,,"PASS","OK"
"stage08","stage08_input_preview_b05_detrend_652061b694fc","formal","dtype_and_input_contract","runs/stage08_input_preview_b05_detrend_652061b694fc/formal/20260810T084553Z_652061b694fc_stage08_b05_formal_85610001/operator_dtype_evidence_detrend_not_applicable_20260810T084553Z_652061b694fc_stage08_b05_formal_85610001.csv","20260810T084553Z_652061b694fc_stage08_b05_formal_85610001","detrend__detrend_fp32_10e3__fd039c9790b1b6c3","detrend","FP32",,"actual_typed_array_input","1","x:FP32:[1024]:bytes=4096:sha256=1d14e52b3e34a8750c60235cfb827da25643ec85e9cd2632fafedb9dc4da5f42",,"[{""dtype"":""FP32"",""element_count"":""1024"",""generator"":""trend_plus_modular_noise(seed=85110002,integral=false)"",""input_name"":""x"",""preview_head4_tail2"":""i=0:1;i=1:-0.2;i=2:0.85;i=3:-0.35;i=1022:50.35;i=1023:51.4"",""shape"":""[32x32]""}]","{""axis"":""1"",""breakpoints"":"""",""cols"":""32"",""dtype"":""FP32"",""mode"":""linear"",""rank"":""2"",""rows"":""32"",""seed"":""85110002""}","fd039c9790b1b6c3ebaf01c42ab229154013e627e59f71939c862332a6c57c79","FP32",,"not_applicable","FP32",,,,,,,,"PASS","OK"
"stage08","stage08_input_preview_b05_detrend_652061b694fc","formal","dtype_and_input_contract","runs/stage08_input_preview_b05_detrend_652061b694fc/formal/20260810T084553Z_652061b694fc_stage08_b05_formal_85610002/operator_dtype_evidence_detrend_not_applicable_20260810T084553Z_652061b694fc_stage08_b05_formal_85610002.csv","20260810T084553Z_652061b694fc_stage08_b05_formal_85610002","detrend__detrend_fp32_10e4__e5744f6e8317eb46","detrend","FP32",,"actual_typed_array_input","1","x:FP32:[10000]:bytes=40000:sha256=5e2a9101a21570bf333ee06fa24bafb4b55754b62deb5fdfd86ccb6908c04733",,"[{""dtype"":""FP32"",""element_count"":""10000"",""generator"":""trend_plus_modular_noise(seed=85110003,integral=false)"",""input_name"":""x"",""preview_head4_tail2"":""i=0:-1;i=1:0.05;i=2:1.1;i=3:-0.1;i=9998:500.15;i=9999:498.95"",""shape"":""[100x100]""}]","{""axis"":""0"",""breakpoints"":""25|50|75"",""cols"":""100"",""dtype"":""FP32"",""mode"":""linear"",""rank"":""2"",""rows"":""100"",""seed"":""85110003""}","e5744f6e8317eb46dcb2457e016c1b75ac1898b2f370a403c08547aa33543e5f","FP32",,"not_applicable","FP32",,,,,,,,"PASS","OK"
"stage08","stage08_input_preview_b05_detrend_652061b694fc","formal","dtype_and_input_contract","runs/stage08_input_preview_b05_detrend_652061b694fc/formal/20260810T084553Z_652061b694fc_stage08_b05_formal_85610003/operator_dtype_evidence_detrend_not_applicable_20260810T084553Z_652061b694fc_stage08_b05_formal_85610003.csv","20260810T084553Z_652061b694fc_stage08_b05_formal_85610003","detrend__detrend_fp16_10e2__6cf715bcb8d30b40","detrend","FP16",,"actual_typed_array_input","1","x:FP16:[100]:bytes=200:sha256=0a838935adeda7860a9a91c66d0f5f384fdf308894eea88b5d38d14892759102",,"[{""dtype"":""FP16"",""element_count"":""100"",""generator"":""trend_plus_modular_noise(seed=85120001,integral=false)"",""input_name"":""x"",""preview_head4_tail2"":""i=0:1;i=1:-0.2;i=2:0.85;i=3:-0.35;i=98:4.9;i=99:5.95"",""shape"":""[100]""}]","{""axis"":""0"",""breakpoints"":"""",""cols"":""1"",""dtype"":""FP16"",""mode"":""constant"",""rank"":""1"",""rows"":""100"",""seed"":""85120001""}","6cf715bcb8d30b405a38e4d3223f27ac7cea9b5e81dbda65fd488e25e59ab103","FP32",,"not_applicable","FP16",,,,,,,,"PASS","OK"
"stage08","stage08_input_preview_b05_detrend_652061b694fc","formal","dtype_and_input_contract","runs/stage08_input_preview_b05_detrend_652061b694fc/formal/20260810T084553Z_652061b694fc_stage08_b05_formal_85610004/operator_dtype_evidence_detrend_not_applicable_20260810T084553Z_652061b694fc_stage08_b05_formal_85610004.csv","20260810T084553Z_652061b694fc_stage08_b05_formal_85610004","detrend__detrend_fp16_10e3__c35031ed89056de2","detrend","FP16",,"actual_typed_array_input","1","x:FP16:[1024]:bytes=2048:sha256=6121ad0917ef1a90015a48b85b4b4162b902b30ed52f9ca4361d7202784254fa",,"[{""dtype"":""FP16"",""element_count"":""1024"",""generator"":""trend_plus_modular_noise(seed=85120002,integral=false)"",""input_name"":""x"",""preview_head4_tail2"":""i=0:-1;i=1:0.05;i=2:1.1;i=3:-0.1;i=1022:50.6;i=1023:51.65"",""shape"":""[32x32]""}]","{""axis"":""1"",""breakpoints"":"""",""cols"":""32"",""dtype"":""FP16"",""mode"":""linear"",""rank"":""2"",""rows"":""32"",""seed"":""85120002""}","c35031ed89056de261d37a09db667bb439a5ad078ba3d2fd699c4da3af0e0b27","FP32",,"not_applicable","FP64",,,,,,,,"PASS","OK"
"stage08","stage08_input_preview_b05_detrend_652061b694fc","formal","dtype_and_input_contract","runs/stage08_input_preview_b05_detrend_652061b694fc/formal/20260810T084554Z_652061b694fc_stage08_b05_formal_85610005/operator_dtype_evidence_detrend_not_applicable_20260810T084554Z_652061b694fc_stage08_b05_formal_85610005.csv","20260810T084554Z_652061b694fc_stage08_b05_formal_85610005","detrend__detrend_fp16_10e4__4482b588d1df34c8","detrend","FP16",,"actual_typed_array_input","1","x:FP16:[10000]:bytes=20000:sha256=d3338aca4ca740c4c47ad4627ada76c5ac1613b9bff6799da6e67ab38a0b18ce",,"[{""dtype"":""FP16"",""element_count"":""10000"",""generator"":""trend_plus_modular_noise(seed=85120003,integral=false)"",""input_name"":""x"",""preview_head4_tail2"":""i=0:-0.75;i=1:0.3;i=2:-0.9;i=3:0.15;i=9998:500.4;i=9999:499.2"",""shape"":""[100x100]""}]","{""axis"":""0"",""breakpoints"":""25|50|75"",""cols"":""100"",""dtype"":""FP16"",""mode"":""linear"",""rank"":""2"",""rows"":""100"",""seed"":""85120003""}","4482b588d1df34c896fba1e5e49d420b199e7047529d3ba7a9b38c25f447a802","FP32",,"not_applicable","FP64",,,,,,,,"PASS","OK"
"stage08","stage08_input_preview_b05_detrend_652061b694fc","formal","dtype_and_input_contract","runs/stage08_input_preview_b05_detrend_652061b694fc/formal/20260810T084554Z_652061b694fc_stage08_b05_formal_85610006/operator_dtype_evidence_detrend_not_applicable_20260810T084554Z_652061b694fc_stage08_b05_formal_85610006.csv","20260810T084554Z_652061b694fc_stage08_b05_formal_85610006","detrend__detrend_int32_10e2__463abaac4ef6945f","detrend","INT32",,"actual_typed_array_input","1","x:INT32:[100]:bytes=400:sha256=f4cbc8aaaea89b016233fba6f2a019d89ed61d0d77aaf0276c00f158ba874398",,"[{""dtype"":""INT32"",""element_count"":""100"",""generator"":""trend_plus_modular_noise(seed=85130001,integral=true)"",""input_name"":""x"",""preview_head4_tail2"":""i=0:-1;i=1:0;i=2:1;i=3:0;i=98:5;i=99:3"",""shape"":""[100]""}]","{""axis"":""0"",""breakpoints"":"""",""cols"":""1"",""dtype"":""INT32"",""mode"":""constant"",""rank"":""1"",""rows"":""100"",""seed"":""85130001""}","463abaac4ef6945f7aa70dbd597e643439e62d8634e3d9b684f0600a805abd17","FP32",,"not_applicable","FP64",,,,,,,,"PASS","OK"
"stage08","stage08_input_preview_b05_detrend_652061b694fc","formal","dtype_and_input_contract","runs/stage08_input_preview_b05_detrend_652061b694fc/formal/20260810T084554Z_652061b694fc_stage08_b05_formal_85610007/operator_dtype_evidence_detrend_not_applicable_20260810T084554Z_652061b694fc_stage08_b05_formal_85610007.csv","20260810T084554Z_652061b694fc_stage08_b05_formal_85610007","detrend__detrend_int32_10e3__de16226929c8e00c","detrend","INT32",,"actual_typed_array_input","1","x:INT32:[1024]:bytes=4096:sha256=3e9275cb6c58db506ebb14425633eaa1f6a3f78963ebca19afe02e4faa3e731f",,"[{""dtype"":""INT32"",""element_count"":""1024"",""generator"":""trend_plus_modular_noise(seed=85130002,integral=true)"",""input_name"":""x"",""preview_head4_tail2"":""i=0:0;i=1:0;i=2:0;i=3:0;i=1022:50;i=1023:51"",""shape"":""[32x32]""}]","{""axis"":""1"",""breakpoints"":"""",""cols"":""32"",""dtype"":""INT32"",""mode"":""linear"",""rank"":""2"",""rows"":""32"",""seed"":""85130002""}","de16226929c8e00caee435903e8e5142c046eb30fe04f3911130484fe161ac15","FP32",,"not_applicable","FP64",,,,,,,,"PASS","OK"
"stage08","stage08_input_preview_b05_detrend_652061b694fc","formal","dtype_and_input_contract","runs/stage08_input_preview_b05_detrend_652061b694fc/formal/20260810T084554Z_652061b694fc_stage08_b05_formal_85610008/operator_dtype_evidence_detrend_not_applicable_20260810T084554Z_652061b694fc_stage08_b05_formal_85610008.csv","20260810T084554Z_652061b694fc_stage08_b05_formal_85610008","detrend__detrend_int32_10e4__a0b19acb6a494591","detrend","INT32",,"actual_typed_array_input","1","x:INT32:[10000]:bytes=40000:sha256=2737ff6fdf938f5edccc6a8808bdbe52a1dc866041bf16b5d4598276785242fe",,"[{""dtype"":""INT32"",""element_count"":""10000"",""generator"":""trend_plus_modular_noise(seed=85130003,integral=true)"",""input_name"":""x"",""preview_head4_tail2"":""i=0:0;i=1:0;i=2:0;i=3:0;i=9998:500;i=9999:499"",""shape"":""[100x100]""}]","{""axis"":""0"",""breakpoints"":""25|50|75"",""cols"":""100"",""dtype"":""INT32"",""mode"":""linear"",""rank"":""2"",""rows"":""100"",""seed"":""85130003""}","a0b19acb6a494591d95fc32f78540eb9ba8e4bd7127c61012e382fe37f5684c3","FP32",,"not_applicable","FP64",,,,,,,,"PASS","OK"
"stage08","stage08_input_preview_b05_detrend_652061b694fc","formal","dtype_and_input_contract","runs/stage08_input_preview_b05_detrend_652061b694fc/formal/20260810T084555Z_652061b694fc_stage08_b05_formal_85610009/operator_dtype_evidence_detrend_not_applicable_20260810T084555Z_652061b694fc_stage08_b05_formal_85610009.csv","20260810T084555Z_652061b694fc_stage08_b05_formal_85610009","detrend__detrend_int16_10e2__6974e377075c7a8e","detrend","INT16",,"actual_typed_array_input","1","x:INT16:[100]:bytes=200:sha256=96495ea355320c612de5f785729bbf5db806817d7a5a59180840c6eb8dcd159f",,"[{""dtype"":""INT16"",""element_count"":""100"",""generator"":""trend_plus_modular_noise(seed=85140001,integral=true)"",""input_name"":""x"",""preview_head4_tail2"":""i=0:0;i=1:0;i=2:0;i=3:0;i=98:5;i=99:4"",""shape"":""[100]""}]","{""axis"":""0"",""breakpoints"":"""",""cols"":""1"",""dtype"":""INT16"",""mode"":""constant"",""rank"":""1"",""rows"":""100"",""seed"":""85140001""}","6974e377075c7a8e8bb068c76b9567f3dcfb1680b910b3248b70ffd216cce6e0","FP32",,"not_applicable","FP64",,,,,,,,"PASS","OK"
"stage08","stage08_input_preview_b05_detrend_652061b694fc","formal","dtype_and_input_contract","runs/stage08_input_preview_b05_detrend_652061b694fc/formal/20260810T084555Z_652061b694fc_stage08_b05_formal_8561000a/operator_dtype_evidence_detrend_not_applicable_20260810T084555Z_652061b694fc_stage08_b05_formal_8561000a.csv","20260810T084555Z_652061b694fc_stage08_b05_formal_8561000a","detrend__detrend_int16_10e3__9e69454c5651e037","detrend","INT16",,"actual_typed_array_input","1","x:INT16:[1024]:bytes=2048:sha256=e0c481f404b80525b9ab9980aeaa3bf9caf99bfc8986ad3ff0e7c3040a064f9c",,"[{""dtype"":""INT16"",""element_count"":""1024"",""generator"":""trend_plus_modular_noise(seed=85140002,integral=true)"",""input_name"":""x"",""preview_head4_tail2"":""i=0:0;i=1:0;i=2:0;i=3:0;i=1022:51;i=1023:52"",""shape"":""[32x32]""}]","{""axis"":""1"",""breakpoints"":"""",""cols"":""32"",""dtype"":""INT16"",""mode"":""linear"",""rank"":""2"",""rows"":""32"",""seed"":""85140002""}","9e69454c5651e03786aab193c43df450a631ee641662278c4d2708da6c4fccc7","FP32",,"not_applicable","FP64",,,,,,,,"PASS","OK"
"stage08","stage08_input_preview_b05_detrend_652061b694fc","formal","dtype_and_input_contract","runs/stage08_input_preview_b05_detrend_652061b694fc/formal/20260810T084555Z_652061b694fc_stage08_b05_formal_8561000b/operator_dtype_evidence_detrend_not_applicable_20260810T084555Z_652061b694fc_stage08_b05_formal_8561000b.csv","20260810T084555Z_652061b694fc_stage08_b05_formal_8561000b","detrend__detrend_int16_10e4__3165df9088207b1b","detrend","INT16",,"actual_typed_array_input","1","x:INT16:[10000]:bytes=20000:sha256=b7aed309808228f5700f4f1907d98233974cd58e54597a797e458f3ee7fca3ce",,"[{""dtype"":""INT16"",""element_count"":""10000"",""generator"":""trend_plus_modular_noise(seed=85140003,integral=true)"",""input_name"":""x"",""preview_head4_tail2"":""i=0:0;i=1:0;i=2:0;i=3:0;i=9998:500;i=9999:499"",""shape"":""[100x100]""}]","{""axis"":""0"",""breakpoints"":""25|50|75"",""cols"":""100"",""dtype"":""INT16"",""mode"":""linear"",""rank"":""2"",""rows"":""100"",""seed"":""85140003""}","3165df9088207b1b1b195cecc6ce26f119b99b726c87e31a5f4ce894780a23cc","FP32",,"not_applicable","FP64",,,,,,,,"PASS","OK"
"stage08","stage08_input_preview_b05_detrend_652061b694fc","formal","dtype_and_input_contract","runs/stage08_input_preview_b05_detrend_652061b694fc/formal/20260810T084555Z_652061b694fc_stage08_b05_formal_8561000c/operator_dtype_evidence_detrend_not_applicable_20260810T084555Z_652061b694fc_stage08_b05_formal_8561000c.csv","20260810T084555Z_652061b694fc_stage08_b05_formal_8561000c","detrend__detrend_int8_10e2__ee929b54be101fed","detrend","INT8",,"actual_typed_array_input","1","x:INT8:[100]:bytes=100:sha256=ea233d83daf4848628f1ddd91b052493b4211c4a1a668abda3036154f31cb1f4",,"[{""dtype"":""INT8"",""element_count"":""100"",""generator"":""trend_plus_modular_noise(seed=85150001,integral=true)"",""input_name"":""x"",""preview_head4_tail2"":""i=0:0;i=1:0;i=2:0;i=3:0;i=98:5;i=99:4"",""shape"":""[100]""}]","{""axis"":""0"",""breakpoints"":"""",""cols"":""1"",""dtype"":""INT8"",""mode"":""constant"",""rank"":""1"",""rows"":""100"",""seed"":""85150001""}","ee929b54be101fed87bde512f74e736af4e2164200c27d7e2ccb4b1b5733789a","FP32",,"not_applicable","FP64",,,,,,,,"PASS","OK"
"stage08","stage08_input_preview_b05_detrend_652061b694fc","formal","dtype_and_input_contract","runs/stage08_input_preview_b05_detrend_652061b694fc/formal/20260810T084555Z_652061b694fc_stage08_b05_formal_8561000d/operator_dtype_evidence_detrend_not_applicable_20260810T084555Z_652061b694fc_stage08_b05_formal_8561000d.csv","20260810T084555Z_652061b694fc_stage08_b05_formal_8561000d","detrend__detrend_int8_10e3__ce7c3f05e870ef8c","detrend","INT8",,"actual_typed_array_input","1","x:INT8:[1024]:bytes=1024:sha256=45c2b4589424067ded869bb8fab2c2518a664cb07869bc024519312927f9bb37",,"[{""dtype"":""INT8"",""element_count"":""1024"",""generator"":""trend_plus_modular_noise(seed=85150002,integral=true)"",""input_name"":""x"",""preview_head4_tail2"":""i=0:0;i=1:0;i=2:0;i=3:0;i=1022:51;i=1023:50"",""shape"":""[32x32]""}]","{""axis"":""1"",""breakpoints"":"""",""cols"":""32"",""dtype"":""INT8"",""mode"":""linear"",""rank"":""2"",""rows"":""32"",""seed"":""85150002""}","ce7c3f05e870ef8cfe3afc1249f9de48c15d3a68c2c21937e60a1c0db1f686ce","FP32",,"not_applicable","FP64",,,,,,,,"PASS","OK"
"stage08","stage08_input_preview_b05_detrend_652061b694fc","formal","dtype_and_input_contract","runs/stage08_input_preview_b05_detrend_652061b694fc/formal/20260810T084556Z_652061b694fc_stage08_b05_formal_8561000e/operator_dtype_evidence_detrend_not_applicable_20260810T084556Z_652061b694fc_stage08_b05_formal_8561000e.csv","20260810T084556Z_652061b694fc_stage08_b05_formal_8561000e","detrend__detrend_int8_10e4__9df5e004357ad864","detrend","INT8",,"actual_typed_array_input","1","x:INT8:[10000]:bytes=10000:sha256=82ae469514989e755c240df48c3a81b3724fb1dc18d9632845a6a036521937b9",,"[{""dtype"":""INT8"",""element_count"":""10000"",""generator"":""trend_plus_modular_noise(seed=85150003,integral=true)"",""input_name"":""x"",""preview_head4_tail2"":""i=0:0;i=1:1;i=2:0;i=3:0;i=9998:498;i=9999:499"",""shape"":""[100x100]""}]","{""axis"":""0"",""breakpoints"":""25|50|75"",""cols"":""100"",""dtype"":""INT8"",""mode"":""linear"",""rank"":""2"",""rows"":""100"",""seed"":""85150003""}","9df5e004357ad8641814dd3b66420eb89994a28ce2f5b4edfc239b9a78a1d5cd","FP32",,"not_applicable","FP64",,,,,,,,"PASS","OK"
"stage08","stage08_input_preview_b05_freq_shift_652061b694fc","formal","dtype_and_input_contract","runs/stage08_input_preview_b05_freq_shift_652061b694fc/formal/20260810T084613Z_652061b694fc_stage08_b05_formal_85620000/operator_dtype_evidence_freq_shift_not_applicable_20260810T084613Z_652061b694fc_stage08_b05_formal_85620000.csv","20260810T084613Z_652061b694fc_stage08_b05_formal_85620000","freq_shift__freq_shift_fp32_10e2__724bdec4d7fa56d1","freq_shift","FP32",,"actual_typed_array_input_complex_fp32_compute_host_complex_fp64_extension","1","x:FP32:[100]:bytes=400:sha256=db9505c5f40149a0dc8a4b0e918400e60ad9b42fbf4856aae7a32f3022b912b6",,"[{""dtype"":""FP32"",""element_count"":""100"",""generator"":""modular_noise_plus_ramp(seed=85210001,integral=false)"",""input_name"":""x"",""preview_head4_tail2"":""i=0:0.75;i=1:-0.46875;i=2:1.0625;i=3:-0.15625;i=98:-0.71875;i=99:0.8125"",""shape"":""[100]""}]","{""count"":""100"",""dtype"":""FP32"",""freq"":""1.25"",""fs"":""100.0"",""seed"":""85210001""}","724bdec4d7fa56d1254cf31c98ba76fc898e558c0aee6f681474fe3a103fce67","ComplexFP32",,"not_applicable","ComplexFP64",,,,,,,,"PASS","OK"
"stage08","stage08_input_preview_b05_freq_shift_652061b694fc","formal","dtype_and_input_contract","runs/stage08_input_preview_b05_freq_shift_652061b694fc/formal/20260810T084613Z_652061b694fc_stage08_b05_formal_85620001/operator_dtype_evidence_freq_shift_not_applicable_20260810T084613Z_652061b694fc_stage08_b05_formal_85620001.csv","20260810T084613Z_652061b694fc_stage08_b05_formal_85620001","freq_shift__freq_shift_fp32_10e3__f93a92e882896031","freq_shift","FP32",,"actual_typed_array_input_complex_fp32_compute_host_complex_fp64_extension","1","x:FP32:[1024]:bytes=4096:sha256=3194560b28f131d786d949fbc99ece66eb6c51b3683058d5ddde9631205102f7",,"[{""dtype"":""FP32"",""element_count"":""1024"",""generator"":""modular_noise_plus_ramp(seed=85210002,integral=false)"",""input_name"":""x"",""preview_head4_tail2"":""i=0:1;i=1:-0.21875;i=2:1.3125;i=3:0.09375;i=1022:1.125;i=1023:2.65625"",""shape"":""[1024]""}]","{""count"":""1024"",""dtype"":""FP32"",""freq"":""-7.5"",""fs"":""256.0"",""seed"":""85210002""}","f93a92e8828960312e8de4e31f75420e4e4f9c0d4d9f608c57684fcfd0d80d7d","ComplexFP32",,"not_applicable","ComplexFP64",,,,,,,,"PASS","OK"
"stage08","stage08_input_preview_b05_freq_shift_652061b694fc","formal","dtype_and_input_contract","runs/stage08_input_preview_b05_freq_shift_652061b694fc/formal/20260810T084614Z_652061b694fc_stage08_b05_formal_85620002/operator_dtype_evidence_freq_shift_not_applicable_20260810T084614Z_652061b694fc_stage08_b05_formal_85620002.csv","20260810T084614Z_652061b694fc_stage08_b05_formal_85620002","freq_shift__freq_shift_fp32_10e4__c73391044583edb2","freq_shift","FP32",,"actual_typed_array_input_complex_fp32_compute_host_complex_fp64_extension","1","x:FP32:[10000]:bytes=40000:sha256=cf10b76054c0af4614813b2e00f2c8af3510bcd1b3cb42fac77ad6470316647b",,"[{""dtype"":""FP32"",""element_count"":""10000"",""generator"":""modular_noise_plus_ramp(seed=85210003,integral=false)"",""input_name"":""x"",""preview_head4_tail2"":""i=0:1.25;i=1:0.03125;i=2:-1.1875;i=3:0.34375;i=9998:-0.03125;i=9999:1.5"",""shape"":""[10000]""}]","{""count"":""10000"",""dtype"":""FP32"",""freq"":""37.25"",""fs"":""2000.0"",""seed"":""85210003""}","c73391044583edb20a26e6918836239be8de3198ce0a44567f5e89fd58fe1364","ComplexFP32",,"not_applicable","ComplexFP64",,,,,,,,"PASS","OK"
"stage08","stage08_input_preview_b05_freq_shift_652061b694fc","formal","dtype_and_input_contract","runs/stage08_input_preview_b05_freq_shift_652061b694fc/formal/20260810T084614Z_652061b694fc_stage08_b05_formal_85620003/operator_dtype_evidence_freq_shift_not_applicable_20260810T084614Z_652061b694fc_stage08_b05_formal_85620003.csv","20260810T084614Z_652061b694fc_stage08_b05_formal_85620003","freq_shift__freq_shift_fp16_10e2__fb0c021ca3cc09da","freq_shift","FP16",,"actual_typed_array_input_complex_fp32_compute_host_complex_fp64_extension","1","x:FP16:[100]:bytes=200:sha256=e0ffe3de7d241db7ac6115029c3632d5d9b477fe259b3f4a444579efa956cadf",,"[{""dtype"":""FP16"",""element_count"":""100"",""generator"":""modular_noise_plus_ramp(seed=85220001,integral=false)"",""input_name"":""x"",""preview_head4_tail2"":""i=0:1;i=1:-0.21875;i=2:1.3125;i=3:0.09375;i=98:-0.46875;i=99:1.0625"",""shape"":""[100]""}]","{""count"":""100"",""dtype"":""FP16"",""freq"":""1.25"",""fs"":""100.0"",""seed"":""85220001""}","fb0c021ca3cc09dacd6050dc2374ac10d11840eee2be3eff731a7aa9162d27fd","ComplexFP32",,"not_applicable","ComplexFP64",,,,,,,,"PASS","OK"
"stage08","stage08_input_preview_b05_freq_shift_652061b694fc","formal","dtype_and_input_contract","runs/stage08_input_preview_b05_freq_shift_652061b694fc/formal/20260810T084614Z_652061b694fc_stage08_b05_formal_85620004/operator_dtype_evidence_freq_shift_not_applicable_20260810T084614Z_652061b694fc_stage08_b05_formal_85620004.csv","20260810T084614Z_652061b694fc_stage08_b05_formal_85620004","freq_shift__freq_shift_fp16_10e3__4cb5ba0ed583bda7","freq_shift","FP16",,"actual_typed_array_input_complex_fp32_compute_host_complex_fp64_extension","1","x:FP16:[1024]:bytes=2048:sha256=151de3caeace8e5794b2be902d20f702af21373b763ead5eaee0c5416fb7fe8a",,"[{""dtype"":""FP16"",""element_count"":""1024"",""generator"":""modular_noise_plus_ramp(seed=85220002,integral=false)"",""input_name"":""x"",""preview_head4_tail2"":""i=0:1.25;i=1:0.03125;i=2:-1.1875;i=3:0.34375;i=1022:1.375;i=1023:2.90625"",""shape"":""[1024]""}]","{""count"":""1024"",""dtype"":""FP16"",""freq"":""-7.5"",""fs"":""256.0"",""seed"":""85220002""}","4cb5ba0ed583bda7112bbf5a0c3bda809be1d9ef8b97994565052ab35cfdadf9","ComplexFP32",,"not_applicable","ComplexFP64",,,,,,,,"PASS","OK"
"stage08","stage08_input_preview_b05_freq_shift_652061b694fc","formal","dtype_and_input_contract","runs/stage08_input_preview_b05_freq_shift_652061b694fc/formal/20260810T084614Z_652061b694fc_stage08_b05_formal_85620005/operator_dtype_evidence_freq_shift_not_applicable_20260810T084614Z_652061b694fc_stage08_b05_formal_85620005.csv","20260810T084614Z_652061b694fc_stage08_b05_formal_85620005","freq_shift__freq_shift_fp16_10e4__794a94232d3bc6a2","freq_shift","FP16",,"actual_typed_array_input_complex_fp32_compute_host_complex_fp64_extension","1","x:FP16:[10000]:bytes=20000:sha256=51cba71287831f2e8233c98e3dff5ff7c8ac5a5e760d3b079153e6f5ef646720",,"[{""dtype"":""FP16"",""element_count"":""10000"",""generator"":""modular_noise_plus_ramp(seed=85220003,integral=false)"",""input_name"":""x"",""preview_head4_tail2"":""i=0:-1.25;i=1:0.28125;i=2:-0.9375;i=3:0.59375;i=9998:0.21875;i=9999:-1"",""shape"":""[10000]""}]","{""count"":""10000"",""dtype"":""FP16"",""freq"":""37.25"",""fs"":""2000.0"",""seed"":""85220003""}","794a94232d3bc6a2d3ce19f86a5c5acd89de7115c14e4d23d977298f464336ae","ComplexFP32",,"not_applicable","ComplexFP64",,,,,,,,"PASS","OK"
"stage08","stage08_input_preview_b05_freq_shift_652061b694fc","formal","dtype_and_input_contract","runs/stage08_input_preview_b05_freq_shift_652061b694fc/formal/20260810T084614Z_652061b694fc_stage08_b05_formal_85620006/operator_dtype_evidence_freq_shift_not_applicable_20260810T084614Z_652061b694fc_stage08_b05_formal_85620006.csv","20260810T084614Z_652061b694fc_stage08_b05_formal_85620006","freq_shift__freq_shift_int32_10e2__15a05067ffb18596","freq_shift","INT32",,"actual_typed_array_input_complex_fp32_compute_host_complex_fp64_extension","1","x:INT32:[100]:bytes=400:sha256=b01d74478b68b258be28ea544c5ae599ce3f387a8e538cd25cfd44e188d6b4f5",,"[{""dtype"":""INT32"",""element_count"":""100"",""generator"":""modular_noise_plus_ramp(seed=85230001,integral=true)"",""input_name"":""x"",""preview_head4_tail2"":""i=0:1;i=1:0;i=2:-1;i=3:0;i=98:0;i=99:1"",""shape"":""[100]""}]","{""count"":""100"",""dtype"":""INT32"",""freq"":""1.25"",""fs"":""100.0"",""seed"":""85230001""}","15a05067ffb18596e371284e7c2955d1a5ec9bcbc4b87655cbbabb37c9f5456b","ComplexFP32",,"not_applicable","ComplexFP64",,,,,,,,"PASS","OK"
"stage08","stage08_input_preview_b05_freq_shift_652061b694fc","formal","dtype_and_input_contract","runs/stage08_input_preview_b05_freq_shift_652061b694fc/formal/20260810T084615Z_652061b694fc_stage08_b05_formal_85620007/operator_dtype_evidence_freq_shift_not_applicable_20260810T084615Z_652061b694fc_stage08_b05_formal_85620007.csv","20260810T084615Z_652061b694fc_stage08_b05_formal_85620007","freq_shift__freq_shift_int32_10e3__8159d8ee55aba661","freq_shift","INT32",,"actual_typed_array_input_complex_fp32_compute_host_complex_fp64_extension","1","x:INT32:[1024]:bytes=4096:sha256=62dba82eb2db9e671d9215796ea77812be3359cb6f335f6fd0021b8f4fe9695e",,"[{""dtype"":""INT32"",""element_count"":""1024"",""generator"":""modular_noise_plus_ramp(seed=85230002,integral=true)"",""input_name"":""x"",""preview_head4_tail2"":""i=0:-1;i=1:0;i=2:0;i=3:0;i=1022:1;i=1023:0"",""shape"":""[1024]""}]","{""count"":""1024"",""dtype"":""INT32"",""freq"":""-7.5"",""fs"":""256.0"",""seed"":""85230002""}","8159d8ee55aba6610ef2cb50b694fd14b5668fbe51b4005e5638c4b8534736c4","ComplexFP32",,"not_applicable","ComplexFP64",,,,,,,,"PASS","OK"
"stage08","stage08_input_preview_b05_freq_shift_652061b694fc","formal","dtype_and_input_contract","runs/stage08_input_preview_b05_freq_shift_652061b694fc/formal/20260810T084615Z_652061b694fc_stage08_b05_formal_85620008/operator_dtype_evidence_freq_shift_not_applicable_20260810T084615Z_652061b694fc_stage08_b05_formal_85620008.csv","20260810T084615Z_652061b694fc_stage08_b05_formal_85620008","freq_shift__freq_shift_int32_10e4__d09de3d23a4166e6","freq_shift","INT32",,"actual_typed_array_input_complex_fp32_compute_host_complex_fp64_extension","1","x:INT32:[10000]:bytes=40000:sha256=37315dabec0d1fd85086aec792d5b73590f08b68bac2260c78ca194f07f28ef4",,"[{""dtype"":""INT32"",""element_count"":""10000"",""generator"":""modular_noise_plus_ramp(seed=85230003,integral=true)"",""input_name"":""x"",""preview_head4_tail2"":""i=0:-1;i=1:0;i=2:0;i=3:0;i=9998:0;i=9999:0"",""shape"":""[10000]""}]","{""count"":""10000"",""dtype"":""INT32"",""freq"":""37.25"",""fs"":""2000.0"",""seed"":""85230003""}","d09de3d23a4166e67ad4426bd9ce284c59e0c572a5b690ca0b603fc466bb5ad1","ComplexFP32",,"not_applicable","ComplexFP64",,,,,,,,"PASS","OK"
"stage08","stage08_input_preview_b05_freq_shift_652061b694fc","formal","dtype_and_input_contract","runs/stage08_input_preview_b05_freq_shift_652061b694fc/formal/20260810T084615Z_652061b694fc_stage08_b05_formal_85620009/operator_dtype_evidence_freq_shift_not_applicable_20260810T084615Z_652061b694fc_stage08_b05_formal_85620009.csv","20260810T084615Z_652061b694fc_stage08_b05_formal_85620009","freq_shift__freq_shift_int16_10e2__99d0c5d0f78b1127","freq_shift","INT16",,"actual_typed_array_input_complex_fp32_compute_host_complex_fp64_extension","1","x:INT16:[100]:bytes=200:sha256=9806cda8d65951d8906db7ad854ef3cbd39e8003fca400db270e44590fc60985",,"[{""dtype"":""INT16"",""element_count"":""100"",""generator"":""modular_noise_plus_ramp(seed=85240001,integral=true)"",""input_name"":""x"",""preview_head4_tail2"":""i=0:-1;i=1:0;i=2:0;i=3:0;i=98:0;i=99:-1"",""shape"":""[100]""}]","{""count"":""100"",""dtype"":""INT16"",""freq"":""1.25"",""fs"":""100.0"",""seed"":""85240001""}","99d0c5d0f78b1127d46c31402976634bc7da7163f13189c18e2600ce18626d6d","ComplexFP32",,"not_applicable","ComplexFP64",,,,,,,,"PASS","OK"
"stage08","stage08_input_preview_b05_freq_shift_652061b694fc","formal","dtype_and_input_contract","runs/stage08_input_preview_b05_freq_shift_652061b694fc/formal/20260810T084615Z_652061b694fc_stage08_b05_formal_8562000a/operator_dtype_evidence_freq_shift_not_applicable_20260810T084615Z_652061b694fc_stage08_b05_formal_8562000a.csv","20260810T084615Z_652061b694fc_stage08_b05_formal_8562000a","freq_shift__freq_shift_int16_10e3__6064c6fb09de038a","freq_shift","INT16",,"actual_typed_array_input_complex_fp32_compute_host_complex_fp64_extension","1","x:INT16:[1024]:bytes=2048:sha256=1fab290071854211f268ef350bbb825ac99f9c34f114c27088e345aea22a3598",,"[{""dtype"":""INT16"",""element_count"":""1024"",""generator"":""modular_noise_plus_ramp(seed=85240002,integral=true)"",""input_name"":""x"",""preview_head4_tail2"":""i=0:-1;i=1:0;i=2:0;i=3:0;i=1022:1;i=1023:0"",""shape"":""[1024]""}]","{""count"":""1024"",""dtype"":""INT16"",""freq"":""-7.5"",""fs"":""256.0"",""seed"":""85240002""}","6064c6fb09de038a80621b03c73302e41ca5f287e17265d44ea110af902cf64f","ComplexFP32",,"not_applicable","ComplexFP64",,,,,,,,"PASS","OK"
"stage08","stage08_input_preview_b05_freq_shift_652061b694fc","formal","dtype_and_input_contract","runs/stage08_input_preview_b05_freq_shift_652061b694fc/formal/20260810T084615Z_652061b694fc_stage08_b05_formal_8562000b/operator_dtype_evidence_freq_shift_not_applicable_20260810T084615Z_652061b694fc_stage08_b05_formal_8562000b.csv","20260810T084615Z_652061b694fc_stage08_b05_formal_8562000b","freq_shift__freq_shift_int16_10e4__a49683f5b797a615","freq_shift","INT16",,"actual_typed_array_input_complex_fp32_compute_host_complex_fp64_extension","1","x:INT16:[10000]:bytes=20000:sha256=653501c3a52e5299034bd90710916f389b6acb235b4837cdcc570e91b0a2e589",,"[{""dtype"":""INT16"",""element_count"":""10000"",""generator"":""modular_noise_plus_ramp(seed=85240003,integral=true)"",""input_name"":""x"",""preview_head4_tail2"":""i=0:0;i=1:0;i=2:0;i=3:1;i=9998:0;i=9999:0"",""shape"":""[10000]""}]","{""count"":""10000"",""dtype"":""INT16"",""freq"":""37.25"",""fs"":""2000.0"",""seed"":""85240003""}","a49683f5b797a6154bf185521a3542fa739c8293742c0d77bc0606e41c5acc77","ComplexFP32",,"not_applicable","ComplexFP64",,,,,,,,"PASS","OK"
"stage08","stage08_input_preview_b05_freq_shift_652061b694fc","formal","dtype_and_input_contract","runs/stage08_input_preview_b05_freq_shift_652061b694fc/formal/20260810T084616Z_652061b694fc_stage08_b05_formal_8562000c/operator_dtype_evidence_freq_shift_not_applicable_20260810T084616Z_652061b694fc_stage08_b05_formal_8562000c.csv","20260810T084616Z_652061b694fc_stage08_b05_formal_8562000c","freq_shift__freq_shift_int8_10e2__63cdbea1183b7e19","freq_shift","INT8",,"actual_typed_array_input_complex_fp32_compute_host_complex_fp64_extension","1","x:INT8:[100]:bytes=100:sha256=2b4464d1eeef5b1de27c7d879471b6709c51b445ca7a7e6203ed76d8f0a6c313",,"[{""dtype"":""INT8"",""element_count"":""100"",""generator"":""modular_noise_plus_ramp(seed=85250001,integral=true)"",""input_name"":""x"",""preview_head4_tail2"":""i=0:-1;i=1:0;i=2:0;i=3:0;i=98:0;i=99:0"",""shape"":""[100]""}]","{""count"":""100"",""dtype"":""INT8"",""freq"":""1.25"",""fs"":""100.0"",""seed"":""85250001""}","63cdbea1183b7e19327f63860d8ea76119e533dd1e73d735b84bd4526e63f125","ComplexFP32",,"not_applicable","ComplexFP64",,,,,,,,"PASS","OK"
"stage08","stage08_input_preview_b05_freq_shift_652061b694fc","formal","dtype_and_input_contract","runs/stage08_input_preview_b05_freq_shift_652061b694fc/formal/20260810T084616Z_652061b694fc_stage08_b05_formal_8562000d/operator_dtype_evidence_freq_shift_not_applicable_20260810T084616Z_652061b694fc_stage08_b05_formal_8562000d.csv","20260810T084616Z_652061b694fc_stage08_b05_formal_8562000d","freq_shift__freq_shift_int8_10e3__6e27acf78326a0ea","freq_shift","INT8",,"actual_typed_array_input_complex_fp32_compute_host_complex_fp64_extension","1","x:INT8:[1024]:bytes=1024:sha256=fb9602b013a8ebdf7a048583c2b8590cc1f795d32aed7bb8f4c50542d506b6da",,"[{""dtype"":""INT8"",""element_count"":""1024"",""generator"":""modular_noise_plus_ramp(seed=85250002,integral=true)"",""input_name"":""x"",""preview_head4_tail2"":""i=0:0;i=1:0;i=2:0;i=3:1;i=1022:2;i=1023:0"",""shape"":""[1024]""}]","{""count"":""1024"",""dtype"":""INT8"",""freq"":""-7.5"",""fs"":""256.0"",""seed"":""85250002""}","6e27acf78326a0ea2ab16c6a19a61baa857cf29c606c04e93d46446b023a8cef","ComplexFP32",,"not_applicable","ComplexFP64",,,,,,,,"PASS","OK"
"stage08","stage08_input_preview_b05_freq_shift_652061b694fc","formal","dtype_and_input_contract","runs/stage08_input_preview_b05_freq_shift_652061b694fc/formal/20260810T084616Z_652061b694fc_stage08_b05_formal_8562000e/operator_dtype_evidence_freq_shift_not_applicable_20260810T084616Z_652061b694fc_stage08_b05_formal_8562000e.csv","20260810T084616Z_652061b694fc_stage08_b05_formal_8562000e","freq_shift__freq_shift_int8_10e4__8841f5dc27ee6065","freq_shift","INT8",,"actual_typed_array_input_complex_fp32_compute_host_complex_fp64_extension","1","x:INT8:[10000]:bytes=10000:sha256=d7b7f2cbf45337f303df599d47afe9990e5c8435ed19abd124fe5c72446a0636",,"[{""dtype"":""INT8"",""element_count"":""10000"",""generator"":""modular_noise_plus_ramp(seed=85250003,integral=true)"",""input_name"":""x"",""preview_head4_tail2"":""i=0:0;i=1:1;i=2:0;i=3:1;i=9998:0;i=9999:0"",""shape"":""[10000]""}]","{""count"":""10000"",""dtype"":""INT8"",""freq"":""37.25"",""fs"":""2000.0"",""seed"":""85250003""}","8841f5dc27ee6065636d421231fcbf31e9528033b3de14518028d7096f1f6404","ComplexFP32",,"not_applicable","ComplexFP64",,,,,,,,"PASS","OK"
"stage08","stage08_input_preview_b05_lfilter_zi_652061b694fc","formal","dtype_and_input_contract","runs/stage08_input_preview_b05_lfilter_zi_652061b694fc/formal/20260810T084631Z_652061b694fc_stage08_b05_formal_85630000/operator_dtype_evidence_lfilter_zi_not_applicable_20260810T084631Z_652061b694fc_stage08_b05_formal_85630000.csv","20260810T084631Z_652061b694fc_stage08_b05_formal_85630000","lfilter_zi__lfilter_zi_fp32_10e2__26367d0b60e4ba0c","lfilter_zi","FP32",,"actual_typed_b_a_arrays_fp32_solve_host_fp64_extension","2","b:FP32:[6]:bytes=24:sha256=76d8f3f98a45e3ee1027516634ec6b89daf1f03943a55f0e2e4f205518614fa2|a:FP32:[6]:bytes=24:sha256=3aa8f1264f5bf2a434a0293f8e7435dd3cf76c2d0d58311f76f7c07cb05a925b",,"[{""dtype"":""FP32"",""element_count"":""6"",""generator"":""fixed_lfilter_zi_numerator"",""input_name"":""b"",""preview_head4_tail2"":""i=0:1;i=1:0;i=2:0;i=3:0;i=4:0;i=5:0"",""shape"":""[6]""},{""dtype"":""FP32"",""element_count"":""6"",""generator"":""fixed_lfilter_zi_denominator(leading_zeros=0)"",""input_name"":""a"",""preview_head4_tail2"":""i=0:2;i=1:-1;i=2:0;i=3:0;i=4:0;i=5:0"",""shape"":""[6]""}]","{""dtype"":""FP32"",""leading"":""0"",""order"":""5"",""seed"":""85310001""}","26367d0b60e4ba0cd757d62f1d4e0dd26ab67beb0b7cf191bffb2022c5fb77b2","FP32",,"not_applicable","FP64",,,,,,,,"PASS","OK"
"stage08","stage08_input_preview_b05_lfilter_zi_652061b694fc","formal","dtype_and_input_contract","runs/stage08_input_preview_b05_lfilter_zi_652061b694fc/formal/20260810T084631Z_652061b694fc_stage08_b05_formal_85630001/operator_dtype_evidence_lfilter_zi_not_applicable_20260810T084631Z_652061b694fc_stage08_b05_formal_85630001.csv","20260810T084631Z_652061b694fc_stage08_b05_formal_85630001","lfilter_zi__lfilter_zi_fp32_10e3__0b4e39c6ffe71ccb","lfilter_zi","FP32",,"actual_typed_b_a_arrays_fp32_solve_host_fp64_extension","2","b:FP32:[11]:bytes=44:sha256=916f03cebed5d6d5dcb53cc9dbfe1d16c9b0309f17bd667b3baf2d254e3c0b7a|a:FP32:[11]:bytes=44:sha256=156b410713fc9b1350bf573cf07b27ca380fc4309a4897c61ad51fb3940ce8ae",,"[{""dtype"":""FP32"",""element_count"":""11"",""generator"":""fixed_lfilter_zi_numerator"",""input_name"":""b"",""preview_head4_tail2"":""i=0:1;i=1:0;i=2:0;i=3:0;i=9:0;i=10:0"",""shape"":""[11]""},{""dtype"":""FP32"",""element_count"":""11"",""generator"":""fixed_lfilter_zi_denominator(leading_zeros=0)"",""input_name"":""a"",""preview_head4_tail2"":""i=0:2;i=1:-1;i=2:0;i=3:0;i=9:0;i=10:0"",""shape"":""[11]""}]","{""dtype"":""FP32"",""leading"":""0"",""order"":""10"",""seed"":""85310002""}","0b4e39c6ffe71ccbe10d3a1b65cdf7ac56fa2b54a828dff18e5ad8b8e2c8aacd","FP32",,"not_applicable","FP64",,,,,,,,"PASS","OK"
"stage08","stage08_input_preview_b05_lfilter_zi_652061b694fc","formal","dtype_and_input_contract","runs/stage08_input_preview_b05_lfilter_zi_652061b694fc/formal/20260810T084631Z_652061b694fc_stage08_b05_formal_85630002/operator_dtype_evidence_lfilter_zi_not_applicable_20260810T084631Z_652061b694fc_stage08_b05_formal_85630002.csv","20260810T084631Z_652061b694fc_stage08_b05_formal_85630002","lfilter_zi__lfilter_zi_fp32_10e4__b955d7833fdbb4be","lfilter_zi","FP32",,"actual_typed_b_a_arrays_fp32_solve_host_fp64_extension","2","b:FP32:[23]:bytes=92:sha256=438faf9911b9dcf855973949d6554d8b194f2efb58a432ea6408d20ecc39e02a|a:FP32:[24]:bytes=96:sha256=465f81858a7813883075f8474b306fc84ceedec75ee55406b492ddef86f2f66e",,"[{""dtype"":""FP32"",""element_count"":""23"",""generator"":""fixed_lfilter_zi_numerator"",""input_name"":""b"",""preview_head4_tail2"":""i=0:1;i=1:0;i=2:0;i=3:0;i=21:0;i=22:0"",""shape"":""[23]""},{""dtype"":""FP32"",""element_count"":""24"",""generator"":""fixed_lfilter_zi_denominator(leading_zeros=1)"",""input_name"":""a"",""preview_head4_tail2"":""i=0:0;i=1:2;i=2:-1;i=3:0;i=22:0;i=23:0"",""shape"":""[24]""}]","{""dtype"":""FP32"",""leading"":""1"",""order"":""22"",""seed"":""85310003""}","b955d7833fdbb4bede1a6d343d34b5e8ad38243696e6bcd63c858a327003d97e","FP32",,"not_applicable","FP64",,,,,,,,"PASS","OK"
"stage08","stage08_input_preview_b05_lfilter_zi_652061b694fc","formal","dtype_and_input_contract","runs/stage08_input_preview_b05_lfilter_zi_652061b694fc/formal/20260810T084631Z_652061b694fc_stage08_b05_formal_85630003/operator_dtype_evidence_lfilter_zi_not_applicable_20260810T084631Z_652061b694fc_stage08_b05_formal_85630003.csv","20260810T084631Z_652061b694fc_stage08_b05_formal_85630003","lfilter_zi__lfilter_zi_fp16_10e2__50f104557a6a84aa","lfilter_zi","FP16",,"actual_typed_b_a_arrays_fp32_solve_host_fp64_extension","2","b:FP16:[6]:bytes=12:sha256=3e831c6d1584fa65a94a1dfa9cecd0ccb38636c0f3d7b947f572f0b4e9e0ecca|a:FP16:[6]:bytes=12:sha256=4f1fca0ae609300a0951e915495d7ff0f76b264b85977786be52f8997a34427f",,"[{""dtype"":""FP16"",""element_count"":""6"",""generator"":""fixed_lfilter_zi_numerator"",""input_name"":""b"",""preview_head4_tail2"":""i=0:1;i=1:0;i=2:0;i=3:0;i=4:0;i=5:0"",""shape"":""[6]""},{""dtype"":""FP16"",""element_count"":""6"",""generator"":""fixed_lfilter_zi_denominator(leading_zeros=0)"",""input_name"":""a"",""preview_head4_tail2"":""i=0:2;i=1:-1;i=2:0;i=3:0;i=4:0;i=5:0"",""shape"":""[6]""}]","{""dtype"":""FP16"",""leading"":""0"",""order"":""5"",""seed"":""85320001""}","50f104557a6a84aacec2c9587ecba5144dc105319d0439842caf9032a17927ae","FP32",,"not_applicable","FP64",,,,,,,,"PASS","OK"
"stage08","stage08_input_preview_b05_lfilter_zi_652061b694fc","formal","dtype_and_input_contract","runs/stage08_input_preview_b05_lfilter_zi_652061b694fc/formal/20260810T084632Z_652061b694fc_stage08_b05_formal_85630004/operator_dtype_evidence_lfilter_zi_not_applicable_20260810T084632Z_652061b694fc_stage08_b05_formal_85630004.csv","20260810T084632Z_652061b694fc_stage08_b05_formal_85630004","lfilter_zi__lfilter_zi_fp16_10e3__c8ab2796c6752d3c","lfilter_zi","FP16",,"actual_typed_b_a_arrays_fp32_solve_host_fp64_extension","2","b:FP16:[11]:bytes=22:sha256=276c25312aa6db9621c77ad3919a842eadf069623ba0dc9722004d5df6560acc|a:FP16:[11]:bytes=22:sha256=97f9a13609466a8e79ccc84ac73fc31020f20adb2f113252674ca02023354e39",,"[{""dtype"":""FP16"",""element_count"":""11"",""generator"":""fixed_lfilter_zi_numerator"",""input_name"":""b"",""preview_head4_tail2"":""i=0:1;i=1:0;i=2:0;i=3:0;i=9:0;i=10:0"",""shape"":""[11]""},{""dtype"":""FP16"",""element_count"":""11"",""generator"":""fixed_lfilter_zi_denominator(leading_zeros=0)"",""input_name"":""a"",""preview_head4_tail2"":""i=0:2;i=1:-1;i=2:0;i=3:0;i=9:0;i=10:0"",""shape"":""[11]""}]","{""dtype"":""FP16"",""leading"":""0"",""order"":""10"",""seed"":""85320002""}","c8ab2796c6752d3c55859c08a3955fa8a3bc478f6a76f8fc4f2661d2a97e1eb6","FP32",,"not_applicable","FP64",,,,,,,,"PASS","OK"
"stage08","stage08_input_preview_b05_lfilter_zi_652061b694fc","formal","dtype_and_input_contract","runs/stage08_input_preview_b05_lfilter_zi_652061b694fc/formal/20260810T084632Z_652061b694fc_stage08_b05_formal_85630005/operator_dtype_evidence_lfilter_zi_not_applicable_20260810T084632Z_652061b694fc_stage08_b05_formal_85630005.csv","20260810T084632Z_652061b694fc_stage08_b05_formal_85630005","lfilter_zi__lfilter_zi_fp16_10e4__84344632744b9aee","lfilter_zi","FP16",,"actual_typed_b_a_arrays_fp32_solve_host_fp64_extension","2","b:FP16:[23]:bytes=46:sha256=d637ee1106e7b1fc6aacc7f3fcd3002731568ecae4bfad5e752188fd605d4ec7|a:FP16:[24]:bytes=48:sha256=da833b1aaca93acea351292492496ffc505fed96800adf2c3126a31f06e68aae",,"[{""dtype"":""FP16"",""element_count"":""23"",""generator"":""fixed_lfilter_zi_numerator"",""input_name"":""b"",""preview_head4_tail2"":""i=0:1;i=1:0;i=2:0;i=3:0;i=21:0;i=22:0"",""shape"":""[23]""},{""dtype"":""FP16"",""element_count"":""24"",""generator"":""fixed_lfilter_zi_denominator(leading_zeros=1)"",""input_name"":""a"",""preview_head4_tail2"":""i=0:0;i=1:2;i=2:-1;i=3:0;i=22:0;i=23:0"",""shape"":""[24]""}]","{""dtype"":""FP16"",""leading"":""1"",""order"":""22"",""seed"":""85320003""}","84344632744b9aeeb51c1518f02206a7b163ff69fa96dd49ab4314ef1bedf5b3","FP32",,"not_applicable","FP64",,,,,,,,"PASS","OK"
"stage08","stage08_input_preview_b05_lfilter_zi_652061b694fc","formal","dtype_and_input_contract","runs/stage08_input_preview_b05_lfilter_zi_652061b694fc/formal/20260810T084632Z_652061b694fc_stage08_b05_formal_85630006/operator_dtype_evidence_lfilter_zi_not_applicable_20260810T084632Z_652061b694fc_stage08_b05_formal_85630006.csv","20260810T084632Z_652061b694fc_stage08_b05_formal_85630006","lfilter_zi__lfilter_zi_int32_10e2__3e305d69ad3dbdd6","lfilter_zi","INT32",,"actual_typed_b_a_arrays_fp32_solve_host_fp64_extension","2","b:INT32:[6]:bytes=24:sha256=32edb6022c0921d99aa347e9cda5dc2db413f5574eebaaa8592234308ffebd2b|a:INT32:[6]:bytes=24:sha256=e3cdf83c597b9755dd566f227dbd1a2cbc0d85970fd291969e651673c303905b",,"[{""dtype"":""INT32"",""element_count"":""6"",""generator"":""fixed_lfilter_zi_numerator"",""input_name"":""b"",""preview_head4_tail2"":""i=0:1;i=1:0;i=2:0;i=3:0;i=4:0;i=5:0"",""shape"":""[6]""},{""dtype"":""INT32"",""element_count"":""6"",""generator"":""fixed_lfilter_zi_denominator(leading_zeros=0)"",""input_name"":""a"",""preview_head4_tail2"":""i=0:2;i=1:-1;i=2:0;i=3:0;i=4:0;i=5:0"",""shape"":""[6]""}]","{""dtype"":""INT32"",""leading"":""0"",""order"":""5"",""seed"":""85330001""}","3e305d69ad3dbdd66b34ac10fd08ee1073c652936a2c7b3719ebea54809c800c","FP32",,"not_applicable","FP64",,,,,,,,"PASS","OK"
"stage08","stage08_input_preview_b05_lfilter_zi_652061b694fc","formal","dtype_and_input_contract","runs/stage08_input_preview_b05_lfilter_zi_652061b694fc/formal/20260810T084632Z_652061b694fc_stage08_b05_formal_85630007/operator_dtype_evidence_lfilter_zi_not_applicable_20260810T084632Z_652061b694fc_stage08_b05_formal_85630007.csv","20260810T084632Z_652061b694fc_stage08_b05_formal_85630007","lfilter_zi__lfilter_zi_int32_10e3__aefd6b1843967688","lfilter_zi","INT32",,"actual_typed_b_a_arrays_fp32_solve_host_fp64_extension","2","b:INT32:[11]:bytes=44:sha256=8c63f77e4a89707a17ed42972517700bc8913315f36c72fcfe833910a506cd8f|a:INT32:[11]:bytes=44:sha256=65907a3603d216b2d941f838050b13502b1ff796e0dc884c32c20c721861a76e",,"[{""dtype"":""INT32"",""element_count"":""11"",""generator"":""fixed_lfilter_zi_numerator"",""input_name"":""b"",""preview_head4_tail2"":""i=0:1;i=1:0;i=2:0;i=3:0;i=9:0;i=10:0"",""shape"":""[11]""},{""dtype"":""INT32"",""element_count"":""11"",""generator"":""fixed_lfilter_zi_denominator(leading_zeros=0)"",""input_name"":""a"",""preview_head4_tail2"":""i=0:2;i=1:-1;i=2:0;i=3:0;i=9:0;i=10:0"",""shape"":""[11]""}]","{""dtype"":""INT32"",""leading"":""0"",""order"":""10"",""seed"":""85330002""}","aefd6b18439676884f7ab72fe5abb9d8d32af3e695088982227e6fa422db7678","FP32",,"not_applicable","FP64",,,,,,,,"PASS","OK"
"stage08","stage08_input_preview_b05_lfilter_zi_652061b694fc","formal","dtype_and_input_contract","runs/stage08_input_preview_b05_lfilter_zi_652061b694fc/formal/20260810T084633Z_652061b694fc_stage08_b05_formal_85630008/operator_dtype_evidence_lfilter_zi_not_applicable_20260810T084633Z_652061b694fc_stage08_b05_formal_85630008.csv","20260810T084633Z_652061b694fc_stage08_b05_formal_85630008","lfilter_zi__lfilter_zi_int32_10e4__6d8c4d74a701979d","lfilter_zi","INT32",,"actual_typed_b_a_arrays_fp32_solve_host_fp64_extension","2","b:INT32:[23]:bytes=92:sha256=dae0ff413bee1d6aba0b2ff8d794546e96866db5eef71bb49ba237dcac122bc8|a:INT32:[24]:bytes=96:sha256=8b69aec364e5096ea40258ad5df0b9e6383169b88bccc3220732a4e5a91fe2fe",,"[{""dtype"":""INT32"",""element_count"":""23"",""generator"":""fixed_lfilter_zi_numerator"",""input_name"":""b"",""preview_head4_tail2"":""i=0:1;i=1:0;i=2:0;i=3:0;i=21:0;i=22:0"",""shape"":""[23]""},{""dtype"":""INT32"",""element_count"":""24"",""generator"":""fixed_lfilter_zi_denominator(leading_zeros=1)"",""input_name"":""a"",""preview_head4_tail2"":""i=0:0;i=1:2;i=2:-1;i=3:0;i=22:0;i=23:0"",""shape"":""[24]""}]","{""dtype"":""INT32"",""leading"":""1"",""order"":""22"",""seed"":""85330003""}","6d8c4d74a701979df1f275afd095b9e5c89f11a6b30b10f161c4cce901f5294d","FP32",,"not_applicable","FP64",,,,,,,,"PASS","OK"
"stage08","stage08_input_preview_b05_lfilter_zi_652061b694fc","formal","dtype_and_input_contract","runs/stage08_input_preview_b05_lfilter_zi_652061b694fc/formal/20260810T084633Z_652061b694fc_stage08_b05_formal_85630009/operator_dtype_evidence_lfilter_zi_not_applicable_20260810T084633Z_652061b694fc_stage08_b05_formal_85630009.csv","20260810T084633Z_652061b694fc_stage08_b05_formal_85630009","lfilter_zi__lfilter_zi_int16_10e2__ec4b4b4d82f1c214","lfilter_zi","INT16",,"actual_typed_b_a_arrays_fp32_solve_host_fp64_extension","2","b:INT16:[6]:bytes=12:sha256=ca888f40c3caca805b37a5434c75de5550616e0795e7602fb91156f22dd90851|a:INT16:[6]:bytes=12:sha256=980dffe73e7c09df4639d6ad1e3abc1a32d1cf8c46924afbe48aea25cc19a94a",,"[{""dtype"":""INT16"",""element_count"":""6"",""generator"":""fixed_lfilter_zi_numerator"",""input_name"":""b"",""preview_head4_tail2"":""i=0:1;i=1:0;i=2:0;i=3:0;i=4:0;i=5:0"",""shape"":""[6]""},{""dtype"":""INT16"",""element_count"":""6"",""generator"":""fixed_lfilter_zi_denominator(leading_zeros=0)"",""input_name"":""a"",""preview_head4_tail2"":""i=0:2;i=1:-1;i=2:0;i=3:0;i=4:0;i=5:0"",""shape"":""[6]""}]","{""dtype"":""INT16"",""leading"":""0"",""order"":""5"",""seed"":""85340001""}","ec4b4b4d82f1c214bc7c42ddb3b5bfd7f9944c3a77dc4481d8578ac0b1d56cca","FP32",,"not_applicable","FP64",,,,,,,,"PASS","OK"
"stage08","stage08_input_preview_b05_lfilter_zi_652061b694fc","formal","dtype_and_input_contract","runs/stage08_input_preview_b05_lfilter_zi_652061b694fc/formal/20260810T084633Z_652061b694fc_stage08_b05_formal_8563000a/operator_dtype_evidence_lfilter_zi_not_applicable_20260810T084633Z_652061b694fc_stage08_b05_formal_8563000a.csv","20260810T084633Z_652061b694fc_stage08_b05_formal_8563000a","lfilter_zi__lfilter_zi_int16_10e3__50be503b393c8bde","lfilter_zi","INT16",,"actual_typed_b_a_arrays_fp32_solve_host_fp64_extension","2","b:INT16:[11]:bytes=22:sha256=884998df6a91f27eb4284624ff8c5c35bc6888dde0b3bbaa01d2b631240b8cf4|a:INT16:[11]:bytes=22:sha256=1fe003d8ede0ab75a15dda3d669b0d25a4e359580b4a0a77187fd4b6030b6ccc",,"[{""dtype"":""INT16"",""element_count"":""11"",""generator"":""fixed_lfilter_zi_numerator"",""input_name"":""b"",""preview_head4_tail2"":""i=0:1;i=1:0;i=2:0;i=3:0;i=9:0;i=10:0"",""shape"":""[11]""},{""dtype"":""INT16"",""element_count"":""11"",""generator"":""fixed_lfilter_zi_denominator(leading_zeros=0)"",""input_name"":""a"",""preview_head4_tail2"":""i=0:2;i=1:-1;i=2:0;i=3:0;i=9:0;i=10:0"",""shape"":""[11]""}]","{""dtype"":""INT16"",""leading"":""0"",""order"":""10"",""seed"":""85340002""}","50be503b393c8bde39dcd6cca368374d14f02322f0e85ad6b466604d1a401e1b","FP32",,"not_applicable","FP64",,,,,,,,"PASS","OK"
"stage08","stage08_input_preview_b05_lfilter_zi_652061b694fc","formal","dtype_and_input_contract","runs/stage08_input_preview_b05_lfilter_zi_652061b694fc/formal/20260810T084633Z_652061b694fc_stage08_b05_formal_8563000b/operator_dtype_evidence_lfilter_zi_not_applicable_20260810T084633Z_652061b694fc_stage08_b05_formal_8563000b.csv","20260810T084633Z_652061b694fc_stage08_b05_formal_8563000b","lfilter_zi__lfilter_zi_int16_10e4__2b346baace1a7dd1","lfilter_zi","INT16",,"actual_typed_b_a_arrays_fp32_solve_host_fp64_extension","2","b:INT16:[23]:bytes=46:sha256=4e473c352a8538ea0be1c00c80fecd940d125a8eb900e2d8c8746ac99f32497d|a:INT16:[24]:bytes=48:sha256=80d6dfb93f0976fa60fe087ff6ae090d09248321c11cb1ef29ab724fe2f49677",,"[{""dtype"":""INT16"",""element_count"":""23"",""generator"":""fixed_lfilter_zi_numerator"",""input_name"":""b"",""preview_head4_tail2"":""i=0:1;i=1:0;i=2:0;i=3:0;i=21:0;i=22:0"",""shape"":""[23]""},{""dtype"":""INT16"",""element_count"":""24"",""generator"":""fixed_lfilter_zi_denominator(leading_zeros=1)"",""input_name"":""a"",""preview_head4_tail2"":""i=0:0;i=1:2;i=2:-1;i=3:0;i=22:0;i=23:0"",""shape"":""[24]""}]","{""dtype"":""INT16"",""leading"":""1"",""order"":""22"",""seed"":""85340003""}","2b346baace1a7dd114fa32fe8582b85121d5eacf38ea1b99220c77d8f8089719","FP32",,"not_applicable","FP64",,,,,,,,"PASS","OK"
"stage08","stage08_input_preview_b05_lfilter_zi_652061b694fc","formal","dtype_and_input_contract","runs/stage08_input_preview_b05_lfilter_zi_652061b694fc/formal/20260810T084633Z_652061b694fc_stage08_b05_formal_8563000c/operator_dtype_evidence_lfilter_zi_not_applicable_20260810T084633Z_652061b694fc_stage08_b05_formal_8563000c.csv","20260810T084633Z_652061b694fc_stage08_b05_formal_8563000c","lfilter_zi__lfilter_zi_int8_10e2__60c8929f594fa981","lfilter_zi","INT8",,"actual_typed_b_a_arrays_fp32_solve_host_fp64_extension","2","b:INT8:[6]:bytes=6:sha256=36c159d76b52e03e496363607c5940227f62f4e048df344b050159bc97bba3d7|a:INT8:[6]:bytes=6:sha256=bd0475784673f17410053a2b7ffb58c940beb6f32ed92b66cec2b4498573f1dd",,"[{""dtype"":""INT8"",""element_count"":""6"",""generator"":""fixed_lfilter_zi_numerator"",""input_name"":""b"",""preview_head4_tail2"":""i=0:1;i=1:0;i=2:0;i=3:0;i=4:0;i=5:0"",""shape"":""[6]""},{""dtype"":""INT8"",""element_count"":""6"",""generator"":""fixed_lfilter_zi_denominator(leading_zeros=0)"",""input_name"":""a"",""preview_head4_tail2"":""i=0:2;i=1:-1;i=2:0;i=3:0;i=4:0;i=5:0"",""shape"":""[6]""}]","{""dtype"":""INT8"",""leading"":""0"",""order"":""5"",""seed"":""85350001""}","60c8929f594fa981634d421064b4fd87d62c5f017b5440d1716c3aa3547186f0","FP32",,"not_applicable","FP64",,,,,,,,"PASS","OK"
"stage08","stage08_input_preview_b05_lfilter_zi_652061b694fc","formal","dtype_and_input_contract","runs/stage08_input_preview_b05_lfilter_zi_652061b694fc/formal/20260810T084634Z_652061b694fc_stage08_b05_formal_8563000d/operator_dtype_evidence_lfilter_zi_not_applicable_20260810T084634Z_652061b694fc_stage08_b05_formal_8563000d.csv","20260810T084634Z_652061b694fc_stage08_b05_formal_8563000d","lfilter_zi__lfilter_zi_int8_10e3__16720800b882113f","lfilter_zi","INT8",,"actual_typed_b_a_arrays_fp32_solve_host_fp64_extension","2","b:INT8:[11]:bytes=11:sha256=fd1b99579c88a4f533613a38dd643f7bd7e6cf97feeac1c95a0d90e68d7ae3db|a:INT8:[11]:bytes=11:sha256=861531a7449ab474ae195074387c9ee36a5935d1e45788e4d01401a774c7e856",,"[{""dtype"":""INT8"",""element_count"":""11"",""generator"":""fixed_lfilter_zi_numerator"",""input_name"":""b"",""preview_head4_tail2"":""i=0:1;i=1:0;i=2:0;i=3:0;i=9:0;i=10:0"",""shape"":""[11]""},{""dtype"":""INT8"",""element_count"":""11"",""generator"":""fixed_lfilter_zi_denominator(leading_zeros=0)"",""input_name"":""a"",""preview_head4_tail2"":""i=0:2;i=1:-1;i=2:0;i=3:0;i=9:0;i=10:0"",""shape"":""[11]""}]","{""dtype"":""INT8"",""leading"":""0"",""order"":""10"",""seed"":""85350002""}","16720800b882113f8447096e0ea4872d60ad7617a616789e044047dc8b0bb1d4","FP32",,"not_applicable","FP64",,,,,,,,"PASS","OK"
"stage08","stage08_input_preview_b05_lfilter_zi_652061b694fc","formal","dtype_and_input_contract","runs/stage08_input_preview_b05_lfilter_zi_652061b694fc/formal/20260810T084634Z_652061b694fc_stage08_b05_formal_8563000e/operator_dtype_evidence_lfilter_zi_not_applicable_20260810T084634Z_652061b694fc_stage08_b05_formal_8563000e.csv","20260810T084634Z_652061b694fc_stage08_b05_formal_8563000e","lfilter_zi__lfilter_zi_int8_10e4__729326c03b6ee6de","lfilter_zi","INT8",,"actual_typed_b_a_arrays_fp32_solve_host_fp64_extension","2","b:INT8:[23]:bytes=23:sha256=779c47f7785ef00107abf0d815c9c1d1cf359dc0f7cf1d0e0c2072fcc38d9fd2|a:INT8:[24]:bytes=24:sha256=272d6a3d4f8885e101775737cec0b699c789affccc20fe82607779538844aa0f",,"[{""dtype"":""INT8"",""element_count"":""23"",""generator"":""fixed_lfilter_zi_numerator"",""input_name"":""b"",""preview_head4_tail2"":""i=0:1;i=1:0;i=2:0;i=3:0;i=21:0;i=22:0"",""shape"":""[23]""},{""dtype"":""INT8"",""element_count"":""24"",""generator"":""fixed_lfilter_zi_denominator(leading_zeros=1)"",""input_name"":""a"",""preview_head4_tail2"":""i=0:0;i=1:2;i=2:-1;i=3:0;i=22:0;i=23:0"",""shape"":""[24]""}]","{""dtype"":""INT8"",""leading"":""1"",""order"":""22"",""seed"":""85350003""}","729326c03b6ee6de93d1e05b5e294ebcd56921e4bde4f77faaf0ed194f2bd5af","FP32",,"not_applicable","FP64",,,,,,,,"PASS","OK"
"stage08","stage08_input_preview_b05_smoke_20260810T0845Z","smoke","dtype_and_input_contract","runs/stage08_input_preview_b05_smoke_20260810T0845Z/smoke/20260810T084500Z_4fde9040ab73_stage08_b05_smoke_85600001/operator_dtype_evidence_detrend_not_applicable_20260810T084500Z_4fde9040ab73_stage08_b05_smoke_85600001.csv","20260810T084500Z_4fde9040ab73_stage08_b05_smoke_85600001","detrend__detrend_fp32_10e2__91e1a45e3715cb26","detrend","FP32",,"actual_typed_array_input","1","x:FP32:[100]:bytes=400:sha256=2de0ed8491683f0de3eb356752489c7ec01f4e00a19e84c7818dcadb54f46baf",,"[{""dtype"":""FP32"",""element_count"":""100"",""generator"":""trend_plus_modular_noise(seed=85110001,integral=false)"",""input_name"":""x"",""preview_head4_tail2"":""i=0:0.75;i=1:-0.45;i=2:0.6;i=3:-0.6;i=98:4.65;i=99:5.7"",""shape"":""[100]""}]","{""axis"":""0"",""breakpoints"":""true"",""cols"":""1"",""dtype"":""FP32"",""mode"":""constant"",""rank"":""1"",""rows"":""100"",""seed"":""85110001""}","91e1a45e3715cb26deee7f54e41c8f4349a74a12f6443d14263011d374d94e3c","FP32",,"not_applicable","FP32",,,,,,,,"PASS","OK"
"stage08","stage08_input_preview_b05_sosfilt_652061b694fc","formal","dtype_and_input_contract","runs/stage08_input_preview_b05_sosfilt_652061b694fc/formal/20260810T084655Z_652061b694fc_stage08_b05_formal_85640000/operator_dtype_evidence_sosfilt_not_applicable_20260810T084655Z_652061b694fc_stage08_b05_formal_85640000.csv","20260810T084655Z_652061b694fc_stage08_b05_formal_85640000","sosfilt__sosfilt_fp32_10e2__66c6014a16c9491d","sosfilt","FP32",,"actual_typed_sos_x_optional_zi_fp32_extension","2","sos:FP32:[6]:bytes=24:sha256=f502fa3ecd9c696c41b1955f12086e7c0b0ff764e2b4487cda5ada2688f6ee4e|x:FP32:[100]:bytes=400:sha256=885d52f6c8372547d7d25c033586d0899196b86b917752491a096f1e2373a6fb",,"[{""dtype"":""FP32"",""element_count"":""6"",""generator"":""repeated_sos_section_[1,1,0,1,0,0]"",""input_name"":""sos"",""preview_head4_tail2"":""i=0:1;i=1:1;i=2:0;i=3:1;i=4:0;i=5:0"",""shape"":""[1x6]""},{""dtype"":""FP32"",""element_count"":""100"",""generator"":""sosfilt_modular(seed=85410001,integral=false)"",""input_name"":""x"",""preview_head4_tail2"":""i=0:-0.75;i=1:0.25;i=2:-1;i=3:0;i=98:0.5;i=99:-0.75"",""shape"":""[100]""}]","{""axis"":""0"",""cols"":""1"",""dtype"":""FP32"",""rank"":""1"",""rows"":""100"",""sections"":""1"",""seed"":""85410001"",""zi"":""false""}","66c6014a16c9491d5623727cda93d1bf309f3d04453597c5ad638104de9ba798","FP32",,"not_applicable","FP32",,,,,,,,"PASS","OK"
"stage08","stage08_input_preview_b05_sosfilt_652061b694fc","formal","dtype_and_input_contract","runs/stage08_input_preview_b05_sosfilt_652061b694fc/formal/20260810T084655Z_652061b694fc_stage08_b05_formal_85640001/operator_dtype_evidence_sosfilt_not_applicable_20260810T084655Z_652061b694fc_stage08_b05_formal_85640001.csv","20260810T084655Z_652061b694fc_stage08_b05_formal_85640001","sosfilt__sosfilt_fp32_10e3__eaedddc1d42c0b3e","sosfilt","FP32",,"actual_typed_sos_x_optional_zi_fp32_extension","3","sos:FP32:[12]:bytes=48:sha256=5163bd05800b8f4201fe6259a67c1090967193accc9d66887a6fb60370248d59|x:FP32:[1024]:bytes=4096:sha256=341df59fcc9b53b447b764bab8e1456f2a9fbf0caf99910d58c2681aa95ba2d5|zi:FP32:[128]:bytes=512:sha256=02722f124d0f1736a9dd7c4ddcd05630dcf16ee1ce3454e9a876005ce005d4ac",,"[{""dtype"":""FP32"",""element_count"":""12"",""generator"":""repeated_sos_section_[1,1,0,1,0,0]"",""input_name"":""sos"",""preview_head4_tail2"":""i=0:1;i=1:1;i=2:0;i=3:1;i=10:0;i=11:0"",""shape"":""[2x6]""},{""dtype"":""FP32"",""element_count"":""1024"",""generator"":""sosfilt_modular(seed=85410002,integral=false)"",""input_name"":""x"",""preview_head4_tail2"":""i=0:-0.5;i=1:0.5;i=2:-0.75;i=3:0.25;i=1022:0;i=1023:1"",""shape"":""[32x32]""},{""dtype"":""FP32"",""element_count"":""128"",""generator"":""constant_initial_state(1)"",""input_name"":""zi"",""preview_head4_tail2"":""i=0:1;i=1:1;i=2:1;i=3:1;i=126:1;i=127:1"",""shape"":""[2x32x2]""}]","{""axis"":""1"",""cols"":""32"",""dtype"":""FP32"",""rank"":""2"",""rows"":""32"",""sections"":""2"",""seed"":""85410002"",""zi"":""true""}","eaedddc1d42c0b3e2ea2556c7639365fe87541a25db95e9087a738cc439b9639","FP32",,"not_applicable","FP32",,,,,,,,"PASS","OK"
"stage08","stage08_input_preview_b05_sosfilt_652061b694fc","formal","dtype_and_input_contract","runs/stage08_input_preview_b05_sosfilt_652061b694fc/formal/20260810T084656Z_652061b694fc_stage08_b05_formal_85640002/operator_dtype_evidence_sosfilt_not_applicable_20260810T084656Z_652061b694fc_stage08_b05_formal_85640002.csv","20260810T084656Z_652061b694fc_stage08_b05_formal_85640002","sosfilt__sosfilt_fp32_10e4__7ca744895a8dac23","sosfilt","FP32",,"actual_typed_sos_x_optional_zi_fp32_extension","3","sos:FP32:[24]:bytes=96:sha256=def3a32a65d88d45112017619bebacab993f7bd1914f751b780566dbdecb8578|x:FP32:[10000]:bytes=40000:sha256=5187cc51dfd3ab6b961705ab34aace4d6a9527150425c074e3544851c5842bf8|zi:FP32:[800]:bytes=3200:sha256=59e707682300eb4d920bf2d445486f21f3689ef90a863aed249b240ab19b52e4",,"[{""dtype"":""FP32"",""element_count"":""24"",""generator"":""repeated_sos_section_[1,1,0,1,0,0]"",""input_name"":""sos"",""preview_head4_tail2"":""i=0:1;i=1:1;i=2:0;i=3:1;i=22:0;i=23:0"",""shape"":""[4x6]""},{""dtype"":""FP32"",""element_count"":""10000"",""generator"":""sosfilt_modular(seed=85410003,integral=false)"",""input_name"":""x"",""preview_head4_tail2"":""i=0:-0.25;i=1:0.75;i=2:-0.5;i=3:0.5;i=9998:1;i=9999:-0.25"",""shape"":""[100x100]""},{""dtype"":""FP32"",""element_count"":""800"",""generator"":""constant_initial_state(1)"",""input_name"":""zi"",""preview_head4_tail2"":""i=0:1;i=1:1;i=2:1;i=3:1;i=798:1;i=799:1"",""shape"":""[4x2x100]""}]","{""axis"":""0"",""cols"":""100"",""dtype"":""FP32"",""rank"":""2"",""rows"":""100"",""sections"":""4"",""seed"":""85410003"",""zi"":""true""}","7ca744895a8dac231cd0cd347926460992c4ed527ca5562b63601b90bbb55fa5","FP32",,"not_applicable","FP32",,,,,,,,"PASS","OK"
"stage08","stage08_input_preview_b05_sosfilt_652061b694fc","formal","dtype_and_input_contract","runs/stage08_input_preview_b05_sosfilt_652061b694fc/formal/20260810T084656Z_652061b694fc_stage08_b05_formal_85640003/operator_dtype_evidence_sosfilt_not_applicable_20260810T084656Z_652061b694fc_stage08_b05_formal_85640003.csv","20260810T084656Z_652061b694fc_stage08_b05_formal_85640003","sosfilt__sosfilt_fp16_10e2__68f94d88f9836102","sosfilt","FP16",,"actual_typed_sos_x_optional_zi_fp32_extension","2","sos:FP16:[6]:bytes=12:sha256=acd36c61413fc498ed19a1022923a13185b022ded454eb03704804c1347e9a0f|x:FP16:[100]:bytes=200:sha256=eae5a2365d2027b637fc571ce3433a017e8ef196c6a7845500260dccd0ae7afe",,"[{""dtype"":""FP16"",""element_count"":""6"",""generator"":""repeated_sos_section_[1,1,0,1,0,0]"",""input_name"":""sos"",""preview_head4_tail2"":""i=0:1;i=1:1;i=2:0;i=3:1;i=4:0;i=5:0"",""shape"":""[1x6]""},{""dtype"":""FP16"",""element_count"":""100"",""generator"":""sosfilt_modular(seed=85420001,integral=false)"",""input_name"":""x"",""preview_head4_tail2"":""i=0:-0.5;i=1:0.5;i=2:-0.75;i=3:0.25;i=98:0.75;i=99:-0.5"",""shape"":""[100]""}]","{""axis"":""0"",""cols"":""1"",""dtype"":""FP16"",""rank"":""1"",""rows"":""100"",""sections"":""1"",""seed"":""85420001"",""zi"":""false""}","68f94d88f98361021cd76fb74eef66b114ff58843c73dcf38a9a3df5f9d150a9","FP32",,"not_applicable","FP32",,,,,,,,"PASS","OK"
"stage08","stage08_input_preview_b05_sosfilt_652061b694fc","formal","dtype_and_input_contract","runs/stage08_input_preview_b05_sosfilt_652061b694fc/formal/20260810T084656Z_652061b694fc_stage08_b05_formal_85640004/operator_dtype_evidence_sosfilt_not_applicable_20260810T084656Z_652061b694fc_stage08_b05_formal_85640004.csv","20260810T084656Z_652061b694fc_stage08_b05_formal_85640004","sosfilt__sosfilt_fp16_10e3__99d14a67f435e4fb","sosfilt","FP16",,"actual_typed_sos_x_optional_zi_fp32_extension","3","sos:FP16:[12]:bytes=24:sha256=a372dd6ef89820145e9cae078f5d9d0d6b38333c9834d922a1eefd7ee77a9bd7|x:FP16:[1024]:bytes=2048:sha256=77b8ca4b0d0884d7ace668a4f9c6e077c3e158bb62d4b51a3fc17ad84479eb28|zi:FP16:[128]:bytes=256:sha256=94db0fae1410ff7a113dcd9c611d72ba28198e11f635941653c42ad3521be145",,"[{""dtype"":""FP16"",""element_count"":""12"",""generator"":""repeated_sos_section_[1,1,0,1,0,0]"",""input_name"":""sos"",""preview_head4_tail2"":""i=0:1;i=1:1;i=2:0;i=3:1;i=10:0;i=11:0"",""shape"":""[2x6]""},{""dtype"":""FP16"",""element_count"":""1024"",""generator"":""sosfilt_modular(seed=85420002,integral=false)"",""input_name"":""x"",""preview_head4_tail2"":""i=0:-0.25;i=1:0.75;i=2:-0.5;i=3:0.5;i=1022:0.25;i=1023:-1"",""shape"":""[32x32]""},{""dtype"":""FP16"",""element_count"":""128"",""generator"":""constant_initial_state(1)"",""input_name"":""zi"",""preview_head4_tail2"":""i=0:1;i=1:1;i=2:1;i=3:1;i=126:1;i=127:1"",""shape"":""[2x32x2]""}]","{""axis"":""1"",""cols"":""32"",""dtype"":""FP16"",""rank"":""2"",""rows"":""32"",""sections"":""2"",""seed"":""85420002"",""zi"":""true""}","99d14a67f435e4fb18776a9ec149f31b32bbc9ca36eb04f293574c92783407ec","FP32",,"not_applicable","FP32",,,,,,,,"PASS","OK"
"stage08","stage08_input_preview_b05_sosfilt_652061b694fc","formal","dtype_and_input_contract","runs/stage08_input_preview_b05_sosfilt_652061b694fc/formal/20260810T084656Z_652061b694fc_stage08_b05_formal_85640005/operator_dtype_evidence_sosfilt_not_applicable_20260810T084656Z_652061b694fc_stage08_b05_formal_85640005.csv","20260810T084656Z_652061b694fc_stage08_b05_formal_85640005","sosfilt__sosfilt_fp16_10e4__5d58d550b24d09bc","sosfilt","FP16",,"actual_typed_sos_x_optional_zi_fp32_extension","3","sos:FP16:[24]:bytes=48:sha256=99ba623b8dd4b27f4a034a6ce9e14b6de88536e7b91a10d564b401c2401e9a34|x:FP16:[10000]:bytes=20000:sha256=4c35744c6ae9520924548557e500cf80dc3314bf903a8103b3955c6dd26dc6ec|zi:FP16:[800]:bytes=1600:sha256=c02fa14abdd3643fd7efa283f0614b484e7cbae96d6703d0d9b47587708efbc1",,"[{""dtype"":""FP16"",""element_count"":""24"",""generator"":""repeated_sos_section_[1,1,0,1,0,0]"",""input_name"":""sos"",""preview_head4_tail2"":""i=0:1;i=1:1;i=2:0;i=3:1;i=22:0;i=23:0"",""shape"":""[4x6]""},{""dtype"":""FP16"",""element_count"":""10000"",""generator"":""sosfilt_modular(seed=85420003,integral=false)"",""input_name"":""x"",""preview_head4_tail2"":""i=0:0;i=1:1;i=2:-0.25;i=3:0.75;i=9998:-1;i=9999:0"",""shape"":""[100x100]""},{""dtype"":""FP16"",""element_count"":""800"",""generator"":""constant_initial_state(1)"",""input_name"":""zi"",""preview_head4_tail2"":""i=0:1;i=1:1;i=2:1;i=3:1;i=798:1;i=799:1"",""shape"":""[4x2x100]""}]","{""axis"":""0"",""cols"":""100"",""dtype"":""FP16"",""rank"":""2"",""rows"":""100"",""sections"":""4"",""seed"":""85420003"",""zi"":""true""}","5d58d550b24d09bc9cf4c3d30ceec64ea2b0ad121d5566e427262ffe6ec9f006","FP32",,"not_applicable","FP32",,,,,,,,"PASS","OK"
"stage08","stage08_input_preview_b05_sosfilt_652061b694fc","formal","dtype_and_input_contract","runs/stage08_input_preview_b05_sosfilt_652061b694fc/formal/20260810T084657Z_652061b694fc_stage08_b05_formal_85640006/operator_dtype_evidence_sosfilt_not_applicable_20260810T084657Z_652061b694fc_stage08_b05_formal_85640006.csv","20260810T084657Z_652061b694fc_stage08_b05_formal_85640006","sosfilt__sosfilt_int32_10e2__1329fa36dd830f18","sosfilt","INT32",,"actual_typed_sos_x_optional_zi_fp32_extension","2","sos:INT32:[6]:bytes=24:sha256=cfa5d2443cc64713d1064977716d6a7dd89dd07c906f2d048e8a705cfbe21a86|x:INT32:[100]:bytes=400:sha256=2fdb9de0d3fd2351272943892f6ae823df12547ef89b242f5bc2ecfc9b9b788c",,"[{""dtype"":""INT32"",""element_count"":""6"",""generator"":""repeated_sos_section_[1,1,0,1,0,0]"",""input_name"":""sos"",""preview_head4_tail2"":""i=0:1;i=1:1;i=2:0;i=3:1;i=4:0;i=5:0"",""shape"":""[1x6]""},{""dtype"":""INT32"",""element_count"":""100"",""generator"":""sosfilt_modular(seed=85430001,integral=true)"",""input_name"":""x"",""preview_head4_tail2"":""i=0:-1;i=1:3;i=2:-2;i=3:2;i=98:4;i=99:-1"",""shape"":""[100]""}]","{""axis"":""0"",""cols"":""1"",""dtype"":""INT32"",""rank"":""1"",""rows"":""100"",""sections"":""1"",""seed"":""85430001"",""zi"":""false""}","1329fa36dd830f18f30f90cd69044119bb89b2e678591411ed66d064698c0033","FP32",,"not_applicable","FP32",,,,,,,,"PASS","OK"
"stage08","stage08_input_preview_b05_sosfilt_652061b694fc","formal","dtype_and_input_contract","runs/stage08_input_preview_b05_sosfilt_652061b694fc/formal/20260810T084657Z_652061b694fc_stage08_b05_formal_85640007/operator_dtype_evidence_sosfilt_not_applicable_20260810T084657Z_652061b694fc_stage08_b05_formal_85640007.csv","20260810T084657Z_652061b694fc_stage08_b05_formal_85640007","sosfilt__sosfilt_int32_10e3__cece5969dbe1de3d","sosfilt","INT32",,"actual_typed_sos_x_optional_zi_fp32_extension","3","sos:INT32:[12]:bytes=48:sha256=dd884bc53858a300e7c96bffc484524687815e18f97ae4694a428ed185211719|x:INT32:[1024]:bytes=4096:sha256=3885322cf845fae2927ed0f6f52e72710944c4cdbac08a5bf79f6cc52e2c01b5|zi:INT32:[128]:bytes=512:sha256=d585e10d1e2240e9af79fc1cf8d11e11420b5306480b469b587e85630fcb0c9f",,"[{""dtype"":""INT32"",""element_count"":""12"",""generator"":""repeated_sos_section_[1,1,0,1,0,0]"",""input_name"":""sos"",""preview_head4_tail2"":""i=0:1;i=1:1;i=2:0;i=3:1;i=10:0;i=11:0"",""shape"":""[2x6]""},{""dtype"":""INT32"",""element_count"":""1024"",""generator"":""sosfilt_modular(seed=85430002,integral=true)"",""input_name"":""x"",""preview_head4_tail2"":""i=0:0;i=1:4;i=2:-1;i=3:3;i=1022:2;i=1023:-3"",""shape"":""[32x32]""},{""dtype"":""INT32"",""element_count"":""128"",""generator"":""constant_initial_state(1)"",""input_name"":""zi"",""preview_head4_tail2"":""i=0:1;i=1:1;i=2:1;i=3:1;i=126:1;i=127:1"",""shape"":""[2x32x2]""}]","{""axis"":""1"",""cols"":""32"",""dtype"":""INT32"",""rank"":""2"",""rows"":""32"",""sections"":""2"",""seed"":""85430002"",""zi"":""true""}","cece5969dbe1de3d83444dc23bbcc7d9524fafbeab10d79f14563613a887ba41","FP32",,"not_applicable","FP32",,,,,,,,"PASS","OK"
"stage08","stage08_input_preview_b05_sosfilt_652061b694fc","formal","dtype_and_input_contract","runs/stage08_input_preview_b05_sosfilt_652061b694fc/formal/20260810T084657Z_652061b694fc_stage08_b05_formal_85640008/operator_dtype_evidence_sosfilt_not_applicable_20260810T084657Z_652061b694fc_stage08_b05_formal_85640008.csv","20260810T084657Z_652061b694fc_stage08_b05_formal_85640008","sosfilt__sosfilt_int32_10e4__140fd51006a03425","sosfilt","INT32",,"actual_typed_sos_x_optional_zi_fp32_extension","3","sos:INT32:[24]:bytes=96:sha256=2ec3ba412704ad81f846b662df73a5a5dd54c6b38cbf1442a883511901d6b778|x:INT32:[10000]:bytes=40000:sha256=370ccba3beaa100a9c7fa2a17e58260bb6141047c89857ade77d37d216bbc82d|zi:INT32:[800]:bytes=3200:sha256=2bdba08cf918a884a5f6e4c81c764ce00f53e63be2d65ce7f62cff1963e8800e",,"[{""dtype"":""INT32"",""element_count"":""24"",""generator"":""repeated_sos_section_[1,1,0,1,0,0]"",""input_name"":""sos"",""preview_head4_tail2"":""i=0:1;i=1:1;i=2:0;i=3:1;i=22:0;i=23:0"",""shape"":""[4x6]""},{""dtype"":""INT32"",""element_count"":""10000"",""generator"":""sosfilt_modular(seed=85430003,integral=true)"",""input_name"":""x"",""preview_head4_tail2"":""i=0:1;i=1:-4;i=2:0;i=3:4;i=9998:-3;i=9999:1"",""shape"":""[100x100]""},{""dtype"":""INT32"",""element_count"":""800"",""generator"":""constant_initial_state(1)"",""input_name"":""zi"",""preview_head4_tail2"":""i=0:1;i=1:1;i=2:1;i=3:1;i=798:1;i=799:1"",""shape"":""[4x2x100]""}]","{""axis"":""0"",""cols"":""100"",""dtype"":""INT32"",""rank"":""2"",""rows"":""100"",""sections"":""4"",""seed"":""85430003"",""zi"":""true""}","140fd51006a03425934897fb0e82b938c477b7ae161f060e9f56fb48455df5b5","FP32",,"not_applicable","FP32",,,,,,,,"PASS","OK"
"stage08","stage08_input_preview_b05_sosfilt_652061b694fc","formal","dtype_and_input_contract","runs/stage08_input_preview_b05_sosfilt_652061b694fc/formal/20260810T084658Z_652061b694fc_stage08_b05_formal_85640009/operator_dtype_evidence_sosfilt_not_applicable_20260810T084658Z_652061b694fc_stage08_b05_formal_85640009.csv","20260810T084658Z_652061b694fc_stage08_b05_formal_85640009","sosfilt__sosfilt_int16_10e2__2704a5f416f05463","sosfilt","INT16",,"actual_typed_sos_x_optional_zi_fp32_extension","2","sos:INT16:[6]:bytes=12:sha256=03aaad323697a097cadf5c1748392cb15eac566f2a517d3c443fa8eb86f4c250|x:INT16:[100]:bytes=200:sha256=85cd69853ea4d2ceeaaad659d75c1112399a412c870151fe8a54eafbb8a5766d",,"[{""dtype"":""INT16"",""element_count"":""6"",""generator"":""repeated_sos_section_[1,1,0,1,0,0]"",""input_name"":""sos"",""preview_head4_tail2"":""i=0:1;i=1:1;i=2:0;i=3:1;i=4:0;i=5:0"",""shape"":""[1x6]""},{""dtype"":""INT16"",""element_count"":""100"",""generator"":""sosfilt_modular(seed=85440001,integral=true)"",""input_name"":""x"",""preview_head4_tail2"":""i=0:0;i=1:4;i=2:-1;i=3:3;i=98:-4;i=99:0"",""shape"":""[100]""}]","{""axis"":""0"",""cols"":""1"",""dtype"":""INT16"",""rank"":""1"",""rows"":""100"",""sections"":""1"",""seed"":""85440001"",""zi"":""false""}","2704a5f416f054638b2a5d119eb960c7db0e30a1423424446e01bd69c6278818","FP32",,"not_applicable","FP32",,,,,,,,"PASS","OK"
"stage08","stage08_input_preview_b05_sosfilt_652061b694fc","formal","dtype_and_input_contract","runs/stage08_input_preview_b05_sosfilt_652061b694fc/formal/20260810T084658Z_652061b694fc_stage08_b05_formal_8564000a/operator_dtype_evidence_sosfilt_not_applicable_20260810T084658Z_652061b694fc_stage08_b05_formal_8564000a.csv","20260810T084658Z_652061b694fc_stage08_b05_formal_8564000a","sosfilt__sosfilt_int16_10e3__32d4bf2684b53749","sosfilt","INT16",,"actual_typed_sos_x_optional_zi_fp32_extension","3","sos:INT16:[12]:bytes=24:sha256=1b307d74085fb55f176e2247827898664aadc07ec531bc3236ccd06ecc075dba|x:INT16:[1024]:bytes=2048:sha256=d8acb341c4daa74039f6e2e425e99548ebf61ee214ad10420552fe0ce9c93177|zi:INT16:[128]:bytes=256:sha256=8ca36e6856e98e919eeb6e5747c915091ca0f872c86fefbebfc76aa0867a52ea",,"[{""dtype"":""INT16"",""element_count"":""12"",""generator"":""repeated_sos_section_[1,1,0,1,0,0]"",""input_name"":""sos"",""preview_head4_tail2"":""i=0:1;i=1:1;i=2:0;i=3:1;i=10:0;i=11:0"",""shape"":""[2x6]""},{""dtype"":""INT16"",""element_count"":""1024"",""generator"":""sosfilt_modular(seed=85440002,integral=true)"",""input_name"":""x"",""preview_head4_tail2"":""i=0:1;i=1:-4;i=2:0;i=3:4;i=1022:3;i=1023:-2"",""shape"":""[32x32]""},{""dtype"":""INT16"",""element_count"":""128"",""generator"":""constant_initial_state(1)"",""input_name"":""zi"",""preview_head4_tail2"":""i=0:1;i=1:1;i=2:1;i=3:1;i=126:1;i=127:1"",""shape"":""[2x32x2]""}]","{""axis"":""1"",""cols"":""32"",""dtype"":""INT16"",""rank"":""2"",""rows"":""32"",""sections"":""2"",""seed"":""85440002"",""zi"":""true""}","32d4bf2684b53749fbf16ee3701ca8a4d29bb2a66a4688732d258e21d1910310","FP32",,"not_applicable","FP32",,,,,,,,"PASS","OK"
"stage08","stage08_input_preview_b05_sosfilt_652061b694fc","formal","dtype_and_input_contract","runs/stage08_input_preview_b05_sosfilt_652061b694fc/formal/20260810T084658Z_652061b694fc_stage08_b05_formal_8564000b/operator_dtype_evidence_sosfilt_not_applicable_20260810T084658Z_652061b694fc_stage08_b05_formal_8564000b.csv","20260810T084658Z_652061b694fc_stage08_b05_formal_8564000b","sosfilt__sosfilt_int16_10e4__ef87ce4b1346e630","sosfilt","INT16",,"actual_typed_sos_x_optional_zi_fp32_extension","3","sos:INT16:[24]:bytes=48:sha256=059c7a2894607147c03d281331e74e26a8698d2ad348fde3f9c9a019c182b514|x:INT16:[10000]:bytes=20000:sha256=1c11871339b8ae905124133291ee098206b2e6078a761c3c6124b684c0c29e08|zi:INT16:[800]:bytes=1600:sha256=c4f441afd675c673783450853625490e5da374a0312d859ee92bb7afeb70c1e1",,"[{""dtype"":""INT16"",""element_count"":""24"",""generator"":""repeated_sos_section_[1,1,0,1,0,0]"",""input_name"":""sos"",""preview_head4_tail2"":""i=0:1;i=1:1;i=2:0;i=3:1;i=22:0;i=23:0"",""shape"":""[4x6]""},{""dtype"":""INT16"",""element_count"":""10000"",""generator"":""sosfilt_modular(seed=85440003,integral=true)"",""input_name"":""x"",""preview_head4_tail2"":""i=0:2;i=1:-3;i=2:1;i=3:-4;i=9998:-2;i=9999:2"",""shape"":""[100x100]""},{""dtype"":""INT16"",""element_count"":""800"",""generator"":""constant_initial_state(1)"",""input_name"":""zi"",""preview_head4_tail2"":""i=0:1;i=1:1;i=2:1;i=3:1;i=798:1;i=799:1"",""shape"":""[4x2x100]""}]","{""axis"":""0"",""cols"":""100"",""dtype"":""INT16"",""rank"":""2"",""rows"":""100"",""sections"":""4"",""seed"":""85440003"",""zi"":""true""}","ef87ce4b1346e63025e76f20c73b975e76de5f87aac0d6a5d26de8439096ef6a","FP32",,"not_applicable","FP32",,,,,,,,"PASS","OK"
"stage08","stage08_input_preview_b05_sosfilt_652061b694fc","formal","dtype_and_input_contract","runs/stage08_input_preview_b05_sosfilt_652061b694fc/formal/20260810T084658Z_652061b694fc_stage08_b05_formal_8564000c/operator_dtype_evidence_sosfilt_not_applicable_20260810T084658Z_652061b694fc_stage08_b05_formal_8564000c.csv","20260810T084658Z_652061b694fc_stage08_b05_formal_8564000c","sosfilt__sosfilt_int8_10e2__1fe0cc46538ed99f","sosfilt","INT8",,"actual_typed_sos_x_optional_zi_fp32_extension","2","sos:INT8:[6]:bytes=6:sha256=fdaf5010dc7f0804d36879b1a2d11ab106657d50f239bb89bd0872430fe41df8|x:INT8:[100]:bytes=100:sha256=ada9179b417a1f5f9f0b6fa2f36fbe5ff4bb2d08db27550648b4d461c95dd1ae",,"[{""dtype"":""INT8"",""element_count"":""6"",""generator"":""repeated_sos_section_[1,1,0,1,0,0]"",""input_name"":""sos"",""preview_head4_tail2"":""i=0:1;i=1:1;i=2:0;i=3:1;i=4:0;i=5:0"",""shape"":""[1x6]""},{""dtype"":""INT8"",""element_count"":""100"",""generator"":""sosfilt_modular(seed=85450001,integral=true)"",""input_name"":""x"",""preview_head4_tail2"":""i=0:1;i=1:-4;i=2:0;i=3:4;i=98:-3;i=99:1"",""shape"":""[100]""}]","{""axis"":""0"",""cols"":""1"",""dtype"":""INT8"",""rank"":""1"",""rows"":""100"",""sections"":""1"",""seed"":""85450001"",""zi"":""false""}","1fe0cc46538ed99f60f5435407b2b7410e0cf8cabaa8ced06769946958463f98","FP32",,"not_applicable","FP32",,,,,,,,"PASS","OK"
"stage08","stage08_input_preview_b05_sosfilt_652061b694fc","formal","dtype_and_input_contract","runs/stage08_input_preview_b05_sosfilt_652061b694fc/formal/20260810T084658Z_652061b694fc_stage08_b05_formal_8564000d/operator_dtype_evidence_sosfilt_not_applicable_20260810T084658Z_652061b694fc_stage08_b05_formal_8564000d.csv","20260810T084658Z_652061b694fc_stage08_b05_formal_8564000d","sosfilt__sosfilt_int8_10e3__67e7100acfdf7181","sosfilt","INT8",,"actual_typed_sos_x_optional_zi_fp32_extension","3","sos:INT8:[12]:bytes=12:sha256=73ab03f969b081f791245d4439275a64e7389463d7d1d2d68c03c590fc4a1ba7|x:INT8:[1024]:bytes=1024:sha256=f27a7b1d1a452fa93ce2347e01e842a505c67f24d184e5d6392c6a215a958d87|zi:INT8:[128]:bytes=128:sha256=7eb24a18990ee4c958c89773da6cc9fbc5c278357762d02ec6ab947eb28726ff",,"[{""dtype"":""INT8"",""element_count"":""12"",""generator"":""repeated_sos_section_[1,1,0,1,0,0]"",""input_name"":""sos"",""preview_head4_tail2"":""i=0:1;i=1:1;i=2:0;i=3:1;i=10:0;i=11:0"",""shape"":""[2x6]""},{""dtype"":""INT8"",""element_count"":""1024"",""generator"":""sosfilt_modular(seed=85450002,integral=true)"",""input_name"":""x"",""preview_head4_tail2"":""i=0:2;i=1:-3;i=2:1;i=3:-4;i=1022:4;i=1023:-1"",""shape"":""[32x32]""},{""dtype"":""INT8"",""element_count"":""128"",""generator"":""constant_initial_state(1)"",""input_name"":""zi"",""preview_head4_tail2"":""i=0:1;i=1:1;i=2:1;i=3:1;i=126:1;i=127:1"",""shape"":""[2x32x2]""}]","{""axis"":""1"",""cols"":""32"",""dtype"":""INT8"",""rank"":""2"",""rows"":""32"",""sections"":""2"",""seed"":""85450002"",""zi"":""true""}","67e7100acfdf7181ba2b4efe09fd9c06f43792f31c9e09afb9b5b3174944919b","FP32",,"not_applicable","FP32",,,,,,,,"PASS","OK"
"stage08","stage08_input_preview_b05_sosfilt_652061b694fc","formal","dtype_and_input_contract","runs/stage08_input_preview_b05_sosfilt_652061b694fc/formal/20260810T084659Z_652061b694fc_stage08_b05_formal_8564000e/operator_dtype_evidence_sosfilt_not_applicable_20260810T084659Z_652061b694fc_stage08_b05_formal_8564000e.csv","20260810T084659Z_652061b694fc_stage08_b05_formal_8564000e","sosfilt__sosfilt_int8_10e4__eec7914f7081608a","sosfilt","INT8",,"actual_typed_sos_x_optional_zi_fp32_extension","3","sos:INT8:[24]:bytes=24:sha256=5c4055186c04bdfd91ba0fd8d81fd911dee9015e41fa0501aeba212d87f34cce|x:INT8:[10000]:bytes=10000:sha256=347e082582c2662b488c667ca333a2e5d04d2a83269b44115fe2513309a4ee0e|zi:INT8:[800]:bytes=800:sha256=776f41a5335f221d6e406c678069b49c6c603742cadf34f3af78d9dbaa917942",,"[{""dtype"":""INT8"",""element_count"":""24"",""generator"":""repeated_sos_section_[1,1,0,1,0,0]"",""input_name"":""sos"",""preview_head4_tail2"":""i=0:1;i=1:1;i=2:0;i=3:1;i=22:0;i=23:0"",""shape"":""[4x6]""},{""dtype"":""INT8"",""element_count"":""10000"",""generator"":""sosfilt_modular(seed=85450003,integral=true)"",""input_name"":""x"",""preview_head4_tail2"":""i=0:3;i=1:-2;i=2:2;i=3:-3;i=9998:-1;i=9999:3"",""shape"":""[100x100]""},{""dtype"":""INT8"",""element_count"":""800"",""generator"":""constant_initial_state(1)"",""input_name"":""zi"",""preview_head4_tail2"":""i=0:1;i=1:1;i=2:1;i=3:1;i=798:1;i=799:1"",""shape"":""[4x2x100]""}]","{""axis"":""0"",""cols"":""100"",""dtype"":""INT8"",""rank"":""2"",""rows"":""100"",""sections"":""4"",""seed"":""85450003"",""zi"":""true""}","eec7914f7081608aa39607386d78d46ea9139a690d077943fe0b7f9cfc9c1092","FP32",,"not_applicable","FP32",,,,,,,,"PASS","OK"
"stage08","stage08_input_preview_b05_wiener_652061b694fc","formal","dtype_and_input_contract","runs/stage08_input_preview_b05_wiener_652061b694fc/formal/20260810T084743Z_652061b694fc_stage08_b05_formal_85650000/operator_dtype_evidence_wiener_not_applicable_20260810T084743Z_652061b694fc_stage08_b05_formal_85650000.csv","20260810T084743Z_652061b694fc_stage08_b05_formal_85650000","wiener__wiener_fp32_10e2__ecdd20ca1f0ece1f","wiener","FP32",,"actual_typed_x_fp32_nd_stats_host_fp64_extension","1","x:FP32:[100]:bytes=400:sha256=8d7b826b3715bbc86d367997ef25ef1555d5e5aeb8915b5ae7615dcc7de60440",,"[{""dtype"":""FP32"",""element_count"":""100"",""generator"":""wiener_modular_plus_periodic_offset(seed=85510001,integral=false)"",""input_name"":""x"",""preview_head4_tail2"":""i=0:0;i=1:-1.1875;i=2:0.375;i=3:-0.8125;i=98:1.25;i=99:0.0625"",""shape"":""[100]""}]","{""cols"":""1"",""dtype"":""FP32"",""noise"":""0"",""noise-mode"":""automatic"",""rank"":""1"",""rows"":""100"",""scalar-window"":""0"",""seed"":""85510001"",""w0"":""3"",""w1"":""1"",""window-mode"":""default""}","ecdd20ca1f0ece1f802079a01940823b80fcc8696984c099dc6a769d7a89c666","FP32",,"not_applicable","FP64",,,,,,,,"PASS","OK"
"stage08","stage08_input_preview_b05_wiener_652061b694fc","formal","dtype_and_input_contract","runs/stage08_input_preview_b05_wiener_652061b694fc/formal/20260810T084743Z_652061b694fc_stage08_b05_formal_85650001/operator_dtype_evidence_wiener_not_applicable_20260810T084743Z_652061b694fc_stage08_b05_formal_85650001.csv","20260810T084743Z_652061b694fc_stage08_b05_formal_85650001","wiener__wiener_fp32_10e3__7decc8604a724956","wiener","FP32",,"actual_typed_x_fp32_nd_stats_host_fp64_extension","1","x:FP32:[1024]:bytes=4096:sha256=b4256a1a4473bab66339f94d908b52bbdf83a6dc852a770440b3c58b6cdfa818",,"[{""dtype"":""FP32"",""element_count"":""1024"",""generator"":""wiener_modular_plus_periodic_offset(seed=85510002,integral=false)"",""input_name"":""x"",""preview_head4_tail2"":""i=0:0.25;i=1:-0.9375;i=2:0.625;i=3:-0.5625;i=1022:-1.25;i=1023:0.3125"",""shape"":""[32x32]""}]","{""cols"":""32"",""dtype"":""FP32"",""noise"":""0.75"",""noise-mode"":""explicit"",""rank"":""2"",""rows"":""32"",""scalar-window"":""5"",""seed"":""85510002"",""w0"":""5"",""w1"":""5"",""window-mode"":""scalar""}","7decc8604a72495664b71252a7e8678abf07ce1727e65871cd5804154c67cc5e","FP32",,"not_applicable","FP64",,,,,,,,"PASS","OK"
"stage08","stage08_input_preview_b05_wiener_652061b694fc","formal","dtype_and_input_contract","runs/stage08_input_preview_b05_wiener_652061b694fc/formal/20260810T084743Z_652061b694fc_stage08_b05_formal_85650002/operator_dtype_evidence_wiener_not_applicable_20260810T084743Z_652061b694fc_stage08_b05_formal_85650002.csv","20260810T084743Z_652061b694fc_stage08_b05_formal_85650002","wiener__wiener_fp32_10e4__8ef832568ac2a9fa","wiener","FP32",,"actual_typed_x_fp32_nd_stats_host_fp64_extension","1","x:FP32:[10000]:bytes=40000:sha256=83f36cf3f9047caf38354df4faf35fce2ee472c18d6dc63a3161cab7dd73fd44",,"[{""dtype"":""FP32"",""element_count"":""10000"",""generator"":""wiener_modular_plus_periodic_offset(seed=85510003,integral=false)"",""input_name"":""x"",""preview_head4_tail2"":""i=0:0.5;i=1:-0.6875;i=2:0.875;i=3:-0.3125;i=9998:-0.875;i=9999:0.6875"",""shape"":""[100x100]""}]","{""cols"":""100"",""dtype"":""FP32"",""noise"":""0"",""noise-mode"":""automatic"",""rank"":""2"",""rows"":""100"",""scalar-window"":""0"",""seed"":""85510003"",""w0"":""3"",""w1"":""5"",""window-mode"":""per_dimension""}","8ef832568ac2a9fad65c6ccf4bf0a1feafd92ca9be1be845aa308608750e1684","FP32",,"not_applicable","FP64",,,,,,,,"PASS","OK"
"stage08","stage08_input_preview_b05_wiener_652061b694fc","formal","dtype_and_input_contract","runs/stage08_input_preview_b05_wiener_652061b694fc/formal/20260810T084745Z_652061b694fc_stage08_b05_formal_85650003/operator_dtype_evidence_wiener_not_applicable_20260810T084745Z_652061b694fc_stage08_b05_formal_85650003.csv","20260810T084745Z_652061b694fc_stage08_b05_formal_85650003","wiener__wiener_fp16_10e2__20e7fcbcdb2e56df","wiener","FP16",,"actual_typed_x_fp32_nd_stats_host_fp64_extension","1","x:FP16:[100]:bytes=200:sha256=c4008a151a915c52a6bcac444967dd9c0c608d6cd57fc81a3140acf133bd0451",,"[{""dtype"":""FP16"",""element_count"":""100"",""generator"":""wiener_modular_plus_periodic_offset(seed=85520001,integral=false)"",""input_name"":""x"",""preview_head4_tail2"":""i=0:0.25;i=1:-0.9375;i=2:0.625;i=3:-0.5625;i=98:-1.25;i=99:0.3125"",""shape"":""[100]""}]","{""cols"":""1"",""dtype"":""FP16"",""noise"":""0"",""noise-mode"":""automatic"",""rank"":""1"",""rows"":""100"",""scalar-window"":""0"",""seed"":""85520001"",""w0"":""3"",""w1"":""1"",""window-mode"":""default""}","20e7fcbcdb2e56dfef42904368de0f8692a68d7fca06a4b86dc7d65b9c6cae1f","FP32",,"not_applicable","FP64",,,,,,,,"PASS","OK"
"stage08","stage08_input_preview_b05_wiener_652061b694fc","formal","dtype_and_input_contract","runs/stage08_input_preview_b05_wiener_652061b694fc/formal/20260810T084745Z_652061b694fc_stage08_b05_formal_85650004/operator_dtype_evidence_wiener_not_applicable_20260810T084745Z_652061b694fc_stage08_b05_formal_85650004.csv","20260810T084745Z_652061b694fc_stage08_b05_formal_85650004","wiener__wiener_fp16_10e3__a45c4da5c06b491a","wiener","FP16",,"actual_typed_x_fp32_nd_stats_host_fp64_extension","1","x:FP16:[1024]:bytes=2048:sha256=5d80e3a543e6324670e0d4136c216dddc4fffa171d00ef9ebfd373b27d1bba64",,"[{""dtype"":""FP16"",""element_count"":""1024"",""generator"":""wiener_modular_plus_periodic_offset(seed=85520002,integral=false)"",""input_name"":""x"",""preview_head4_tail2"":""i=0:0.5;i=1:-0.6875;i=2:0.875;i=3:-0.3125;i=1022:-1;i=1023:0.5625"",""shape"":""[32x32]""}]","{""cols"":""32"",""dtype"":""FP16"",""noise"":""0.75"",""noise-mode"":""explicit"",""rank"":""2"",""rows"":""32"",""scalar-window"":""5"",""seed"":""85520002"",""w0"":""5"",""w1"":""5"",""window-mode"":""scalar""}","a45c4da5c06b491aa277abd8fc4e182d6c84d7b4d1976bca9206ecbd7f5d4efb","FP32",,"not_applicable","FP64",,,,,,,,"PASS","OK"
"stage08","stage08_input_preview_b05_wiener_652061b694fc","formal","dtype_and_input_contract","runs/stage08_input_preview_b05_wiener_652061b694fc/formal/20260810T084746Z_652061b694fc_stage08_b05_formal_85650005/operator_dtype_evidence_wiener_not_applicable_20260810T084746Z_652061b694fc_stage08_b05_formal_85650005.csv","20260810T084746Z_652061b694fc_stage08_b05_formal_85650005","wiener__wiener_fp16_10e4__1aa6e6c4ed8a7dfc","wiener","FP16",,"actual_typed_x_fp32_nd_stats_host_fp64_extension","1","x:FP16:[10000]:bytes=20000:sha256=3239de5e0340d97b3b144561b987a4ec03fc5d31ad839445ce5dc3defd1cc585",,"[{""dtype"":""FP16"",""element_count"":""10000"",""generator"":""wiener_modular_plus_periodic_offset(seed=85520003,integral=false)"",""input_name"":""x"",""preview_head4_tail2"":""i=0:0.75;i=1:-0.4375;i=2:1.125;i=3:-0.0625;i=9998:-0.625;i=9999:0.9375"",""shape"":""[100x100]""}]","{""cols"":""100"",""dtype"":""FP16"",""noise"":""0"",""noise-mode"":""automatic"",""rank"":""2"",""rows"":""100"",""scalar-window"":""0"",""seed"":""85520003"",""w0"":""3"",""w1"":""5"",""window-mode"":""per_dimension""}","1aa6e6c4ed8a7dfcb41360220d823a8425c0e55a4993345d8bc0ae1dd3a82106","FP32",,"not_applicable","FP64",,,,,,,,"PASS","OK"
"stage08","stage08_input_preview_b05_wiener_652061b694fc","formal","dtype_and_input_contract","runs/stage08_input_preview_b05_wiener_652061b694fc/formal/20260810T084749Z_652061b694fc_stage08_b05_formal_85650006/operator_dtype_evidence_wiener_not_applicable_20260810T084749Z_652061b694fc_stage08_b05_formal_85650006.csv","20260810T084749Z_652061b694fc_stage08_b05_formal_85650006","wiener__wiener_int32_10e2__8c0eebc38fdfa87a","wiener","INT32",,"actual_typed_x_fp32_nd_stats_host_fp64_extension","1","x:INT32:[100]:bytes=400:sha256=929208ab754a8c81c1d083b6a915c96197cd138f0a33c4037f0436066f242716",,"[{""dtype"":""INT32"",""element_count"":""100"",""generator"":""wiener_modular_plus_periodic_offset(seed=85530001,integral=true)"",""input_name"":""x"",""preview_head4_tail2"":""i=0:2;i=1:-3;i=2:3;i=3:-2;i=98:-4;i=99:2"",""shape"":""[100]""}]","{""cols"":""1"",""dtype"":""INT32"",""noise"":""0"",""noise-mode"":""automatic"",""rank"":""1"",""rows"":""100"",""scalar-window"":""0"",""seed"":""85530001"",""w0"":""3"",""w1"":""1"",""window-mode"":""default""}","8c0eebc38fdfa87acfb91be202056674e18a44bfa1880541d0e8910ab1ad7722","FP32",,"not_applicable","FP64",,,,,,,,"PASS","OK"
"stage08","stage08_input_preview_b05_wiener_652061b694fc","formal","dtype_and_input_contract","runs/stage08_input_preview_b05_wiener_652061b694fc/formal/20260810T084749Z_652061b694fc_stage08_b05_formal_85650007/operator_dtype_evidence_wiener_not_applicable_20260810T084749Z_652061b694fc_stage08_b05_formal_85650007.csv","20260810T084749Z_652061b694fc_stage08_b05_formal_85650007","wiener__wiener_int32_10e3__5a0b6a360080101b","wiener","INT32",,"actual_typed_x_fp32_nd_stats_host_fp64_extension","1","x:INT32:[1024]:bytes=4096:sha256=9f678f6e3b0fcc1ec43f7800d4c07fe76b1ec7246b6c8083cc86e006b64bbea9",,"[{""dtype"":""INT32"",""element_count"":""1024"",""generator"":""wiener_modular_plus_periodic_offset(seed=85530002,integral=true)"",""input_name"":""x"",""preview_head4_tail2"":""i=0:3;i=1:-2;i=2:4;i=3:-1;i=1022:-3;i=1023:3"",""shape"":""[32x32]""}]","{""cols"":""32"",""dtype"":""INT32"",""noise"":""0.75"",""noise-mode"":""explicit"",""rank"":""2"",""rows"":""32"",""scalar-window"":""5"",""seed"":""85530002"",""w0"":""5"",""w1"":""5"",""window-mode"":""scalar""}","5a0b6a360080101babee0e4d7b15ac334ec8a07e64f47fc86cc02fdec2f309eb","FP32",,"not_applicable","FP64",,,,,,,,"PASS","OK"
"stage08","stage08_input_preview_b05_wiener_652061b694fc","formal","dtype_and_input_contract","runs/stage08_input_preview_b05_wiener_652061b694fc/formal/20260810T084750Z_652061b694fc_stage08_b05_formal_85650008/operator_dtype_evidence_wiener_not_applicable_20260810T084750Z_652061b694fc_stage08_b05_formal_85650008.csv","20260810T084750Z_652061b694fc_stage08_b05_formal_85650008","wiener__wiener_int32_10e4__29351843fa09576b","wiener","INT32",,"actual_typed_x_fp32_nd_stats_host_fp64_extension","1","x:INT32:[10000]:bytes=40000:sha256=be181ef2d8b7c628a131a93ea6325c2aa396c77e470c6425a8a652b638169297",,"[{""dtype"":""INT32"",""element_count"":""10000"",""generator"":""wiener_modular_plus_periodic_offset(seed=85530003,integral=true)"",""input_name"":""x"",""preview_head4_tail2"":""i=0:4;i=1:-1;i=2:5;i=3:0;i=9998:-2;i=9999:4"",""shape"":""[100x100]""}]","{""cols"":""100"",""dtype"":""INT32"",""noise"":""0"",""noise-mode"":""automatic"",""rank"":""2"",""rows"":""100"",""scalar-window"":""0"",""seed"":""85530003"",""w0"":""3"",""w1"":""5"",""window-mode"":""per_dimension""}","29351843fa09576b795221bf9b1cd787a52ca68b6adc750771c5c67ca5704616","FP32",,"not_applicable","FP64",,,,,,,,"PASS","OK"
"stage08","stage08_input_preview_b05_wiener_652061b694fc","formal","dtype_and_input_contract","runs/stage08_input_preview_b05_wiener_652061b694fc/formal/20260810T084751Z_652061b694fc_stage08_b05_formal_85650009/operator_dtype_evidence_wiener_not_applicable_20260810T084751Z_652061b694fc_stage08_b05_formal_85650009.csv","20260810T084751Z_652061b694fc_stage08_b05_formal_85650009","wiener__wiener_int16_10e2__259232e05c4c8d1b","wiener","INT16",,"actual_typed_x_fp32_nd_stats_host_fp64_extension","1","x:INT16:[100]:bytes=200:sha256=52cb10f471b67af540c51aba1098b23bad2aab9bd363e22b14a441e5fe6cdecc",,"[{""dtype"":""INT16"",""element_count"":""100"",""generator"":""wiener_modular_plus_periodic_offset(seed=85540001,integral=true)"",""input_name"":""x"",""preview_head4_tail2"":""i=0:3;i=1:-2;i=2:4;i=3:-1;i=98:-3;i=99:3"",""shape"":""[100]""}]","{""cols"":""1"",""dtype"":""INT16"",""noise"":""0"",""noise-mode"":""automatic"",""rank"":""1"",""rows"":""100"",""scalar-window"":""0"",""seed"":""85540001"",""w0"":""3"",""w1"":""1"",""window-mode"":""default""}","259232e05c4c8d1b9d3a89de7bc60eaa4698e90e50eed047247a791b98744da3","FP32",,"not_applicable","FP64",,,,,,,,"PASS","OK"
"stage08","stage08_input_preview_b05_wiener_652061b694fc","formal","dtype_and_input_contract","runs/stage08_input_preview_b05_wiener_652061b694fc/formal/20260810T084752Z_652061b694fc_stage08_b05_formal_8565000a/operator_dtype_evidence_wiener_not_applicable_20260810T084752Z_652061b694fc_stage08_b05_formal_8565000a.csv","20260810T084752Z_652061b694fc_stage08_b05_formal_8565000a","wiener__wiener_int16_10e3__5a0f88444d8cba70","wiener","INT16",,"actual_typed_x_fp32_nd_stats_host_fp64_extension","1","x:INT16:[1024]:bytes=2048:sha256=87e6a8b9741a38d9c8945c3916360f3df24687245e1ff794074a226f7c3ab24a",,"[{""dtype"":""INT16"",""element_count"":""1024"",""generator"":""wiener_modular_plus_periodic_offset(seed=85540002,integral=true)"",""input_name"":""x"",""preview_head4_tail2"":""i=0:4;i=1:-1;i=2:5;i=3:0;i=1022:-2;i=1023:4"",""shape"":""[32x32]""}]","{""cols"":""32"",""dtype"":""INT16"",""noise"":""0.75"",""noise-mode"":""explicit"",""rank"":""2"",""rows"":""32"",""scalar-window"":""5"",""seed"":""85540002"",""w0"":""5"",""w1"":""5"",""window-mode"":""scalar""}","5a0f88444d8cba700855ceaa9d6fd07cdeeeb32de0290d0fb8bd5f2c1ed9be08","FP32",,"not_applicable","FP64",,,,,,,,"PASS","OK"
"stage08","stage08_input_preview_b05_wiener_652061b694fc","formal","dtype_and_input_contract","runs/stage08_input_preview_b05_wiener_652061b694fc/formal/20260810T084752Z_652061b694fc_stage08_b05_formal_8565000b/operator_dtype_evidence_wiener_not_applicable_20260810T084752Z_652061b694fc_stage08_b05_formal_8565000b.csv","20260810T084752Z_652061b694fc_stage08_b05_formal_8565000b","wiener__wiener_int16_10e4__b4f37130b0dec3f8","wiener","INT16",,"actual_typed_x_fp32_nd_stats_host_fp64_extension","1","x:INT16:[10000]:bytes=20000:sha256=801d9876c44d031d9608b1578d0031e1e8577a12fd818b412d466a780489acf8",,"[{""dtype"":""INT16"",""element_count"":""10000"",""generator"":""wiener_modular_plus_periodic_offset(seed=85540003,integral=true)"",""input_name"":""x"",""preview_head4_tail2"":""i=0:5;i=1:0;i=2:-5;i=3:1;i=9998:-1;i=9999:5"",""shape"":""[100x100]""}]","{""cols"":""100"",""dtype"":""INT16"",""noise"":""0"",""noise-mode"":""automatic"",""rank"":""2"",""rows"":""100"",""scalar-window"":""0"",""seed"":""85540003"",""w0"":""3"",""w1"":""5"",""window-mode"":""per_dimension""}","b4f37130b0dec3f8630883f9bec422cc00d16629a6cc6c9547d8bd08c0c13f74","FP32",,"not_applicable","FP64",,,,,,,,"PASS","OK"
"stage08","stage08_input_preview_b05_wiener_652061b694fc","formal","dtype_and_input_contract","runs/stage08_input_preview_b05_wiener_652061b694fc/formal/20260810T084754Z_652061b694fc_stage08_b05_formal_8565000c/operator_dtype_evidence_wiener_not_applicable_20260810T084754Z_652061b694fc_stage08_b05_formal_8565000c.csv","20260810T084754Z_652061b694fc_stage08_b05_formal_8565000c","wiener__wiener_int8_10e2__f11b8c4dd6b1c567","wiener","INT8",,"actual_typed_x_fp32_nd_stats_host_fp64_extension","1","x:INT8:[100]:bytes=100:sha256=6c9a30884571d8548a6d3aa0af2b60dc3d209096ffa4db8a351126e67e094ad7",,"[{""dtype"":""INT8"",""element_count"":""100"",""generator"":""wiener_modular_plus_periodic_offset(seed=85550001,integral=true)"",""input_name"":""x"",""preview_head4_tail2"":""i=0:4;i=1:-1;i=2:5;i=3:0;i=98:-2;i=99:4"",""shape"":""[100]""}]","{""cols"":""1"",""dtype"":""INT8"",""noise"":""0"",""noise-mode"":""automatic"",""rank"":""1"",""rows"":""100"",""scalar-window"":""0"",""seed"":""85550001"",""w0"":""3"",""w1"":""1"",""window-mode"":""default""}","f11b8c4dd6b1c567cd1fe61747bd2fa82147797c6c71de39989c153fd6a146d0","FP32",,"not_applicable","FP64",,,,,,,,"PASS","OK"
"stage08","stage08_input_preview_b05_wiener_652061b694fc","formal","dtype_and_input_contract","runs/stage08_input_preview_b05_wiener_652061b694fc/formal/20260810T084754Z_652061b694fc_stage08_b05_formal_8565000d/operator_dtype_evidence_wiener_not_applicable_20260810T084754Z_652061b694fc_stage08_b05_formal_8565000d.csv","20260810T084754Z_652061b694fc_stage08_b05_formal_8565000d","wiener__wiener_int8_10e3__dbfab9bfdf648d15","wiener","INT8",,"actual_typed_x_fp32_nd_stats_host_fp64_extension","1","x:INT8:[1024]:bytes=1024:sha256=62806e26aaaf940cd63037be4bd5fda4a5950cd2d117dc4720d7b6da3ff80ffa",,"[{""dtype"":""INT8"",""element_count"":""1024"",""generator"":""wiener_modular_plus_periodic_offset(seed=85550002,integral=true)"",""input_name"":""x"",""preview_head4_tail2"":""i=0:5;i=1:0;i=2:-5;i=3:1;i=1022:-1;i=1023:5"",""shape"":""[32x32]""}]","{""cols"":""32"",""dtype"":""INT8"",""noise"":""0.75"",""noise-mode"":""explicit"",""rank"":""2"",""rows"":""32"",""scalar-window"":""5"",""seed"":""85550002"",""w0"":""5"",""w1"":""5"",""window-mode"":""scalar""}","dbfab9bfdf648d15532c4197b389b42830a8d553892ce3534a22b9d6c638348b","FP32",,"not_applicable","FP64",,,,,,,,"PASS","OK"
"stage08","stage08_input_preview_b05_wiener_652061b694fc","formal","dtype_and_input_contract","runs/stage08_input_preview_b05_wiener_652061b694fc/formal/20260810T084755Z_652061b694fc_stage08_b05_formal_8565000e/operator_dtype_evidence_wiener_not_applicable_20260810T084755Z_652061b694fc_stage08_b05_formal_8565000e.csv","20260810T084755Z_652061b694fc_stage08_b05_formal_8565000e","wiener__wiener_int8_10e4__6c8afb5b7ed48a35","wiener","INT8",,"actual_typed_x_fp32_nd_stats_host_fp64_extension","1","x:INT8:[10000]:bytes=10000:sha256=95344f4a4206fc4c03fd94d2f7e2245bf558e140f8c6c185af4914fa42b5034a",,"[{""dtype"":""INT8"",""element_count"":""10000"",""generator"":""wiener_modular_plus_periodic_offset(seed=85550003,integral=true)"",""input_name"":""x"",""preview_head4_tail2"":""i=0:-5;i=1:1;i=2:-4;i=3:2;i=9998:0;i=9999:-5"",""shape"":""[100x100]""}]","{""cols"":""100"",""dtype"":""INT8"",""noise"":""0"",""noise-mode"":""automatic"",""rank"":""2"",""rows"":""100"",""scalar-window"":""0"",""seed"":""85550003"",""w0"":""3"",""w1"":""5"",""window-mode"":""per_dimension""}","6c8afb5b7ed48a352fd15704d74345c5b0096d95dfac03bb9b88be62c45c41c4","FP32",,"not_applicable","FP64",,,,,,,,"PASS","OK"
"stage08","stage08_input_preview_b06_csd_9b01dadd36f6","formal","dtype_and_input_contract","runs/stage08_input_preview_b06_csd_9b01dadd36f6/formal/20260810T085504Z_9b01dadd36f6_stage08_b06_formal_86710000/operator_dtype_evidence_csd_fft_thrust_20260810T085504Z_9b01dadd36f6_stage08_b06_formal_86710000.csv","20260810T085504Z_9b01dadd36f6_stage08_b06_formal_86710000","csd__csd_fp32_10e2__8c8047476c5edcef","csd","FP32",,"actual_typed_x_y_complex_fp32_fft_extension","2","x:FP32:[100]:bytes=400:sha256=adbd8c7b65d24918493e266f38f5dbc38cf21986dad56a8ca7fa61c70f8a4a47|y:FP32:[80]:bytes=320:sha256=9853d3e62caf275ca91e1c4e66b9c55c5e247406d1eb5d25963e97bea15f94e9",,"[{""dtype"":""FP32"",""element_count"":""100"",""generator"":""spectral_modular_plus_periodic_offset(seed=86110001,integral=false)"",""input_name"":""x"",""preview_head4_tail2"":""i=0:1.25;i=1:0.03125;i=2:-1.1875;i=3:0.34375;i=98:-0.03125;i=99:1.5"",""shape"":""[100]""},{""dtype"":""FP32"",""element_count"":""80"",""generator"":""spectral_modular_plus_periodic_offset(seed=86110002,integral=false)"",""input_name"":""y"",""preview_head4_tail2"":""i=0:-1.25;i=1:0.28125;i=2:-0.9375;i=3:0.59375;i=78:0.25;i=79:-0.96875"",""shape"":""[80]""}]","{""average"":""mean"",""detrend"":""none"",""dtype"":""FP32"",""fs"":""100"",""nfft"":""32"",""noverlap"":""10"",""nperseg"":""20"",""nx"":""100"",""ny"":""80"",""scaling"":""spectrum"",""seed"":""86110001""}","8c8047476c5edcef6fe9b519a0781d031a81d7f6b739432ddfdfbd845c1c4e81","ComplexFP32",,"ComplexFP32","ComplexFP32",,,,,,,,"PASS","OK"
"stage08","stage08_input_preview_b06_csd_9b01dadd36f6","formal","dtype_and_input_contract","runs/stage08_input_preview_b06_csd_9b01dadd36f6/formal/20260810T085504Z_9b01dadd36f6_stage08_b06_formal_86710001/operator_dtype_evidence_csd_fft_thrust_20260810T085504Z_9b01dadd36f6_stage08_b06_formal_86710001.csv","20260810T085504Z_9b01dadd36f6_stage08_b06_formal_86710001","csd__csd_fp32_10e3__81526be876602b6e","csd","FP32",,"actual_typed_x_y_complex_fp32_fft_extension","2","x:FP32:[1024]:bytes=4096:sha256=18c0f2041dd06df5263368f6830de210f0472222741b3cbe23568279e3be6806|y:FP32:[900]:bytes=3600:sha256=38a324a1c2e14145da067f909efad2a816faeb7ce2985f2834748154c89063a0",,"[{""dtype"":""FP32"",""element_count"":""1024"",""generator"":""spectral_modular_plus_periodic_offset(seed=86110002,integral=false)"",""input_name"":""x"",""preview_head4_tail2"":""i=0:-1.25;i=1:0.28125;i=2:-0.9375;i=3:0.59375;i=1022:0.25;i=1023:-0.96875"",""shape"":""[1024]""},{""dtype"":""FP32"",""element_count"":""900"",""generator"":""spectral_modular_plus_periodic_offset(seed=86110003,integral=false)"",""input_name"":""y"",""preview_head4_tail2"":""i=0:-1;i=1:0.53125;i=2:-0.6875;i=3:0.84375;i=898:1.28125;i=899:0.0625"",""shape"":""[900]""}]","{""average"":""mean"",""detrend"":""constant"",""dtype"":""FP32"",""fs"":""256"",""nfft"":""64"",""noverlap"":""32"",""nperseg"":""64"",""nx"":""1024"",""ny"":""900"",""scaling"":""density"",""seed"":""86110002""}","81526be876602b6ee4e0b8117e3c374cdb824ba6f1aa28127aa51e64c47de97b","ComplexFP32",,"ComplexFP32","ComplexFP32",,,,,,,,"PASS","OK"
"stage08","stage08_input_preview_b06_csd_9b01dadd36f6","formal","dtype_and_input_contract","runs/stage08_input_preview_b06_csd_9b01dadd36f6/formal/20260810T085505Z_9b01dadd36f6_stage08_b06_formal_86710002/operator_dtype_evidence_csd_fft_thrust_20260810T085505Z_9b01dadd36f6_stage08_b06_formal_86710002.csv","20260810T085505Z_9b01dadd36f6_stage08_b06_formal_86710002","csd__csd_fp32_10e4__52eb514824cdaac3","csd","FP32",,"actual_typed_x_y_complex_fp32_fft_extension","2","x:FP32:[10000]:bytes=40000:sha256=4537ff7046aaa9b58da630ef0f9e19bcfa5bc0a9e67c8fb905091b4f631f1f0e|y:FP32:[9000]:bytes=36000:sha256=b26735c1fc585a8795da23771f0456d40043ed6c917f469394301fa78b17d619",,"[{""dtype"":""FP32"",""element_count"":""10000"",""generator"":""spectral_modular_plus_periodic_offset(seed=86110003,integral=false)"",""input_name"":""x"",""preview_head4_tail2"":""i=0:-1;i=1:0.53125;i=2:-0.6875;i=3:0.84375;i=9998:0.28125;i=9999:-0.9375"",""shape"":""[10000]""},{""dtype"":""FP32"",""element_count"":""9000"",""generator"":""spectral_modular_plus_periodic_offset(seed=86110004,integral=false)"",""input_name"":""y"",""preview_head4_tail2"":""i=0:-0.75;i=1:0.78125;i=2:-0.4375;i=3:1.09375;i=8998:-0.6875;i=8999:0.84375"",""shape"":""[9000]""}]","{""average"":""median"",""detrend"":""constant"",""dtype"":""FP32"",""fs"":""1000"",""nfft"":""128"",""noverlap"":""64"",""nperseg"":""128"",""nx"":""10000"",""ny"":""9000"",""scaling"":""density"",""seed"":""86110003""}","52eb514824cdaac33e241a39c9dc8df059e9e58de3e0815bb2575e4cd72d23f9","ComplexFP32",,"ComplexFP32","ComplexFP32",,,,,,,,"PASS","OK"
"stage08","stage08_input_preview_b06_csd_9b01dadd36f6","formal","dtype_and_input_contract","runs/stage08_input_preview_b06_csd_9b01dadd36f6/formal/20260810T085518Z_9b01dadd36f6_stage08_b06_formal_86710003/operator_dtype_evidence_csd_fft_thrust_20260810T085518Z_9b01dadd36f6_stage08_b06_formal_86710003.csv","20260810T085518Z_9b01dadd36f6_stage08_b06_formal_86710003","csd__csd_fp16_10e2__b6c27e040f696c46","csd","FP16",,"actual_typed_x_y_complex_fp32_fft_extension","2","x:FP16:[100]:bytes=200:sha256=7a700fde9eac27a93867f272c05f65a34bca9007834f922b6ffdb49185bcf4ae|y:FP16:[80]:bytes=160:sha256=a431755fc0867171f37738033192a92783708771c7835be39471626fae5825c6",,"[{""dtype"":""FP16"",""element_count"":""100"",""generator"":""spectral_modular_plus_periodic_offset(seed=86120001,integral=false)"",""input_name"":""x"",""preview_head4_tail2"":""i=0:-1.25;i=1:0.28125;i=2:-0.9375;i=3:0.59375;i=98:0.21875;i=99:-1"",""shape"":""[100]""},{""dtype"":""FP16"",""element_count"":""80"",""generator"":""spectral_modular_plus_periodic_offset(seed=86120002,integral=false)"",""input_name"":""y"",""preview_head4_tail2"":""i=0:-1;i=1:0.53125;i=2:-0.6875;i=3:0.84375;i=78:0.5;i=79:-0.71875"",""shape"":""[80]""}]","{""average"":""mean"",""detrend"":""none"",""dtype"":""FP16"",""fs"":""100"",""nfft"":""32"",""noverlap"":""10"",""nperseg"":""20"",""nx"":""100"",""ny"":""80"",""scaling"":""spectrum"",""seed"":""86120001""}","b6c27e040f696c469f9cdb46a5c7bb842110fc9887bddc90119bf731e080cde4","ComplexFP32",,"ComplexFP32","ComplexFP32",,,,,,,,"PASS","OK"
"stage08","stage08_input_preview_b06_csd_9b01dadd36f6","formal","dtype_and_input_contract","runs/stage08_input_preview_b06_csd_9b01dadd36f6/formal/20260810T085518Z_9b01dadd36f6_stage08_b06_formal_86710004/operator_dtype_evidence_csd_fft_thrust_20260810T085518Z_9b01dadd36f6_stage08_b06_formal_86710004.csv","20260810T085518Z_9b01dadd36f6_stage08_b06_formal_86710004","csd__csd_fp16_10e3__83938359ef4b779a","csd","FP16",,"actual_typed_x_y_complex_fp32_fft_extension","2","x:FP16:[1024]:bytes=2048:sha256=a6e2d53748e7d7618a72af5fc1226c986edf2ff9d83e4cf41176ee3a6999fa3e|y:FP16:[900]:bytes=1800:sha256=8fedf15b4aae16270aff2d17ea5f7aa07c079eeeaa1e004d57e52866521da906",,"[{""dtype"":""FP16"",""element_count"":""1024"",""generator"":""spectral_modular_plus_periodic_offset(seed=86120002,integral=false)"",""input_name"":""x"",""preview_head4_tail2"":""i=0:-1;i=1:0.53125;i=2:-0.6875;i=3:0.84375;i=1022:0.5;i=1023:-0.71875"",""shape"":""[1024]""},{""dtype"":""FP16"",""element_count"":""900"",""generator"":""spectral_modular_plus_periodic_offset(seed=86120003,integral=false)"",""input_name"":""y"",""preview_head4_tail2"":""i=0:-0.75;i=1:0.78125;i=2:-0.4375;i=3:1.09375;i=898:-1.21875;i=899:0.3125"",""shape"":""[900]""}]","{""average"":""mean"",""detrend"":""constant"",""dtype"":""FP16"",""fs"":""256"",""nfft"":""64"",""noverlap"":""32"",""nperseg"":""64"",""nx"":""1024"",""ny"":""900"",""scaling"":""density"",""seed"":""86120002""}","83938359ef4b779a7163cc35f10c88ec5d5a256d26976bbb9b6ce9fed25bd4f3","ComplexFP32",,"ComplexFP32","ComplexFP32",,,,,,,,"PASS","OK"
"stage08","stage08_input_preview_b06_csd_9b01dadd36f6","formal","dtype_and_input_contract","runs/stage08_input_preview_b06_csd_9b01dadd36f6/formal/20260810T085520Z_9b01dadd36f6_stage08_b06_formal_86710005/operator_dtype_evidence_csd_fft_thrust_20260810T085520Z_9b01dadd36f6_stage08_b06_formal_86710005.csv","20260810T085520Z_9b01dadd36f6_stage08_b06_formal_86710005","csd__csd_fp16_10e4__57efefbc2eaa3501","csd","FP16",,"actual_typed_x_y_complex_fp32_fft_extension","2","x:FP16:[10000]:bytes=20000:sha256=9caab980e19547252cbe7f3f7c895e48588a36eb48c8d8b419fe7d803b459497|y:FP16:[9000]:bytes=18000:sha256=5ef4655453d91176b5eda93740169c2bd052a3e345431f72acfdc3a25eaf7c49",,"[{""dtype"":""FP16"",""element_count"":""10000"",""generator"":""spectral_modular_plus_periodic_offset(seed=86120003,integral=false)"",""input_name"":""x"",""preview_head4_tail2"":""i=0:-0.75;i=1:0.78125;i=2:-0.4375;i=3:1.09375;i=9998:0.53125;i=9999:-0.6875"",""shape"":""[10000]""},{""dtype"":""FP16"",""element_count"":""9000"",""generator"":""spectral_modular_plus_periodic_offset(seed=86120004,integral=false)"",""input_name"":""y"",""preview_head4_tail2"":""i=0:-0.5;i=1:1.03125;i=2:-0.1875;i=3:1.34375;i=8998:-0.4375;i=8999:1.09375"",""shape"":""[9000]""}]","{""average"":""median"",""detrend"":""constant"",""dtype"":""FP16"",""fs"":""1000"",""nfft"":""128"",""noverlap"":""64"",""nperseg"":""128"",""nx"":""10000"",""ny"":""9000"",""scaling"":""density"",""seed"":""86120003""}","57efefbc2eaa350146575fe9f90d8de9a28d28e6a5892e9e5c44f701c72792e1","ComplexFP32",,"ComplexFP32","ComplexFP32",,,,,,,,"PASS","OK"
"stage08","stage08_input_preview_b06_csd_9b01dadd36f6","formal","dtype_and_input_contract","runs/stage08_input_preview_b06_csd_9b01dadd36f6/formal/20260810T085544Z_9b01dadd36f6_stage08_b06_formal_86710006/operator_dtype_evidence_csd_fft_thrust_20260810T085544Z_9b01dadd36f6_stage08_b06_formal_86710006.csv","20260810T085544Z_9b01dadd36f6_stage08_b06_formal_86710006","csd__csd_int32_10e2__537c6a319e4cec32","csd","INT32",,"actual_typed_x_y_complex_fp32_fft_extension","2","x:INT32:[100]:bytes=400:sha256=b1b73aa3db3b6e0e66782e5ab667cafbaea6f80a11b81949e1ea151df98c2bf4|y:INT32:[80]:bytes=320:sha256=5347b1b3d0f560ca2d5284f03384b785f438870f474640952e991c62d3e6755b",,"[{""dtype"":""INT32"",""element_count"":""100"",""generator"":""spectral_modular_plus_periodic_offset(seed=86130001,integral=true)"",""input_name"":""x"",""preview_head4_tail2"":""i=0:-4;i=1:2;i=2:-3;i=3:3;i=98:1;i=99:-4"",""shape"":""[100]""},{""dtype"":""INT32"",""element_count"":""80"",""generator"":""spectral_modular_plus_periodic_offset(seed=86130002,integral=true)"",""input_name"":""y"",""preview_head4_tail2"":""i=0:-3;i=1:3;i=2:-2;i=3:4;i=78:3;i=79:-2"",""shape"":""[80]""}]","{""average"":""mean"",""detrend"":""none"",""dtype"":""INT32"",""fs"":""100"",""nfft"":""32"",""noverlap"":""10"",""nperseg"":""20"",""nx"":""100"",""ny"":""80"",""scaling"":""spectrum"",""seed"":""86130001""}","537c6a319e4cec3262fa640630867d1c1d1c1acd292da9c1a5fc791590f79185","ComplexFP32",,"ComplexFP32","ComplexFP64",,,,,,,,"PASS","OK"
"stage08","stage08_input_preview_b06_csd_9b01dadd36f6","formal","dtype_and_input_contract","runs/stage08_input_preview_b06_csd_9b01dadd36f6/formal/20260810T085544Z_9b01dadd36f6_stage08_b06_formal_86710007/operator_dtype_evidence_csd_fft_thrust_20260810T085544Z_9b01dadd36f6_stage08_b06_formal_86710007.csv","20260810T085544Z_9b01dadd36f6_stage08_b06_formal_86710007","csd__csd_int32_10e3__949c53a791fcb2b7","csd","INT32",,"actual_typed_x_y_complex_fp32_fft_extension","2","x:INT32:[1024]:bytes=4096:sha256=3d0f08c82f112d7bfc73445cdb7ea823fc173d3c5f2b01aa58467bbbbb976f0c|y:INT32:[900]:bytes=3600:sha256=56729a853479fdb5a61a2610bcae658875b5d1ad30c0acfb5d836d68f118f7fb",,"[{""dtype"":""INT32"",""element_count"":""1024"",""generator"":""spectral_modular_plus_periodic_offset(seed=86130002,integral=true)"",""input_name"":""x"",""preview_head4_tail2"":""i=0:-3;i=1:3;i=2:-2;i=3:4;i=1022:2;i=1023:-3"",""shape"":""[1024]""},{""dtype"":""INT32"",""element_count"":""900"",""generator"":""spectral_modular_plus_periodic_offset(seed=86130003,integral=true)"",""input_name"":""y"",""preview_head4_tail2"":""i=0:-2;i=1:4;i=2:-1;i=3:5;i=898:-4;i=899:2"",""shape"":""[900]""}]","{""average"":""mean"",""detrend"":""constant"",""dtype"":""INT32"",""fs"":""256"",""nfft"":""64"",""noverlap"":""32"",""nperseg"":""64"",""nx"":""1024"",""ny"":""900"",""scaling"":""density"",""seed"":""86130002""}","949c53a791fcb2b7f666bd4e6cfb012497f45be38d95a40af59602e8cb55e1ea","ComplexFP32",,"ComplexFP32","ComplexFP64",,,,,,,,"PASS","OK"
"stage08","stage08_input_preview_b06_csd_9b01dadd36f6","formal","dtype_and_input_contract","runs/stage08_input_preview_b06_csd_9b01dadd36f6/formal/20260810T085545Z_9b01dadd36f6_stage08_b06_formal_86710008/operator_dtype_evidence_csd_fft_thrust_20260810T085545Z_9b01dadd36f6_stage08_b06_formal_86710008.csv","20260810T085545Z_9b01dadd36f6_stage08_b06_formal_86710008","csd__csd_int32_10e4__b4b58089823a159a","csd","INT32",,"actual_typed_x_y_complex_fp32_fft_extension","2","x:INT32:[10000]:bytes=40000:sha256=737227b7116fefc8a31be1788deb70b26af284017e7c4194d0d8ad76088071d4|y:INT32:[9000]:bytes=36000:sha256=e46523c8e2e7d519a1dce541f12e2272a00aff35845a0952835f9e93a126db1f",,"[{""dtype"":""INT32"",""element_count"":""10000"",""generator"":""spectral_modular_plus_periodic_offset(seed=86130003,integral=true)"",""input_name"":""x"",""preview_head4_tail2"":""i=0:-2;i=1:4;i=2:-1;i=3:5;i=9998:3;i=9999:-2"",""shape"":""[10000]""},{""dtype"":""INT32"",""element_count"":""9000"",""generator"":""spectral_modular_plus_periodic_offset(seed=86130004,integral=true)"",""input_name"":""y"",""preview_head4_tail2"":""i=0:-1;i=1:5;i=2:0;i=3:-5;i=8998:-1;i=8999:5"",""shape"":""[9000]""}]","{""average"":""median"",""detrend"":""constant"",""dtype"":""INT32"",""fs"":""1000"",""nfft"":""128"",""noverlap"":""64"",""nperseg"":""128"",""nx"":""10000"",""ny"":""9000"",""scaling"":""density"",""seed"":""86130003""}","b4b58089823a159a3f836e3dcfc11689d0ade710cd44a0546f9fa8173463f4ff","ComplexFP32",,"ComplexFP32","ComplexFP64",,,,,,,,"PASS","OK"
"stage08","stage08_input_preview_b06_csd_9b01dadd36f6","formal","dtype_and_input_contract","runs/stage08_input_preview_b06_csd_9b01dadd36f6/formal/20260810T085558Z_9b01dadd36f6_stage08_b06_formal_86710009/operator_dtype_evidence_csd_fft_thrust_20260810T085558Z_9b01dadd36f6_stage08_b06_formal_86710009.csv","20260810T085558Z_9b01dadd36f6_stage08_b06_formal_86710009","csd__csd_int16_10e2__0fa03d440992390f","csd","INT16",,"actual_typed_x_y_complex_fp32_fft_extension","2","x:INT16:[100]:bytes=200:sha256=37deb868f91fc9344131464b9a22bc6985b0c89ade5cbdf41e99784628da587e|y:INT16:[80]:bytes=160:sha256=b606a97c9161a47997f9bd60c1d968bd97b88a79ce0964dcbd5f2790b5ca528b",,"[{""dtype"":""INT16"",""element_count"":""100"",""generator"":""spectral_modular_plus_periodic_offset(seed=86140001,integral=true)"",""input_name"":""x"",""preview_head4_tail2"":""i=0:-3;i=1:3;i=2:-2;i=3:4;i=98:2;i=99:-3"",""shape"":""[100]""},{""dtype"":""INT16"",""element_count"":""80"",""generator"":""spectral_modular_plus_periodic_offset(seed=86140002,integral=true)"",""input_name"":""y"",""preview_head4_tail2"":""i=0:-2;i=1:4;i=2:-1;i=3:5;i=78:4;i=79:-1"",""shape"":""[80]""}]","{""average"":""mean"",""detrend"":""none"",""dtype"":""INT16"",""fs"":""100"",""nfft"":""32"",""noverlap"":""10"",""nperseg"":""20"",""nx"":""100"",""ny"":""80"",""scaling"":""spectrum"",""seed"":""86140001""}","0fa03d440992390f8002c07d0ca021d6fba9521758f032af47fb1f5928c3d7aa","ComplexFP32",,"ComplexFP32","ComplexFP32",,,,,,,,"PASS","OK"
"stage08","stage08_input_preview_b06_csd_9b01dadd36f6","formal","dtype_and_input_contract","runs/stage08_input_preview_b06_csd_9b01dadd36f6/formal/20260810T085558Z_9b01dadd36f6_stage08_b06_formal_8671000a/operator_dtype_evidence_csd_fft_thrust_20260810T085558Z_9b01dadd36f6_stage08_b06_formal_8671000a.csv","20260810T085558Z_9b01dadd36f6_stage08_b06_formal_8671000a","csd__csd_int16_10e3__9f465f616190af66","csd","INT16",,"actual_typed_x_y_complex_fp32_fft_extension","2","x:INT16:[1024]:bytes=2048:sha256=3633839bc7ca1fca11e7991a33fb480c7a187761b58ef49f0596401f85e2c34a|y:INT16:[900]:bytes=1800:sha256=d413cb95860d087c41fd9f873770d7296f49c3e6a38f29419037cbcb1dc93c02",,"[{""dtype"":""INT16"",""element_count"":""1024"",""generator"":""spectral_modular_plus_periodic_offset(seed=86140002,integral=true)"",""input_name"":""x"",""preview_head4_tail2"":""i=0:-2;i=1:4;i=2:-1;i=3:5;i=1022:3;i=1023:-2"",""shape"":""[1024]""},{""dtype"":""INT16"",""element_count"":""900"",""generator"":""spectral_modular_plus_periodic_offset(seed=86140003,integral=true)"",""input_name"":""y"",""preview_head4_tail2"":""i=0:-1;i=1:5;i=2:0;i=3:-5;i=898:-3;i=899:3"",""shape"":""[900]""}]","{""average"":""mean"",""detrend"":""constant"",""dtype"":""INT16"",""fs"":""256"",""nfft"":""64"",""noverlap"":""32"",""nperseg"":""64"",""nx"":""1024"",""ny"":""900"",""scaling"":""density"",""seed"":""86140002""}","9f465f616190af66ae87ee0a734c3f87a9e1977df33d08bdc08215550cb85030","ComplexFP32",,"ComplexFP32","ComplexFP32",,,,,,,,"PASS","OK"
"stage08","stage08_input_preview_b06_csd_9b01dadd36f6","formal","dtype_and_input_contract","runs/stage08_input_preview_b06_csd_9b01dadd36f6/formal/20260810T085559Z_9b01dadd36f6_stage08_b06_formal_8671000b/operator_dtype_evidence_csd_fft_thrust_20260810T085559Z_9b01dadd36f6_stage08_b06_formal_8671000b.csv","20260810T085559Z_9b01dadd36f6_stage08_b06_formal_8671000b","csd__csd_int16_10e4__cea84ec1e33c8b31","csd","INT16",,"actual_typed_x_y_complex_fp32_fft_extension","2","x:INT16:[10000]:bytes=20000:sha256=8921bfc1c78af1fa79d9ae117adabfd00a28497aebecd0ea5d486245b7ebd5b0|y:INT16:[9000]:bytes=18000:sha256=ac20ed33c94b5c4b974b8b3e2f039f1d77b7cded738a4d1140896f985ecf2718",,"[{""dtype"":""INT16"",""element_count"":""10000"",""generator"":""spectral_modular_plus_periodic_offset(seed=86140003,integral=true)"",""input_name"":""x"",""preview_head4_tail2"":""i=0:-1;i=1:5;i=2:0;i=3:-5;i=9998:4;i=9999:-1"",""shape"":""[10000]""},{""dtype"":""INT16"",""element_count"":""9000"",""generator"":""spectral_modular_plus_periodic_offset(seed=86140004,integral=true)"",""input_name"":""y"",""preview_head4_tail2"":""i=0:0;i=1:-5;i=2:1;i=3:-4;i=8998:0;i=8999:-5"",""shape"":""[9000]""}]","{""average"":""median"",""detrend"":""constant"",""dtype"":""INT16"",""fs"":""1000"",""nfft"":""128"",""noverlap"":""64"",""nperseg"":""128"",""nx"":""10000"",""ny"":""9000"",""scaling"":""density"",""seed"":""86140003""}","cea84ec1e33c8b312c55212150a9e5ffd6e6810fd34e0d03605d541ce0ad96fc","ComplexFP32",,"ComplexFP32","ComplexFP32",,,,,,,,"PASS","OK"
"stage08","stage08_input_preview_b06_csd_9b01dadd36f6","formal","dtype_and_input_contract","runs/stage08_input_preview_b06_csd_9b01dadd36f6/formal/20260810T085612Z_9b01dadd36f6_stage08_b06_formal_8671000c/operator_dtype_evidence_csd_fft_thrust_20260810T085612Z_9b01dadd36f6_stage08_b06_formal_8671000c.csv","20260810T085612Z_9b01dadd36f6_stage08_b06_formal_8671000c","csd__csd_int8_10e2__af1a049b8f66cb44","csd","INT8",,"actual_typed_x_y_complex_fp32_fft_extension","2","x:INT8:[100]:bytes=100:sha256=d41ad549571e161e84020878ddd945cbccf38ac475f973b6527f9e2dfa689023|y:INT8:[80]:bytes=80:sha256=e195a193d87ef25c3c4565426dcf92df375bdbe34edbfd20b6515fbb70830554",,"[{""dtype"":""INT8"",""element_count"":""100"",""generator"":""spectral_modular_plus_periodic_offset(seed=86150001,integral=true)"",""input_name"":""x"",""preview_head4_tail2"":""i=0:-2;i=1:4;i=2:-1;i=3:5;i=98:3;i=99:-2"",""shape"":""[100]""},{""dtype"":""INT8"",""element_count"":""80"",""generator"":""spectral_modular_plus_periodic_offset(seed=86150002,integral=true)"",""input_name"":""y"",""preview_head4_tail2"":""i=0:-1;i=1:5;i=2:0;i=3:-5;i=78:5;i=79:0"",""shape"":""[80]""}]","{""average"":""mean"",""detrend"":""none"",""dtype"":""INT8"",""fs"":""100"",""nfft"":""32"",""noverlap"":""10"",""nperseg"":""20"",""nx"":""100"",""ny"":""80"",""scaling"":""spectrum"",""seed"":""86150001""}","af1a049b8f66cb4472e0842703c3a763d869ce8661d79d3140931dbf8c49a862","ComplexFP32",,"ComplexFP32","ComplexFP32",,,,,,,,"PASS","OK"
"stage08","stage08_input_preview_b06_csd_9b01dadd36f6","formal","dtype_and_input_contract","runs/stage08_input_preview_b06_csd_9b01dadd36f6/formal/20260810T085612Z_9b01dadd36f6_stage08_b06_formal_8671000d/operator_dtype_evidence_csd_fft_thrust_20260810T085612Z_9b01dadd36f6_stage08_b06_formal_8671000d.csv","20260810T085612Z_9b01dadd36f6_stage08_b06_formal_8671000d","csd__csd_int8_10e3__810d0f19e5c0a917","csd","INT8",,"actual_typed_x_y_complex_fp32_fft_extension","2","x:INT8:[1024]:bytes=1024:sha256=09b2d53895a8885b78b8f5b5eaecdbe9f4613e439408c93d3e98047bcc7d48d0|y:INT8:[900]:bytes=900:sha256=36a85d85c3f9c052a53ac78680eed549e7ac53b7ec651d85f3f7e2e2ce920266",,"[{""dtype"":""INT8"",""element_count"":""1024"",""generator"":""spectral_modular_plus_periodic_offset(seed=86150002,integral=true)"",""input_name"":""x"",""preview_head4_tail2"":""i=0:-1;i=1:5;i=2:0;i=3:-5;i=1022:4;i=1023:-1"",""shape"":""[1024]""},{""dtype"":""INT8"",""element_count"":""900"",""generator"":""spectral_modular_plus_periodic_offset(seed=86150003,integral=true)"",""input_name"":""y"",""preview_head4_tail2"":""i=0:0;i=1:-5;i=2:1;i=3:-4;i=898:-2;i=899:4"",""shape"":""[900]""}]","{""average"":""mean"",""detrend"":""constant"",""dtype"":""INT8"",""fs"":""256"",""nfft"":""64"",""noverlap"":""32"",""nperseg"":""64"",""nx"":""1024"",""ny"":""900"",""scaling"":""density"",""seed"":""86150002""}","810d0f19e5c0a91777f8763f3a857adf642a712d362b5b48a925231b67764b97","ComplexFP32",,"ComplexFP32","ComplexFP32",,,,,,,,"PASS","OK"
"stage08","stage08_input_preview_b06_csd_9b01dadd36f6","formal","dtype_and_input_contract","runs/stage08_input_preview_b06_csd_9b01dadd36f6/formal/20260810T085613Z_9b01dadd36f6_stage08_b06_formal_8671000e/operator_dtype_evidence_csd_fft_thrust_20260810T085613Z_9b01dadd36f6_stage08_b06_formal_8671000e.csv","20260810T085613Z_9b01dadd36f6_stage08_b06_formal_8671000e","csd__csd_int8_10e4__840d64cc6bb13dc5","csd","INT8",,"actual_typed_x_y_complex_fp32_fft_extension","2","x:INT8:[10000]:bytes=10000:sha256=1f4f047ee94ad06dbdb55a9c18356785031f8a8e5c89044dfa8a41119229c8ca|y:INT8:[9000]:bytes=9000:sha256=51fe7cdd260b24773052f2fd01eb182403a0e9182fd017a9725f137115da124d",,"[{""dtype"":""INT8"",""element_count"":""10000"",""generator"":""spectral_modular_plus_periodic_offset(seed=86150003,integral=true)"",""input_name"":""x"",""preview_head4_tail2"":""i=0:0;i=1:-5;i=2:1;i=3:-4;i=9998:5;i=9999:0"",""shape"":""[10000]""},{""dtype"":""INT8"",""element_count"":""9000"",""generator"":""spectral_modular_plus_periodic_offset(seed=86150004,integral=true)"",""input_name"":""y"",""preview_head4_tail2"":""i=0:1;i=1:-4;i=2:2;i=3:-3;i=8998:1;i=8999:-4"",""shape"":""[9000]""}]","{""average"":""median"",""detrend"":""constant"",""dtype"":""INT8"",""fs"":""1000"",""nfft"":""128"",""noverlap"":""64"",""nperseg"":""128"",""nx"":""10000"",""ny"":""9000"",""scaling"":""density"",""seed"":""86150003""}","840d64cc6bb13dc5b6e8722730431e9edf352a91102c36a2ed3b979157f57e45","ComplexFP32",,"ComplexFP32","ComplexFP32",,,,,,,,"PASS","OK"
"stage08","stage08_input_preview_b06_istft_9b01dadd36f6","formal","dtype_and_input_contract","runs/stage08_input_preview_b06_istft_9b01dadd36f6/formal/20260810T085647Z_9b01dadd36f6_stage08_b06_formal_86720000/operator_dtype_evidence_istft_fft_thrust_20260810T085647Z_9b01dadd36f6_stage08_b06_formal_86720000.csv","20260810T085647Z_9b01dadd36f6_stage08_b06_formal_86720000","istft__istft_fp32_10e2__0e96def854e68ce9","istft","FP32",,"actual_typed_complex_frequency_major_input_fp32_ifft_extension","1","z:ComplexFP32:frequency_major:[9,12]:components=FP32:bytes=864:sha256=a4104390a406563df09ed956630c6362ab1fb9a09ff1755fa348c84fcf788462",,"[{""dtype"":""ComplexFP32"",""element_count"":""108"",""generator"":""frequency_major_complex_modular(seed=86210001,component_dtype=FP32,integral=false)"",""input_name"":""z"",""preview_head4_tail2"":""i=0:(1,-0.5);i=1:(-0.21875,0.359375);i=2:(1.3125,0.09375);i=3:(0.09375,-0.171875);i=106:(0.5625,-0.015625);i=107:(-0.65625,-0.28125)"",""shape"":""[9x12]""}]","{""bins"":""9"",""boundary"":""true"",""dtype"":""FP32"",""frames"":""12"",""fs"":""100"",""nfft"":""16"",""noverlap"":""8"",""nperseg"":""16"",""onesided"":""true"",""seed"":""86210001""}","0e96def854e68ce97ef79f7f5bc9b904e29acdd38c3f3bde595a31f1f0533001","ComplexFP32",,"ComplexFP32","FP32",,,,,,,,"PASS","OK"
"stage08","stage08_input_preview_b06_istft_9b01dadd36f6","formal","dtype_and_input_contract","runs/stage08_input_preview_b06_istft_9b01dadd36f6/formal/20260810T085648Z_9b01dadd36f6_stage08_b06_formal_86720001/operator_dtype_evidence_istft_fft_thrust_20260810T085648Z_9b01dadd36f6_stage08_b06_formal_86720001.csv","20260810T085648Z_9b01dadd36f6_stage08_b06_formal_86720001","istft__istft_fp32_10e3__a2cc8ab2ad967f2c","istft","FP32",,"actual_typed_complex_frequency_major_input_fp32_ifft_extension","1","z:ComplexFP32:frequency_major:[32,32]:components=FP32:bytes=8192:sha256=5c36613e8eb19a4cd0b29ec1b7f9ec602e4c4e902d2144c1f19dbf57ed3fde40",,"[{""dtype"":""ComplexFP32"",""element_count"":""1024"",""generator"":""frequency_major_complex_modular(seed=86210002,component_dtype=FP32,integral=false)"",""input_name"":""z"",""preview_head4_tail2"":""i=0:(1.25,-0.5);i=1:(0.03125,0.359375);i=2:(-1.1875,0.09375);i=3:(0.34375,-0.171875);i=1022:(0,0.5);i=1023:(1.53125,0.234375)"",""shape"":""[32x32]""}]","{""bins"":""32"",""boundary"":""false"",""dtype"":""FP32"",""frames"":""32"",""fs"":""256"",""nfft"":""32"",""noverlap"":""16"",""nperseg"":""32"",""onesided"":""false"",""seed"":""86210002""}","a2cc8ab2ad967f2c560fb400499ec5aedd223c8c953e79b57730271be6ba8333","ComplexFP32",,"ComplexFP32","FP32",,,,,,,,"PASS","OK"
"stage08","stage08_input_preview_b06_istft_9b01dadd36f6","formal","dtype_and_input_contract","runs/stage08_input_preview_b06_istft_9b01dadd36f6/formal/20260810T085648Z_9b01dadd36f6_stage08_b06_formal_86720002/operator_dtype_evidence_istft_fft_thrust_20260810T085648Z_9b01dadd36f6_stage08_b06_formal_86720002.csv","20260810T085648Z_9b01dadd36f6_stage08_b06_formal_86720002","istft__istft_fp32_10e4__010232e9f29fd021","istft","FP32",,"actual_typed_complex_frequency_major_input_fp32_ifft_extension","1","z:ComplexFP32:frequency_major:[33,304]:components=FP32:bytes=80256:sha256=ef78256346fdd56ddffa290c59eba9e6436693cdc6195f9de495caa359489c79",,"[{""dtype"":""ComplexFP32"",""element_count"":""10032"",""generator"":""frequency_major_complex_modular(seed=86210003,component_dtype=FP32,integral=false)"",""input_name"":""z"",""preview_head4_tail2"":""i=0:(-1.25,-0.5);i=1:(0.28125,0.359375);i=2:(-0.9375,0.09375);i=3:(0.59375,-0.171875);i=10030:(1.46875,-0.46875);i=10031:(0.25,0.5)"",""shape"":""[33x304]""}]","{""bins"":""33"",""boundary"":""true"",""dtype"":""FP32"",""frames"":""304"",""fs"":""1000"",""nfft"":""64"",""noverlap"":""48"",""nperseg"":""64"",""onesided"":""true"",""seed"":""86210003""}","010232e9f29fd021f9567004a45cfda37e4b149a1195c94c5ca44feed0d97978","ComplexFP32",,"ComplexFP32","FP32",,,,,,,,"PASS","OK"
"stage08","stage08_input_preview_b06_istft_9b01dadd36f6","formal","dtype_and_input_contract","runs/stage08_input_preview_b06_istft_9b01dadd36f6/formal/20260810T085655Z_9b01dadd36f6_stage08_b06_formal_86720003/operator_dtype_evidence_istft_fft_thrust_20260810T085655Z_9b01dadd36f6_stage08_b06_formal_86720003.csv","20260810T085655Z_9b01dadd36f6_stage08_b06_formal_86720003","istft__istft_fp16_10e2__03796151636877f7","istft","FP16",,"actual_typed_complex_frequency_major_input_fp32_ifft_extension","1","z:ComplexFP16:frequency_major:[9,12]:components=FP16:bytes=432:sha256=274c758a5e217a214efbf8c84229198593d18f58a18fb47722d8d4755918cc9c",,"[{""dtype"":""ComplexFP16"",""element_count"":""108"",""generator"":""frequency_major_complex_modular(seed=86220001,component_dtype=FP16,integral=false)"",""input_name"":""z"",""preview_head4_tail2"":""i=0:(1.25,-0.125);i=1:(0.03125,-0.390625);i=2:(-1.1875,0.46875);i=3:(0.34375,0.203125);i=106:(0.8125,0.359375);i=107:(-0.40625,0.09375)"",""shape"":""[9x12]""}]","{""bins"":""9"",""boundary"":""true"",""dtype"":""FP16"",""frames"":""12"",""fs"":""100"",""nfft"":""16"",""noverlap"":""8"",""nperseg"":""16"",""onesided"":""true"",""seed"":""86220001""}","03796151636877f718f1c007063e59f02515cee4a7ecc3f08fe95667701cd45b","ComplexFP32",,"ComplexFP32","FP32",,,,,,,,"PASS","OK"
"stage08","stage08_input_preview_b06_istft_9b01dadd36f6","formal","dtype_and_input_contract","runs/stage08_input_preview_b06_istft_9b01dadd36f6/formal/20260810T085655Z_9b01dadd36f6_stage08_b06_formal_86720004/operator_dtype_evidence_istft_fft_thrust_20260810T085655Z_9b01dadd36f6_stage08_b06_formal_86720004.csv","20260810T085655Z_9b01dadd36f6_stage08_b06_formal_86720004","istft__istft_fp16_10e3__a37ba87323455154","istft","FP16",,"actual_typed_complex_frequency_major_input_fp32_ifft_extension","1","z:ComplexFP16:frequency_major:[32,32]:components=FP16:bytes=4096:sha256=cdeedafeec8dac3b6bb5b1fdb678ae2808bc95ade47c9c34d8e63f63c774ca50",,"[{""dtype"":""ComplexFP16"",""element_count"":""1024"",""generator"":""frequency_major_complex_modular(seed=86220002,component_dtype=FP16,integral=false)"",""input_name"":""z"",""preview_head4_tail2"":""i=0:(-1.25,-0.125);i=1:(0.28125,-0.390625);i=2:(-0.9375,0.46875);i=3:(0.59375,0.203125);i=1022:(0.25,-0.25);i=1023:(-0.96875,-0.515625)"",""shape"":""[32x32]""}]","{""bins"":""32"",""boundary"":""false"",""dtype"":""FP16"",""frames"":""32"",""fs"":""256"",""nfft"":""32"",""noverlap"":""16"",""nperseg"":""32"",""onesided"":""false"",""seed"":""86220002""}","a37ba8732345515463b66387249f5560219ce767498635e10436056c762292c6","ComplexFP32",,"ComplexFP32","FP32",,,,,,,,"PASS","OK"
"stage08","stage08_input_preview_b06_istft_9b01dadd36f6","formal","dtype_and_input_contract","runs/stage08_input_preview_b06_istft_9b01dadd36f6/formal/20260810T085656Z_9b01dadd36f6_stage08_b06_formal_86720005/operator_dtype_evidence_istft_fft_thrust_20260810T085656Z_9b01dadd36f6_stage08_b06_formal_86720005.csv","20260810T085656Z_9b01dadd36f6_stage08_b06_formal_86720005","istft__istft_fp16_10e4__a482c69e4694cd9a","istft","FP16",,"actual_typed_complex_frequency_major_input_fp32_ifft_extension","1","z:ComplexFP16:frequency_major:[33,304]:components=FP16:bytes=40128:sha256=64fae1d514145c10448c5092496b0a8ec2c8c38a314373f5306ca785e606351d",,"[{""dtype"":""ComplexFP16"",""element_count"":""10032"",""generator"":""frequency_major_complex_modular(seed=86220003,component_dtype=FP16,integral=false)"",""input_name"":""z"",""preview_head4_tail2"":""i=0:(-1,0);i=1:(0.53125,-0.265625);i=2:(-0.6875,-0.53125);i=3:(0.84375,0.328125);i=10030:(-1.03125,0.03125);i=10031:(0.5,-0.125)"",""shape"":""[33x304]""}]","{""bins"":""33"",""boundary"":""true"",""dtype"":""FP16"",""frames"":""304"",""fs"":""1000"",""nfft"":""64"",""noverlap"":""48"",""nperseg"":""64"",""onesided"":""true"",""seed"":""86220003""}","a482c69e4694cd9a2bf6bbd1a723711ca62733f280a6b047ab6eb9f49d6115c8","ComplexFP32",,"ComplexFP32","FP32",,,,,,,,"PASS","OK"
"stage08","stage08_input_preview_b06_istft_9b01dadd36f6","formal","dtype_and_input_contract","runs/stage08_input_preview_b06_istft_9b01dadd36f6/formal/20260810T085708Z_9b01dadd36f6_stage08_b06_formal_86720006/operator_dtype_evidence_istft_fft_thrust_20260810T085708Z_9b01dadd36f6_stage08_b06_formal_86720006.csv","20260810T085708Z_9b01dadd36f6_stage08_b06_formal_86720006","istft__istft_int32_10e2__7f27c0de7624d5fc","istft","INT32",,"actual_typed_complex_frequency_major_input_fp32_ifft_extension","1","z:ComplexINT32:frequency_major:[9,12]:components=INT32:bytes=864:sha256=4e58d81968b1b0e96e23edfbbd9ac27affa553d2f659ea9b5d64c0dfbb424f67",,"[{""dtype"":""ComplexINT32"",""element_count"":""108"",""generator"":""frequency_major_complex_modular(seed=86230001,component_dtype=INT32,integral=true)"",""input_name"":""z"",""preview_head4_tail2"":""i=0:(-5,2);i=1:(1,0);i=2:(-4,-2);i=3:(2,-4);i=106:(4,-3);i=107:(-1,4)"",""shape"":""[9x12]""}]","{""bins"":""9"",""boundary"":""true"",""dtype"":""INT32"",""frames"":""12"",""fs"":""100"",""nfft"":""16"",""noverlap"":""8"",""nperseg"":""16"",""onesided"":""true"",""seed"":""86230001""}","7f27c0de7624d5fc01efed5ad73fcc74338e15cca1925c826239a6c2fa9cf762","ComplexFP32",,"ComplexFP32","FP64",,,,,,,,"PASS","OK"
"stage08","stage08_input_preview_b06_istft_9b01dadd36f6","formal","dtype_and_input_contract","runs/stage08_input_preview_b06_istft_9b01dadd36f6/formal/20260810T085708Z_9b01dadd36f6_stage08_b06_formal_86720007/operator_dtype_evidence_istft_fft_thrust_20260810T085708Z_9b01dadd36f6_stage08_b06_formal_86720007.csv","20260810T085708Z_9b01dadd36f6_stage08_b06_formal_86720007","istft__istft_int32_10e3__72a977fa807abdcb","istft","INT32",,"actual_typed_complex_frequency_major_input_fp32_ifft_extension","1","z:ComplexINT32:frequency_major:[32,32]:components=INT32:bytes=8192:sha256=878c3e849a3a533e765a15fe4a12263e276ccc44ae8eaf3bdd660bf50a3a2f8d",,"[{""dtype"":""ComplexINT32"",""element_count"":""1024"",""generator"":""frequency_major_complex_modular(seed=86230002,component_dtype=INT32,integral=true)"",""input_name"":""z"",""preview_head4_tail2"":""i=0:(-4,3);i=1:(2,1);i=2:(-3,-1);i=3:(3,-3);i=1022:(1,2);i=1023:(-4,0)"",""shape"":""[32x32]""}]","{""bins"":""32"",""boundary"":""false"",""dtype"":""INT32"",""frames"":""32"",""fs"":""256"",""nfft"":""32"",""noverlap"":""16"",""nperseg"":""32"",""onesided"":""false"",""seed"":""86230002""}","72a977fa807abdcb53ffc68f212adb7ed791a79de0dad1a90e99edc1f64a0d4c","ComplexFP32",,"ComplexFP32","FP64",,,,,,,,"PASS","OK"
"stage08","stage08_input_preview_b06_istft_9b01dadd36f6","formal","dtype_and_input_contract","runs/stage08_input_preview_b06_istft_9b01dadd36f6/formal/20260810T085709Z_9b01dadd36f6_stage08_b06_formal_86720008/operator_dtype_evidence_istft_fft_thrust_20260810T085709Z_9b01dadd36f6_stage08_b06_formal_86720008.csv","20260810T085709Z_9b01dadd36f6_stage08_b06_formal_86720008","istft__istft_int32_10e4__f5a47a13212c4ecb","istft","INT32",,"actual_typed_complex_frequency_major_input_fp32_ifft_extension","1","z:ComplexINT32:frequency_major:[33,304]:components=INT32:bytes=80256:sha256=5dfff17422c4411b665b918323e1fda8bd15144bebcd11e553000486a0da2026",,"[{""dtype"":""ComplexINT32"",""element_count"":""10032"",""generator"":""frequency_major_complex_modular(seed=86230003,component_dtype=INT32,integral=true)"",""input_name"":""z"",""preview_head4_tail2"":""i=0:(-3,3);i=1:(3,1);i=2:(-2,-1);i=3:(4,-3);i=10030:(-4,4);i=10031:(2,2)"",""shape"":""[33x304]""}]","{""bins"":""33"",""boundary"":""true"",""dtype"":""INT32"",""frames"":""304"",""fs"":""1000"",""nfft"":""64"",""noverlap"":""48"",""nperseg"":""64"",""onesided"":""true"",""seed"":""86230003""}","f5a47a13212c4ecb1079af79ca0fb3b9b273f162b5f022f320846c8ec8f532d1","ComplexFP32",,"ComplexFP32","FP64",,,,,,,,"PASS","OK"
"stage08","stage08_input_preview_b06_istft_9b01dadd36f6","formal","dtype_and_input_contract","runs/stage08_input_preview_b06_istft_9b01dadd36f6/formal/20260810T085716Z_9b01dadd36f6_stage08_b06_formal_86720009/operator_dtype_evidence_istft_fft_thrust_20260810T085716Z_9b01dadd36f6_stage08_b06_formal_86720009.csv","20260810T085716Z_9b01dadd36f6_stage08_b06_formal_86720009","istft__istft_int16_10e2__92c9591b29e6c2e1","istft","INT16",,"actual_typed_complex_frequency_major_input_fp32_ifft_extension","1","z:ComplexINT16:frequency_major:[9,12]:components=INT16:bytes=432:sha256=b4e1827403aeb099915b6dd19747da773df30c75f5ec4fdfa495125cab7ee923",,"[{""dtype"":""ComplexINT16"",""element_count"":""108"",""generator"":""frequency_major_complex_modular(seed=86240001,component_dtype=INT16,integral=true)"",""input_name"":""z"",""preview_head4_tail2"":""i=0:(-4,-3);i=1:(2,4);i=2:(-3,2);i=3:(3,0);i=106:(5,1);i=107:(0,-1)"",""shape"":""[9x12]""}]","{""bins"":""9"",""boundary"":""true"",""dtype"":""INT16"",""frames"":""12"",""fs"":""100"",""nfft"":""16"",""noverlap"":""8"",""nperseg"":""16"",""onesided"":""true"",""seed"":""86240001""}","92c9591b29e6c2e1fc7b72615419c79fae7e1a96dbc02d71fc6d3fee9071a045","ComplexFP32",,"ComplexFP32","FP32",,,,,,,,"PASS","OK"
"stage08","stage08_input_preview_b06_istft_9b01dadd36f6","formal","dtype_and_input_contract","runs/stage08_input_preview_b06_istft_9b01dadd36f6/formal/20260810T085716Z_9b01dadd36f6_stage08_b06_formal_8672000a/operator_dtype_evidence_istft_fft_thrust_20260810T085716Z_9b01dadd36f6_stage08_b06_formal_8672000a.csv","20260810T085716Z_9b01dadd36f6_stage08_b06_formal_8672000a","istft__istft_int16_10e3__9f4c1544ea2449af","istft","INT16",,"actual_typed_complex_frequency_major_input_fp32_ifft_extension","1","z:ComplexINT16:frequency_major:[32,32]:components=INT16:bytes=4096:sha256=3a0d840c7e22ee93eb5148d71234ba904b21b8134d15a41674c41b9a6e78510e",,"[{""dtype"":""ComplexINT16"",""element_count"":""1024"",""generator"":""frequency_major_complex_modular(seed=86240002,component_dtype=INT16,integral=true)"",""input_name"":""z"",""preview_head4_tail2"":""i=0:(-3,-3);i=1:(3,4);i=2:(-2,2);i=3:(4,0);i=1022:(2,-4);i=1023:(-3,3)"",""shape"":""[32x32]""}]","{""bins"":""32"",""boundary"":""false"",""dtype"":""INT16"",""frames"":""32"",""fs"":""256"",""nfft"":""32"",""noverlap"":""16"",""nperseg"":""32"",""onesided"":""false"",""seed"":""86240002""}","9f4c1544ea2449af8148b6c3e9eb0bfa8a1c047311ef25f97e07c80afffe54c9","ComplexFP32",,"ComplexFP32","FP32",,,,,,,,"PASS","OK"
"stage08","stage08_input_preview_b06_istft_9b01dadd36f6","formal","dtype_and_input_contract","runs/stage08_input_preview_b06_istft_9b01dadd36f6/formal/20260810T085716Z_9b01dadd36f6_stage08_b06_formal_8672000b/operator_dtype_evidence_istft_fft_thrust_20260810T085716Z_9b01dadd36f6_stage08_b06_formal_8672000b.csv","20260810T085716Z_9b01dadd36f6_stage08_b06_formal_8672000b","istft__istft_int16_10e4__5bfd0b0f584602cf","istft","INT16",,"actual_typed_complex_frequency_major_input_fp32_ifft_extension","1","z:ComplexINT16:frequency_major:[33,304]:components=INT16:bytes=40128:sha256=773827dfc0a0892c79a05c16f76589f377b630457e7f740b2abfd2ad81173492",,"[{""dtype"":""ComplexINT16"",""element_count"":""10032"",""generator"":""frequency_major_complex_modular(seed=86240003,component_dtype=INT16,integral=true)"",""input_name"":""z"",""preview_head4_tail2"":""i=0:(-2,-3);i=1:(4,4);i=2:(-1,2);i=3:(5,0);i=10030:(-3,-2);i=10031:(3,-4)"",""shape"":""[33x304]""}]","{""bins"":""33"",""boundary"":""true"",""dtype"":""INT16"",""frames"":""304"",""fs"":""1000"",""nfft"":""64"",""noverlap"":""48"",""nperseg"":""64"",""onesided"":""true"",""seed"":""86240003""}","5bfd0b0f584602cf0a560cd1c80f9e60c27e91f2180284d1713eee10993b33ad","ComplexFP32",,"ComplexFP32","FP32",,,,,,,,"PASS","OK"
"stage08","stage08_input_preview_b06_istft_9b01dadd36f6","formal","dtype_and_input_contract","runs/stage08_input_preview_b06_istft_9b01dadd36f6/formal/20260810T085723Z_9b01dadd36f6_stage08_b06_formal_8672000c/operator_dtype_evidence_istft_fft_thrust_20260810T085723Z_9b01dadd36f6_stage08_b06_formal_8672000c.csv","20260810T085723Z_9b01dadd36f6_stage08_b06_formal_8672000c","istft__istft_int8_10e2__84966e53d5f3a989","istft","INT8",,"actual_typed_complex_frequency_major_input_fp32_ifft_extension","1","z:ComplexINT8:frequency_major:[9,12]:components=INT8:bytes=216:sha256=a69c881bb3b1d017a28e32785353253e7b64d23677c10d5a18a8453b6f93f424",,"[{""dtype"":""ComplexINT8"",""element_count"":""108"",""generator"":""frequency_major_complex_modular(seed=86250001,component_dtype=INT8,integral=true)"",""input_name"":""z"",""preview_head4_tail2"":""i=0:(-3,0);i=1:(3,-2);i=2:(-2,-4);i=3:(4,3);i=106:(-5,4);i=107:(1,2)"",""shape"":""[9x12]""}]","{""bins"":""9"",""boundary"":""true"",""dtype"":""INT8"",""frames"":""12"",""fs"":""100"",""nfft"":""16"",""noverlap"":""8"",""nperseg"":""16"",""onesided"":""true"",""seed"":""86250001""}","84966e53d5f3a98922ee3e8c111e8f7a192a0f3b3b531450ef7df2d074d621f6","ComplexFP32",,"ComplexFP32","FP32",,,,,,,,"PASS","OK"
"stage08","stage08_input_preview_b06_istft_9b01dadd36f6","formal","dtype_and_input_contract","runs/stage08_input_preview_b06_istft_9b01dadd36f6/formal/20260810T085723Z_9b01dadd36f6_stage08_b06_formal_8672000d/operator_dtype_evidence_istft_fft_thrust_20260810T085723Z_9b01dadd36f6_stage08_b06_formal_8672000d.csv","20260810T085723Z_9b01dadd36f6_stage08_b06_formal_8672000d","istft__istft_int8_10e3__f1e7ca597a12f515","istft","INT8",,"actual_typed_complex_frequency_major_input_fp32_ifft_extension","1","z:ComplexINT8:frequency_major:[32,32]:components=INT8:bytes=2048:sha256=703ba76524aa3103d7dfba889ebd67f673e233f26ec67eb5d1870b085b4bf84d",,"[{""dtype"":""ComplexINT8"",""element_count"":""1024"",""generator"":""frequency_major_complex_modular(seed=86250002,component_dtype=INT8,integral=true)"",""input_name"":""z"",""preview_head4_tail2"":""i=0:(-2,0);i=1:(4,-2);i=2:(-1,-4);i=3:(5,3);i=1022:(3,-1);i=1023:(-2,-3)"",""shape"":""[32x32]""}]","{""bins"":""32"",""boundary"":""false"",""dtype"":""INT8"",""frames"":""32"",""fs"":""256"",""nfft"":""32"",""noverlap"":""16"",""nperseg"":""32"",""onesided"":""false"",""seed"":""86250002""}","f1e7ca597a12f515944f063f19dee66b93cef941f6649d514e5e268f82ff8974","ComplexFP32",,"ComplexFP32","FP32",,,,,,,,"PASS","OK"
"stage08","stage08_input_preview_b06_istft_9b01dadd36f6","formal","dtype_and_input_contract","runs/stage08_input_preview_b06_istft_9b01dadd36f6/formal/20260810T085724Z_9b01dadd36f6_stage08_b06_formal_8672000e/operator_dtype_evidence_istft_fft_thrust_20260810T085724Z_9b01dadd36f6_stage08_b06_formal_8672000e.csv","20260810T085724Z_9b01dadd36f6_stage08_b06_formal_8672000e","istft__istft_int8_10e4__604908af666bdb17","istft","INT8",,"actual_typed_complex_frequency_major_input_fp32_ifft_extension","1","z:ComplexINT8:frequency_major:[33,304]:components=INT8:bytes=20064:sha256=8d7f5d8f5e483ea29c93db8ed55d2e65c87268f6ece92b697615130710f44c91",,"[{""dtype"":""ComplexINT8"",""element_count"":""10032"",""generator"":""frequency_major_complex_modular(seed=86250003,component_dtype=INT8,integral=true)"",""input_name"":""z"",""preview_head4_tail2"":""i=0:(-1,1);i=1:(5,-1);i=2:(0,-3);i=3:(-5,4);i=10030:(-2,2);i=10031:(4,0)"",""shape"":""[33x304]""}]","{""bins"":""33"",""boundary"":""true"",""dtype"":""INT8"",""frames"":""304"",""fs"":""1000"",""nfft"":""64"",""noverlap"":""48"",""nperseg"":""64"",""onesided"":""true"",""seed"":""86250003""}","604908af666bdb174c70c7ed1d12f992f9b4cb76f7ea55ed5e666925f5fcfef4","ComplexFP32",,"ComplexFP32","FP32",,,,,,,,"PASS","OK"
"stage08","stage08_input_preview_b06_lombscargle_9b01dadd36f6","formal","dtype_and_input_contract","runs/stage08_input_preview_b06_lombscargle_9b01dadd36f6/formal/20260810T085746Z_9b01dadd36f6_stage08_b06_formal_86730000/operator_dtype_evidence_lombscargle_not_applicable_20260810T085746Z_9b01dadd36f6_stage08_b06_formal_86730000.csv","20260810T085746Z_9b01dadd36f6_stage08_b06_formal_86730000","lombscargle__lombscargle_fp32_10e2__f0e3bb2c36a31248","lombscargle","FP32",,"actual_typed_time_value_frequency_fp32_compute_fp64_storage_extension","3","time:FP32:[17]:bytes=68:sha256=ebb5429e1754ec8da1a41e340b1d2bb4a0474230e92b383ebd1523ab894a7b25|value:FP32:[17]:bytes=68:sha256=e84c8ece4366ad57a2f3b63074d91e4922c463fe671b5a336ffca7ef759a3b75|frequency:FP32:[7]:bytes=28:sha256=d6283d4974dc5d694464499e1e50e3564bab93dae7df0a683441e480e8a49309",,"[{""dtype"":""FP32"",""element_count"":""17"",""generator"":""deterministic_sample_times(integral=false)"",""input_name"":""time"",""preview_head4_tail2"":""i=0:0;i=1:0.132812;i=2:0.265625;i=3:0.398438;i=15:1.88281;i=16:2.01562"",""shape"":""[17]""},{""dtype"":""FP32"",""element_count"":""17"",""generator"":""modular_observations(seed=86310001,integral=false)"",""input_name"":""value"",""preview_head4_tail2"":""i=0:0.75;i=1:-0.46875;i=2:1.0625;i=3:-0.15625;i=15:1.3125;i=16:0.09375"",""shape"":""[17]""},{""dtype"":""FP32"",""element_count"":""7"",""generator"":""deterministic_frequency_grid(integral=false)"",""input_name"":""frequency"",""preview_head4_tail2"":""i=0:0.085;i=1:0.12;i=2:0.155;i=3:0.19;i=5:0.26;i=6:0.295"",""shape"":""[7]""}]","{""dtype"":""FP32"",""frequencies"":""7"",""normalize"":""false"",""precenter"":""false"",""samples"":""17"",""seed"":""86310001""}","f0e3bb2c36a3124859760eefd6b77e7416e1fc60447819ca6b0fd5370b693263","FP32",,"not_applicable","FP64",,,,,,,,"PASS","OK"
"stage08","stage08_input_preview_b06_lombscargle_9b01dadd36f6","formal","dtype_and_input_contract","runs/stage08_input_preview_b06_lombscargle_9b01dadd36f6/formal/20260810T085746Z_9b01dadd36f6_stage08_b06_formal_86730001/operator_dtype_evidence_lombscargle_not_applicable_20260810T085746Z_9b01dadd36f6_stage08_b06_formal_86730001.csv","20260810T085746Z_9b01dadd36f6_stage08_b06_formal_86730001","lombscargle__lombscargle_fp32_10e3__a806ef0b2b44cd6f","lombscargle","FP32",,"actual_typed_time_value_frequency_fp32_compute_fp64_storage_extension","3","time:FP32:[64]:bytes=256:sha256=0ddbad3a7bfc4ab6565789d0bced1fbf44d92d7e28cf8681b7201cc3d4238f8a|value:FP32:[64]:bytes=256:sha256=e92e498db3522e4007ef07295ef45b8e506988597f71ba737d4d9bbf982fe32d|frequency:FP32:[16]:bytes=64:sha256=bc6f119e88b32cd644bd1957aae8e875512a8880c465fb706aac9a8a31c19429",,"[{""dtype"":""FP32"",""element_count"":""64"",""generator"":""deterministic_sample_times(integral=false)"",""input_name"":""time"",""preview_head4_tail2"":""i=0:0;i=1:0.132812;i=2:0.265625;i=3:0.398438;i=62:7.79688;i=63:7.875"",""shape"":""[64]""},{""dtype"":""FP32"",""element_count"":""64"",""generator"":""modular_observations(seed=86310002,integral=false)"",""input_name"":""value"",""preview_head4_tail2"":""i=0:1;i=1:-0.21875;i=2:1.3125;i=3:0.09375;i=62:0.8125;i=63:-0.40625"",""shape"":""[64]""},{""dtype"":""FP32"",""element_count"":""16"",""generator"":""deterministic_frequency_grid(integral=false)"",""input_name"":""frequency"",""preview_head4_tail2"":""i=0:0.085;i=1:0.12;i=2:0.155;i=3:0.19;i=14:0.575;i=15:0.61"",""shape"":""[16]""}]","{""dtype"":""FP32"",""frequencies"":""16"",""normalize"":""false"",""precenter"":""true"",""samples"":""64"",""seed"":""86310002""}","a806ef0b2b44cd6f74a13010fc819d2fd802106fd5720425947245c6ce894acd","FP32",,"not_applicable","FP64",,,,,,,,"PASS","OK"
"stage08","stage08_input_preview_b06_lombscargle_9b01dadd36f6","formal","dtype_and_input_contract","runs/stage08_input_preview_b06_lombscargle_9b01dadd36f6/formal/20260810T085746Z_9b01dadd36f6_stage08_b06_formal_86730002/operator_dtype_evidence_lombscargle_not_applicable_20260810T085746Z_9b01dadd36f6_stage08_b06_formal_86730002.csv","20260810T085746Z_9b01dadd36f6_stage08_b06_formal_86730002","lombscargle__lombscargle_fp32_10e4__f580f90c40df8923","lombscargle","FP32",,"actual_typed_time_value_frequency_fp32_compute_fp64_storage_extension","3","time:FP32:[257]:bytes=1028:sha256=b36a94fcb6e3ec702ff6aa0ecfbcdb2cb8b4d369cb5c15dda39d7376eece225f|value:FP32:[257]:bytes=1028:sha256=699da4c70175dcbee367d8e9c2f4aa2ebd61a6e822e2be55b903f0ccf21d7aec|frequency:FP32:[40]:bytes=160:sha256=24d23ee20f06648b93d9f493536c82fa71426dd19d0b336f902e988c991ea8b1",,"[{""dtype"":""FP32"",""element_count"":""257"",""generator"":""deterministic_sample_times(integral=false)"",""input_name"":""time"",""preview_head4_tail2"":""i=0:0;i=1:0.132812;i=2:0.265625;i=3:0.398438;i=255:31.8984;i=256:32.0312"",""shape"":""[257]""},{""dtype"":""FP32"",""element_count"":""257"",""generator"":""modular_observations(seed=86310003,integral=false)"",""input_name"":""value"",""preview_head4_tail2"":""i=0:1.25;i=1:0.03125;i=2:-1.1875;i=3:0.34375;i=255:-1;i=256:0.53125"",""shape"":""[257]""},{""dtype"":""FP32"",""element_count"":""40"",""generator"":""deterministic_frequency_grid(integral=false)"",""input_name"":""frequency"",""preview_head4_tail2"":""i=0:0.085;i=1:0.12;i=2:0.155;i=3:0.19;i=38:1.415;i=39:1.45"",""shape"":""[40]""}]","{""dtype"":""FP32"",""frequencies"":""40"",""normalize"":""true"",""precenter"":""true"",""samples"":""257"",""seed"":""86310003""}","f580f90c40df892321258cf67afafa91aaf4eae2914cf2d44f7910cfd9967334","FP32",,"not_applicable","FP64",,,,,,,,"PASS","OK"
"stage08","stage08_input_preview_b06_lombscargle_9b01dadd36f6","formal","dtype_and_input_contract","runs/stage08_input_preview_b06_lombscargle_9b01dadd36f6/formal/20260810T085747Z_9b01dadd36f6_stage08_b06_formal_86730003/operator_dtype_evidence_lombscargle_not_applicable_20260810T085747Z_9b01dadd36f6_stage08_b06_formal_86730003.csv","20260810T085747Z_9b01dadd36f6_stage08_b06_formal_86730003","lombscargle__lombscargle_fp16_10e2__a050bba77e9a10b7","lombscargle","FP16",,"actual_typed_time_value_frequency_fp32_compute_fp64_storage_extension","3","time:FP16:[17]:bytes=34:sha256=be9223824537627d121111011cda769a8a27665d4dac43d86b34f12cf6d19908|value:FP16:[17]:bytes=34:sha256=0880509ac8b959b997d2bf8f26bbae032c5f025ddd68c11a43c327896cf720ea|frequency:FP16:[7]:bytes=14:sha256=de557a2df85a5fcc3f9632ca53c8cb9066e6fe028e66374d4a7c132029ec0c8d",,"[{""dtype"":""FP16"",""element_count"":""17"",""generator"":""deterministic_sample_times(integral=false)"",""input_name"":""time"",""preview_head4_tail2"":""i=0:0;i=1:0.132812;i=2:0.265625;i=3:0.398438;i=15:1.88281;i=16:2.01562"",""shape"":""[17]""},{""dtype"":""FP16"",""element_count"":""17"",""generator"":""modular_observations(seed=86320001,integral=false)"",""input_name"":""value"",""preview_head4_tail2"":""i=0:1;i=1:-0.21875;i=2:1.3125;i=3:0.09375;i=15:-1.1875;i=16:0.34375"",""shape"":""[17]""},{""dtype"":""FP16"",""element_count"":""7"",""generator"":""deterministic_frequency_grid(integral=false)"",""input_name"":""frequency"",""preview_head4_tail2"":""i=0:0.085;i=1:0.12;i=2:0.155;i=3:0.19;i=5:0.26;i=6:0.295"",""shape"":""[7]""}]","{""dtype"":""FP16"",""frequencies"":""7"",""normalize"":""false"",""precenter"":""false"",""samples"":""17"",""seed"":""86320001""}","a050bba77e9a10b7fd0e03306d1e6c53ef3b4c67ccefce20f7c4230956945d21","FP32",,"not_applicable","FP64",,,,,,,,"PASS","OK"
"stage08","stage08_input_preview_b06_lombscargle_9b01dadd36f6","formal","dtype_and_input_contract","runs/stage08_input_preview_b06_lombscargle_9b01dadd36f6/formal/20260810T085747Z_9b01dadd36f6_stage08_b06_formal_86730004/operator_dtype_evidence_lombscargle_not_applicable_20260810T085747Z_9b01dadd36f6_stage08_b06_formal_86730004.csv","20260810T085747Z_9b01dadd36f6_stage08_b06_formal_86730004","lombscargle__lombscargle_fp16_10e3__b1464815cd5cd9df","lombscargle","FP16",,"actual_typed_time_value_frequency_fp32_compute_fp64_storage_extension","3","time:FP16:[64]:bytes=128:sha256=2649b8fb77d65299cfdaa652cc81955684d56374efbf42cd58a2154f2f25999b|value:FP16:[64]:bytes=128:sha256=a0a08a07af4294e380a986b996e57358eef0de13020a873361e844a8aeacb490|frequency:FP16:[16]:bytes=32:sha256=8ac4783d11ce6dc16c9a473827636524208420a72b09f62223cc023d7cc906f4",,"[{""dtype"":""FP16"",""element_count"":""64"",""generator"":""deterministic_sample_times(integral=false)"",""input_name"":""time"",""preview_head4_tail2"":""i=0:0;i=1:0.132812;i=2:0.265625;i=3:0.398438;i=62:7.79688;i=63:7.875"",""shape"":""[64]""},{""dtype"":""FP16"",""element_count"":""64"",""generator"":""modular_observations(seed=86320002,integral=false)"",""input_name"":""value"",""preview_head4_tail2"":""i=0:1.25;i=1:0.03125;i=2:-1.1875;i=3:0.34375;i=62:1.0625;i=63:-0.15625"",""shape"":""[64]""},{""dtype"":""FP16"",""element_count"":""16"",""generator"":""deterministic_frequency_grid(integral=false)"",""input_name"":""frequency"",""preview_head4_tail2"":""i=0:0.085;i=1:0.12;i=2:0.155;i=3:0.19;i=14:0.575;i=15:0.61"",""shape"":""[16]""}]","{""dtype"":""FP16"",""frequencies"":""16"",""normalize"":""false"",""precenter"":""true"",""samples"":""64"",""seed"":""86320002""}","b1464815cd5cd9df22559b6a9762bc5a19634bf4c8e48eea742fefd25af582c3","FP32",,"not_applicable","FP64",,,,,,,,"PASS","OK"
"stage08","stage08_input_preview_b06_lombscargle_9b01dadd36f6","formal","dtype_and_input_contract","runs/stage08_input_preview_b06_lombscargle_9b01dadd36f6/formal/20260810T085747Z_9b01dadd36f6_stage08_b06_formal_86730005/operator_dtype_evidence_lombscargle_not_applicable_20260810T085747Z_9b01dadd36f6_stage08_b06_formal_86730005.csv","20260810T085747Z_9b01dadd36f6_stage08_b06_formal_86730005","lombscargle__lombscargle_fp16_10e4__698dbfe21512e2c8","lombscargle","FP16",,"actual_typed_time_value_frequency_fp32_compute_fp64_storage_extension","3","time:FP16:[257]:bytes=514:sha256=607b0d2914b0f44c581e3b73ce18bda0952c583bcfc373952db6936cff223b1e|value:FP16:[257]:bytes=514:sha256=05ffb3b4f1a61287983332efc9fb449eee8fdf65f8a52d7e1b0dec4c2408bd6e|frequency:FP16:[40]:bytes=80:sha256=c312aec19a565fa1e86fce7f7adfdc621abacd900ae7adad383cc2ab3c1ea8fe",,"[{""dtype"":""FP16"",""element_count"":""257"",""generator"":""deterministic_sample_times(integral=false)"",""input_name"":""time"",""preview_head4_tail2"":""i=0:0;i=1:0.132812;i=2:0.265625;i=3:0.398438;i=255:31.8984;i=256:32.0312"",""shape"":""[257]""},{""dtype"":""FP16"",""element_count"":""257"",""generator"":""modular_observations(seed=86320003,integral=false)"",""input_name"":""value"",""preview_head4_tail2"":""i=0:-1.25;i=1:0.28125;i=2:-0.9375;i=3:0.59375;i=255:-0.75;i=256:0.78125"",""shape"":""[257]""},{""dtype"":""FP16"",""element_count"":""40"",""generator"":""deterministic_frequency_grid(integral=false)"",""input_name"":""frequency"",""preview_head4_tail2"":""i=0:0.085;i=1:0.12;i=2:0.155;i=3:0.19;i=38:1.415;i=39:1.45"",""shape"":""[40]""}]","{""dtype"":""FP16"",""frequencies"":""40"",""normalize"":""true"",""precenter"":""true"",""samples"":""257"",""seed"":""86320003""}","698dbfe21512e2c84d8e208f4eb289d58dbd893beb579c7a775012381a01fe00","FP32",,"not_applicable","FP64",,,,,,,,"PASS","OK"
"stage08","stage08_input_preview_b06_lombscargle_9b01dadd36f6","formal","dtype_and_input_contract","runs/stage08_input_preview_b06_lombscargle_9b01dadd36f6/formal/20260810T085747Z_9b01dadd36f6_stage08_b06_formal_86730006/operator_dtype_evidence_lombscargle_not_applicable_20260810T085747Z_9b01dadd36f6_stage08_b06_formal_86730006.csv","20260810T085747Z_9b01dadd36f6_stage08_b06_formal_86730006","lombscargle__lombscargle_int32_10e2__c813437da217dbce","lombscargle","INT32",,"actual_typed_time_value_frequency_fp32_compute_fp64_storage_extension","3","time:INT32:[17]:bytes=68:sha256=bd6f6df722b1c3cded49f182d6a6160c0bf088f48ece13edb1b2f462a67ac5a8|value:INT32:[17]:bytes=68:sha256=b50efdca92993b45f6c3b8a5bee09265e1b97308a663cc0c53dc50c90dbf91f0|frequency:INT32:[7]:bytes=28:sha256=4c816952ba53cc361d8e45bd833338dc6427e4a5d5f06ebad5351fd46439a15a",,"[{""dtype"":""INT32"",""element_count"":""17"",""generator"":""deterministic_sample_times(integral=true)"",""input_name"":""time"",""preview_head4_tail2"":""i=0:0;i=1:3;i=2:6;i=3:9;i=15:47;i=16:50"",""shape"":""[17]""},{""dtype"":""INT32"",""element_count"":""17"",""generator"":""modular_observations(seed=86330001,integral=true)"",""input_name"":""value"",""preview_head4_tail2"":""i=0:5;i=1:0;i=2:-5;i=3:1;i=15:-4;i=16:2"",""shape"":""[17]""},{""dtype"":""INT32"",""element_count"":""7"",""generator"":""deterministic_frequency_grid(integral=true)"",""input_name"":""frequency"",""preview_head4_tail2"":""i=0:1;i=1:2;i=2:3;i=3:4;i=5:6;i=6:7"",""shape"":""[7]""}]","{""dtype"":""INT32"",""frequencies"":""7"",""normalize"":""false"",""precenter"":""false"",""samples"":""17"",""seed"":""86330001""}","c813437da217dbce80c08561258b361dd91c3759e2efdec527fde5eb2859b319","FP32",,"not_applicable","FP64",,,,,,,,"PASS","OK"
"stage08","stage08_input_preview_b06_lombscargle_9b01dadd36f6","formal","dtype_and_input_contract","runs/stage08_input_preview_b06_lombscargle_9b01dadd36f6/formal/20260810T085748Z_9b01dadd36f6_stage08_b06_formal_86730007/operator_dtype_evidence_lombscargle_not_applicable_20260810T085748Z_9b01dadd36f6_stage08_b06_formal_86730007.csv","20260810T085748Z_9b01dadd36f6_stage08_b06_formal_86730007","lombscargle__lombscargle_int32_10e3__acaec07639a7aeb9","lombscargle","INT32",,"actual_typed_time_value_frequency_fp32_compute_fp64_storage_extension","3","time:INT32:[64]:bytes=256:sha256=09997ae9f3bd2a4d127f9b83b0634719b9346a470f71031d5a4e5ec80d1b0fd8|value:INT32:[64]:bytes=256:sha256=c0c81efc25b1fc77e929a0e53e38d529ae8979a60aae2bcbe05fdf0fb0a27816|frequency:INT32:[16]:bytes=64:sha256=77d735ce838418aa151bd96b5b1e78ee63860892e0a95c00fe34178442be9b07",,"[{""dtype"":""INT32"",""element_count"":""64"",""generator"":""deterministic_sample_times(integral=true)"",""input_name"":""time"",""preview_head4_tail2"":""i=0:0;i=1:3;i=2:6;i=3:9;i=62:93;i=63:97"",""shape"":""[64]""},{""dtype"":""INT32"",""element_count"":""64"",""generator"":""modular_observations(seed=86330002,integral=true)"",""input_name"":""value"",""preview_head4_tail2"":""i=0:-5;i=1:1;i=2:-4;i=3:2;i=62:4;i=63:-1"",""shape"":""[64]""},{""dtype"":""INT32"",""element_count"":""16"",""generator"":""deterministic_frequency_grid(integral=true)"",""input_name"":""frequency"",""preview_head4_tail2"":""i=0:1;i=1:2;i=2:3;i=3:4;i=14:15;i=15:16"",""shape"":""[16]""}]","{""dtype"":""INT32"",""frequencies"":""16"",""normalize"":""false"",""precenter"":""true"",""samples"":""64"",""seed"":""86330002""}","acaec07639a7aeb99dff4dccc163d363536424c78d2cb8637795dc3294e9cdea","FP32",,"not_applicable","FP64",,,,,,,,"PASS","OK"
"stage08","stage08_input_preview_b06_lombscargle_9b01dadd36f6","formal","dtype_and_input_contract","runs/stage08_input_preview_b06_lombscargle_9b01dadd36f6/formal/20260810T085748Z_9b01dadd36f6_stage08_b06_formal_86730008/operator_dtype_evidence_lombscargle_not_applicable_20260810T085748Z_9b01dadd36f6_stage08_b06_formal_86730008.csv","20260810T085748Z_9b01dadd36f6_stage08_b06_formal_86730008","lombscargle__lombscargle_int32_10e4__8f8817c2f072e581","lombscargle","INT32",,"actual_typed_time_value_frequency_fp32_compute_fp64_storage_extension","3","time:INT32:[257]:bytes=1028:sha256=51990635e099b3f9aa8e8dac13f7d865b15e7134ab7ce90d667bb3443f3ab201|value:INT32:[257]:bytes=1028:sha256=d9b2a3968b83594519c8871301f90be01dbdcaf6a8bfe9b842d04b2c614731f0|frequency:INT32:[40]:bytes=160:sha256=27bf9c8f23dccfafc08b49bd2dac8b0063727ff103e386ca053a84c0ff47b420",,"[{""dtype"":""INT32"",""element_count"":""257"",""generator"":""deterministic_sample_times(integral=true)"",""input_name"":""time"",""preview_head4_tail2"":""i=0:0;i=1:3;i=2:6;i=3:9;i=255:94;i=256:97"",""shape"":""[257]""},{""dtype"":""INT32"",""element_count"":""257"",""generator"":""modular_observations(seed=86330003,integral=true)"",""input_name"":""value"",""preview_head4_tail2"":""i=0:-4;i=1:2;i=2:-3;i=3:3;i=255:-3;i=256:3"",""shape"":""[257]""},{""dtype"":""INT32"",""element_count"":""40"",""generator"":""deterministic_frequency_grid(integral=true)"",""input_name"":""frequency"",""preview_head4_tail2"":""i=0:1;i=1:2;i=2:3;i=3:4;i=38:39;i=39:40"",""shape"":""[40]""}]","{""dtype"":""INT32"",""frequencies"":""40"",""normalize"":""true"",""precenter"":""true"",""samples"":""257"",""seed"":""86330003""}","8f8817c2f072e5819a36b3c7907cb859bf506b872bc1c3ab9bd4d56d6c6630ce","FP32",,"not_applicable","FP64",,,,,,,,"PASS","OK"
"stage08","stage08_input_preview_b06_lombscargle_9b01dadd36f6","formal","dtype_and_input_contract","runs/stage08_input_preview_b06_lombscargle_9b01dadd36f6/formal/20260810T085748Z_9b01dadd36f6_stage08_b06_formal_86730009/operator_dtype_evidence_lombscargle_not_applicable_20260810T085748Z_9b01dadd36f6_stage08_b06_formal_86730009.csv","20260810T085748Z_9b01dadd36f6_stage08_b06_formal_86730009","lombscargle__lombscargle_int16_10e2__70057ed3b4092298","lombscargle","INT16",,"actual_typed_time_value_frequency_fp32_compute_fp64_storage_extension","3","time:INT16:[17]:bytes=34:sha256=a6f466abea4343cbbf032816fd3ad5ef63059401fed3cf859ee377d23d0658ab|value:INT16:[17]:bytes=34:sha256=b9cd7cf30c4f53e0c6c2484e950c2900fba94fb7c2a5ce652a4702319484d49a|frequency:INT16:[7]:bytes=14:sha256=0656ee43f37a429628c19469b617f943f1ce308e856685d933e9c46ef07e54d4",,"[{""dtype"":""INT16"",""element_count"":""17"",""generator"":""deterministic_sample_times(integral=true)"",""input_name"":""time"",""preview_head4_tail2"":""i=0:0;i=1:3;i=2:6;i=3:9;i=15:47;i=16:50"",""shape"":""[17]""},{""dtype"":""INT16"",""element_count"":""17"",""generator"":""modular_observations(seed=86340001,integral=true)"",""input_name"":""value"",""preview_head4_tail2"":""i=0:-5;i=1:1;i=2:-4;i=3:2;i=15:-3;i=16:3"",""shape"":""[17]""},{""dtype"":""INT16"",""element_count"":""7"",""generator"":""deterministic_frequency_grid(integral=true)"",""input_name"":""frequency"",""preview_head4_tail2"":""i=0:1;i=1:2;i=2:3;i=3:4;i=5:6;i=6:7"",""shape"":""[7]""}]","{""dtype"":""INT16"",""frequencies"":""7"",""normalize"":""false"",""precenter"":""false"",""samples"":""17"",""seed"":""86340001""}","70057ed3b40922988ee4480a326f5b648b81e7fc1bf72d65214155788c27abd4","FP32",,"not_applicable","FP64",,,,,,,,"PASS","OK"
"stage08","stage08_input_preview_b06_lombscargle_9b01dadd36f6","formal","dtype_and_input_contract","runs/stage08_input_preview_b06_lombscargle_9b01dadd36f6/formal/20260810T085748Z_9b01dadd36f6_stage08_b06_formal_8673000a/operator_dtype_evidence_lombscargle_not_applicable_20260810T085748Z_9b01dadd36f6_stage08_b06_formal_8673000a.csv","20260810T085748Z_9b01dadd36f6_stage08_b06_formal_8673000a","lombscargle__lombscargle_int16_10e3__92bad9b753829b58","lombscargle","INT16",,"actual_typed_time_value_frequency_fp32_compute_fp64_storage_extension","3","time:INT16:[64]:bytes=128:sha256=9831796134ac16d3454e08dc56a5e28170129987359a2792733b8ab3eb428fe9|value:INT16:[64]:bytes=128:sha256=cf03866ee41b7bcfa3fdeff2603f524a12f5d98f4429277481b34a3145452c59|frequency:INT16:[16]:bytes=32:sha256=9774afe2116a2ba0eccc78b8ed2589a639eba303f216317713332642beeb7c5e",,"[{""dtype"":""INT16"",""element_count"":""64"",""generator"":""deterministic_sample_times(integral=true)"",""input_name"":""time"",""preview_head4_tail2"":""i=0:0;i=1:3;i=2:6;i=3:9;i=62:93;i=63:97"",""shape"":""[64]""},{""dtype"":""INT16"",""element_count"":""64"",""generator"":""modular_observations(seed=86340002,integral=true)"",""input_name"":""value"",""preview_head4_tail2"":""i=0:-4;i=1:2;i=2:-3;i=3:3;i=62:5;i=63:0"",""shape"":""[64]""},{""dtype"":""INT16"",""element_count"":""16"",""generator"":""deterministic_frequency_grid(integral=true)"",""input_name"":""frequency"",""preview_head4_tail2"":""i=0:1;i=1:2;i=2:3;i=3:4;i=14:15;i=15:16"",""shape"":""[16]""}]","{""dtype"":""INT16"",""frequencies"":""16"",""normalize"":""false"",""precenter"":""true"",""samples"":""64"",""seed"":""86340002""}","92bad9b753829b5880c5d6eff45de1bcf5f0e1ccbb89c048a9019553bd3308a5","FP32",,"not_applicable","FP64",,,,,,,,"PASS","OK"
"stage08","stage08_input_preview_b06_lombscargle_9b01dadd36f6","formal","dtype_and_input_contract","runs/stage08_input_preview_b06_lombscargle_9b01dadd36f6/formal/20260810T085748Z_9b01dadd36f6_stage08_b06_formal_8673000b/operator_dtype_evidence_lombscargle_not_applicable_20260810T085748Z_9b01dadd36f6_stage08_b06_formal_8673000b.csv","20260810T085748Z_9b01dadd36f6_stage08_b06_formal_8673000b","lombscargle__lombscargle_int16_10e4__d62b9bc6030d9dd3","lombscargle","INT16",,"actual_typed_time_value_frequency_fp32_compute_fp64_storage_extension","3","time:INT16:[257]:bytes=514:sha256=b42d6ede22efd918685a234e660affdfb93be81baa453cbcf3bf806ba80bcb48|value:INT16:[257]:bytes=514:sha256=791a0301f3c22390084f7cf6b75ea7ccf6df0ad3e1685627cdd35c129761833c|frequency:INT16:[40]:bytes=80:sha256=cd5488c4a875b0b6dc709702c347da44c3aa3dac0bce8f2af910c135fd104668",,"[{""dtype"":""INT16"",""element_count"":""257"",""generator"":""deterministic_sample_times(integral=true)"",""input_name"":""time"",""preview_head4_tail2"":""i=0:0;i=1:3;i=2:6;i=3:9;i=255:94;i=256:97"",""shape"":""[257]""},{""dtype"":""INT16"",""element_count"":""257"",""generator"":""modular_observations(seed=86340003,integral=true)"",""input_name"":""value"",""preview_head4_tail2"":""i=0:-3;i=1:3;i=2:-2;i=3:4;i=255:-2;i=256:4"",""shape"":""[257]""},{""dtype"":""INT16"",""element_count"":""40"",""generator"":""deterministic_frequency_grid(integral=true)"",""input_name"":""frequency"",""preview_head4_tail2"":""i=0:1;i=1:2;i=2:3;i=3:4;i=38:39;i=39:40"",""shape"":""[40]""}]","{""dtype"":""INT16"",""frequencies"":""40"",""normalize"":""true"",""precenter"":""true"",""samples"":""257"",""seed"":""86340003""}","d62b9bc6030d9dd3155e749474e876e3f095d80a41e99992baf154ccc2339d18","FP32",,"not_applicable","FP64",,,,,,,,"PASS","OK"
"stage08","stage08_input_preview_b06_lombscargle_9b01dadd36f6","formal","dtype_and_input_contract","runs/stage08_input_preview_b06_lombscargle_9b01dadd36f6/formal/20260810T085749Z_9b01dadd36f6_stage08_b06_formal_8673000c/operator_dtype_evidence_lombscargle_not_applicable_20260810T085749Z_9b01dadd36f6_stage08_b06_formal_8673000c.csv","20260810T085749Z_9b01dadd36f6_stage08_b06_formal_8673000c","lombscargle__lombscargle_int8_10e2__7cc844dad4c90dd4","lombscargle","INT8",,"actual_typed_time_value_frequency_fp32_compute_fp64_storage_extension","3","time:INT8:[17]:bytes=17:sha256=23d12310aa7a41e5935f9c7e390f8650ac52c96a5d4ce49f33ce726e2aefb241|value:INT8:[17]:bytes=17:sha256=785c30a3489c6963740f8d28581a2a05ea0fe06b45b744e98d1d99ef63b4b1b5|frequency:INT8:[7]:bytes=7:sha256=32bbe378a25091502b2baf9f7258c19444e7a43ee4593b08030acd790bd66e6a",,"[{""dtype"":""INT8"",""element_count"":""17"",""generator"":""deterministic_sample_times(integral=true)"",""input_name"":""time"",""preview_head4_tail2"":""i=0:0;i=1:3;i=2:6;i=3:9;i=15:47;i=16:50"",""shape"":""[17]""},{""dtype"":""INT8"",""element_count"":""17"",""generator"":""modular_observations(seed=86350001,integral=true)"",""input_name"":""value"",""preview_head4_tail2"":""i=0:-4;i=1:2;i=2:-3;i=3:3;i=15:-2;i=16:4"",""shape"":""[17]""},{""dtype"":""INT8"",""element_count"":""7"",""generator"":""deterministic_frequency_grid(integral=true)"",""input_name"":""frequency"",""preview_head4_tail2"":""i=0:1;i=1:2;i=2:3;i=3:4;i=5:6;i=6:7"",""shape"":""[7]""}]","{""dtype"":""INT8"",""frequencies"":""7"",""normalize"":""false"",""precenter"":""false"",""samples"":""17"",""seed"":""86350001""}","7cc844dad4c90dd450ebe6d3c4e1cad591ef19a4536b1e7f6a5ad44ef83a6443","FP32",,"not_applicable","FP64",,,,,,,,"PASS","OK"
"stage08","stage08_input_preview_b06_lombscargle_9b01dadd36f6","formal","dtype_and_input_contract","runs/stage08_input_preview_b06_lombscargle_9b01dadd36f6/formal/20260810T085749Z_9b01dadd36f6_stage08_b06_formal_8673000d/operator_dtype_evidence_lombscargle_not_applicable_20260810T085749Z_9b01dadd36f6_stage08_b06_formal_8673000d.csv","20260810T085749Z_9b01dadd36f6_stage08_b06_formal_8673000d","lombscargle__lombscargle_int8_10e3__2a81eeef453ba827","lombscargle","INT8",,"actual_typed_time_value_frequency_fp32_compute_fp64_storage_extension","3","time:INT8:[64]:bytes=64:sha256=5191a227f98d79e3caf31fb1c134232d55c76354dc74ada0471a99dbfbd9ccf9|value:INT8:[64]:bytes=64:sha256=8a3d22054f94f37f16b8092688592df286abd30c14edf03d4d2a249bacac7d10|frequency:INT8:[16]:bytes=16:sha256=5dfbabeedf318bf33c0927c43d7630f51b82f351740301354fa3d7fc51f0132e",,"[{""dtype"":""INT8"",""element_count"":""64"",""generator"":""deterministic_sample_times(integral=true)"",""input_name"":""time"",""preview_head4_tail2"":""i=0:0;i=1:3;i=2:6;i=3:9;i=62:93;i=63:97"",""shape"":""[64]""},{""dtype"":""INT8"",""element_count"":""64"",""generator"":""modular_observations(seed=86350002,integral=true)"",""input_name"":""value"",""preview_head4_tail2"":""i=0:-3;i=1:3;i=2:-2;i=3:4;i=62:-5;i=63:1"",""shape"":""[64]""},{""dtype"":""INT8"",""element_count"":""16"",""generator"":""deterministic_frequency_grid(integral=true)"",""input_name"":""frequency"",""preview_head4_tail2"":""i=0:1;i=1:2;i=2:3;i=3:4;i=14:15;i=15:16"",""shape"":""[16]""}]","{""dtype"":""INT8"",""frequencies"":""16"",""normalize"":""false"",""precenter"":""true"",""samples"":""64"",""seed"":""86350002""}","2a81eeef453ba82727b641bb960529a08f6ca9683487cc4ab1baf61f3837e631","FP32",,"not_applicable","FP64",,,,,,,,"PASS","OK"
"stage08","stage08_input_preview_b06_lombscargle_9b01dadd36f6","formal","dtype_and_input_contract","runs/stage08_input_preview_b06_lombscargle_9b01dadd36f6/formal/20260810T085749Z_9b01dadd36f6_stage08_b06_formal_8673000e/operator_dtype_evidence_lombscargle_not_applicable_20260810T085749Z_9b01dadd36f6_stage08_b06_formal_8673000e.csv","20260810T085749Z_9b01dadd36f6_stage08_b06_formal_8673000e","lombscargle__lombscargle_int8_10e4__892690aced5daf78","lombscargle","INT8",,"actual_typed_time_value_frequency_fp32_compute_fp64_storage_extension","3","time:INT8:[257]:bytes=257:sha256=da27cb1ae30096f226b901bad6f9845c234f1c1a8760a3c56a2887b6dfc6cfd6|value:INT8:[257]:bytes=257:sha256=c254a02a1aa70e8963f87a41d1e72baea5514ef30a397e065f16da57a6a7e70b|frequency:INT8:[40]:bytes=40:sha256=5620dcd4c0ab4736a35122b1973e2d5d9726c378b3893234c66ff78d071b0e87",,"[{""dtype"":""INT8"",""element_count"":""257"",""generator"":""deterministic_sample_times(integral=true)"",""input_name"":""time"",""preview_head4_tail2"":""i=0:0;i=1:3;i=2:6;i=3:9;i=255:94;i=256:97"",""shape"":""[257]""},{""dtype"":""INT8"",""element_count"":""257"",""generator"":""modular_observations(seed=86350003,integral=true)"",""input_name"":""value"",""preview_head4_tail2"":""i=0:-2;i=1:4;i=2:-1;i=3:5;i=255:-1;i=256:5"",""shape"":""[257]""},{""dtype"":""INT8"",""element_count"":""40"",""generator"":""deterministic_frequency_grid(integral=true)"",""input_name"":""frequency"",""preview_head4_tail2"":""i=0:1;i=1:2;i=2:3;i=3:4;i=38:39;i=39:40"",""shape"":""[40]""}]","{""dtype"":""INT8"",""frequencies"":""40"",""normalize"":""true"",""precenter"":""true"",""samples"":""257"",""seed"":""86350003""}","892690aced5daf781a9246f64eb54e24052d072330a62e860215b2a37f505ad6","FP32",,"not_applicable","FP64",,,,,,,,"PASS","OK"
"stage08","stage08_input_preview_b06_smoke_20260810T0900Z","smoke","dtype_and_input_contract","runs/stage08_input_preview_b06_smoke_20260810T0900Z/smoke/20260810T090000Z_6b8f8261f90c_stage08_b06_smoke_86600001/operator_dtype_evidence_istft_fft_thrust_20260810T090000Z_6b8f8261f90c_stage08_b06_smoke_86600001.csv","20260810T090000Z_6b8f8261f90c_stage08_b06_smoke_86600001","istft__istft_fp32_10e2__0e96def854e68ce9","istft","FP32",,"actual_typed_complex_frequency_major_input_fp32_ifft_extension","1","z:ComplexFP32:frequency_major:[9,12]:components=FP32:bytes=864:sha256=a4104390a406563df09ed956630c6362ab1fb9a09ff1755fa348c84fcf788462",,"[{""dtype"":""ComplexFP32"",""element_count"":""108"",""generator"":""frequency_major_complex_modular(seed=86210001,component_dtype=FP32,integral=false)"",""input_name"":""z"",""preview_head4_tail2"":""i=0:(1,-0.5);i=1:(-0.21875,0.359375);i=2:(1.3125,0.09375);i=3:(0.09375,-0.171875);i=106:(0.5625,-0.015625);i=107:(-0.65625,-0.28125)"",""shape"":""[9x12]""}]","{""bins"":""9"",""boundary"":""true"",""dtype"":""FP32"",""frames"":""12"",""fs"":""100"",""nfft"":""16"",""noverlap"":""8"",""nperseg"":""16"",""onesided"":""true"",""seed"":""86210001""}","0e96def854e68ce97ef79f7f5bc9b904e29acdd38c3f3bde595a31f1f0533001","ComplexFP32",,"ComplexFP32","FP32",,,,,,,,"PASS","OK"
"stage08","stage08_input_preview_b06_stft_9b01dadd36f6","formal","dtype_and_input_contract","runs/stage08_input_preview_b06_stft_9b01dadd36f6/formal/20260810T085809Z_9b01dadd36f6_stage08_b06_formal_86740000/operator_dtype_evidence_stft_fft_thrust_20260810T085809Z_9b01dadd36f6_stage08_b06_formal_86740000.csv","20260810T085809Z_9b01dadd36f6_stage08_b06_formal_86740000","stft__stft_fp32_10e2__28a935388464703d","stft","FP32",,"actual_typed_array_input_fp32_stft_extension","1","x:FP32:[100]:bytes=400:sha256=25f3b0724d2438b12b1471d3bf177e607d73a2dc685898d9391cbdde82658ca3",,"[{""dtype"":""FP32"",""element_count"":""100"",""generator"":""spectral_modular_plus_periodic_offset(seed=86410001,integral=false)"",""input_name"":""x"",""preview_head4_tail2"":""i=0:0.5;i=1:-0.71875;i=2:0.8125;i=3:-0.40625;i=98:-0.78125;i=99:0.75"",""shape"":""[100]""}]","{""boundary"":""zeros"",""count"":""100"",""detrend"":""none"",""dtype"":""FP32"",""fs"":""100"",""nfft"":""32"",""noverlap"":""10"",""nperseg"":""20"",""onesided"":""true"",""padded"":""true"",""seed"":""86410001""}","28a935388464703ded993ce9ab79f56797d3de9303e61744f6e6e98a83fa1582","ComplexFP32",,"ComplexFP32","ComplexFP32",,,,,,,,"PASS","OK"
"stage08","stage08_input_preview_b06_stft_9b01dadd36f6","formal","dtype_and_input_contract","runs/stage08_input_preview_b06_stft_9b01dadd36f6/formal/20260810T085809Z_9b01dadd36f6_stage08_b06_formal_86740001/operator_dtype_evidence_stft_fft_thrust_20260810T085809Z_9b01dadd36f6_stage08_b06_formal_86740001.csv","20260810T085809Z_9b01dadd36f6_stage08_b06_formal_86740001","stft__stft_fp32_10e3__e995618aa1a302a1","stft","FP32",,"actual_typed_array_input_fp32_stft_extension","1","x:FP32:[1024]:bytes=4096:sha256=17e49c5f34a71dd855f6dcf32591d1e42f2225c075384bfac3b64a486169d8c9",,"[{""dtype"":""FP32"",""element_count"":""1024"",""generator"":""spectral_modular_plus_periodic_offset(seed=86410002,integral=false)"",""input_name"":""x"",""preview_head4_tail2"":""i=0:0.75;i=1:-0.46875;i=2:1.0625;i=3:-0.15625;i=1022:-0.5;i=1023:1.03125"",""shape"":""[1024]""}]","{""boundary"":""None"",""count"":""1024"",""detrend"":""constant"",""dtype"":""FP32"",""fs"":""256"",""nfft"":""64"",""noverlap"":""32"",""nperseg"":""64"",""onesided"":""false"",""padded"":""false"",""seed"":""86410002""}","e995618aa1a302a1e6d4be1193099d2d4eb6ad541a118c4ad10b3c9d790b9129","ComplexFP32",,"ComplexFP32","ComplexFP32",,,,,,,,"PASS","OK"
"stage08","stage08_input_preview_b06_stft_9b01dadd36f6","formal","dtype_and_input_contract","runs/stage08_input_preview_b06_stft_9b01dadd36f6/formal/20260810T085811Z_9b01dadd36f6_stage08_b06_formal_86740002/operator_dtype_evidence_stft_fft_thrust_20260810T085811Z_9b01dadd36f6_stage08_b06_formal_86740002.csv","20260810T085811Z_9b01dadd36f6_stage08_b06_formal_86740002","stft__stft_fp32_10e4__f4914ad2d52cd01a","stft","FP32",,"actual_typed_array_input_fp32_stft_extension","1","x:FP32:[10000]:bytes=40000:sha256=40b18eeeb2672eb199fff759c618d2763a80a84ae92397881fa7e52c13fe71a6",,"[{""dtype"":""FP32"",""element_count"":""10000"",""generator"":""spectral_modular_plus_periodic_offset(seed=86410003,integral=false)"",""input_name"":""x"",""preview_head4_tail2"":""i=0:1;i=1:-0.21875;i=2:1.3125;i=3:0.09375;i=9998:-0.46875;i=9999:1.0625"",""shape"":""[10000]""}]","{""boundary"":""even"",""count"":""10000"",""detrend"":""none"",""dtype"":""FP32"",""fs"":""1000"",""nfft"":""128"",""noverlap"":""96"",""nperseg"":""128"",""onesided"":""true"",""padded"":""true"",""seed"":""86410003""}","f4914ad2d52cd01a90bdc5bce74169b6b0fcb981532d9fd19ac85a9d6c8afe61","ComplexFP32",,"ComplexFP32","ComplexFP32",,,,,,,,"PASS","OK"
"stage08","stage08_input_preview_b06_stft_9b01dadd36f6","formal","dtype_and_input_contract","runs/stage08_input_preview_b06_stft_9b01dadd36f6/formal/20260810T085826Z_9b01dadd36f6_stage08_b06_formal_86740003/operator_dtype_evidence_stft_fft_thrust_20260810T085826Z_9b01dadd36f6_stage08_b06_formal_86740003.csv","20260810T085826Z_9b01dadd36f6_stage08_b06_formal_86740003","stft__stft_fp16_10e2__93781e2d3511b914","stft","FP16",,"actual_typed_array_input_fp32_stft_extension","1","x:FP16:[100]:bytes=200:sha256=ce1eea35eb0ce6c4af3723ed0a45ab5ee2f8bb5c7e79b1a5cc595cba9f3297fe",,"[{""dtype"":""FP16"",""element_count"":""100"",""generator"":""spectral_modular_plus_periodic_offset(seed=86420001,integral=false)"",""input_name"":""x"",""preview_head4_tail2"":""i=0:0.75;i=1:-0.46875;i=2:1.0625;i=3:-0.15625;i=98:-0.53125;i=99:1"",""shape"":""[100]""}]","{""boundary"":""zeros"",""count"":""100"",""detrend"":""none"",""dtype"":""FP16"",""fs"":""100"",""nfft"":""32"",""noverlap"":""10"",""nperseg"":""20"",""onesided"":""true"",""padded"":""true"",""seed"":""86420001""}","93781e2d3511b914f4c1b0249cb644624097ab96fa6735b1ca2215f502886c48","ComplexFP32",,"ComplexFP32","ComplexFP32",,,,,,,,"PASS","OK"
"stage08","stage08_input_preview_b06_stft_9b01dadd36f6","formal","dtype_and_input_contract","runs/stage08_input_preview_b06_stft_9b01dadd36f6/formal/20260810T085826Z_9b01dadd36f6_stage08_b06_formal_86740004/operator_dtype_evidence_stft_fft_thrust_20260810T085826Z_9b01dadd36f6_stage08_b06_formal_86740004.csv","20260810T085826Z_9b01dadd36f6_stage08_b06_formal_86740004","stft__stft_fp16_10e3__bab25124a580f883","stft","FP16",,"actual_typed_array_input_fp32_stft_extension","1","x:FP16:[1024]:bytes=2048:sha256=fe8d48c7a61e0e48011963eb26d84384a904df32ce30827d908fe163d2553d60",,"[{""dtype"":""FP16"",""element_count"":""1024"",""generator"":""spectral_modular_plus_periodic_offset(seed=86420002,integral=false)"",""input_name"":""x"",""preview_head4_tail2"":""i=0:1;i=1:-0.21875;i=2:1.3125;i=3:0.09375;i=1022:-0.25;i=1023:1.28125"",""shape"":""[1024]""}]","{""boundary"":""None"",""count"":""1024"",""detrend"":""constant"",""dtype"":""FP16"",""fs"":""256"",""nfft"":""64"",""noverlap"":""32"",""nperseg"":""64"",""onesided"":""false"",""padded"":""false"",""seed"":""86420002""}","bab25124a580f8833de9709362ad0c7dfb47e2c713a3ce9a7af447010e4b924f","ComplexFP32",,"ComplexFP32","ComplexFP32",,,,,,,,"PASS","OK"
"stage08","stage08_input_preview_b06_stft_9b01dadd36f6","formal","dtype_and_input_contract","runs/stage08_input_preview_b06_stft_9b01dadd36f6/formal/20260810T085828Z_9b01dadd36f6_stage08_b06_formal_86740005/operator_dtype_evidence_stft_fft_thrust_20260810T085828Z_9b01dadd36f6_stage08_b06_formal_86740005.csv","20260810T085828Z_9b01dadd36f6_stage08_b06_formal_86740005","stft__stft_fp16_10e4__051e545a15553aa9","stft","FP16",,"actual_typed_array_input_fp32_stft_extension","1","x:FP16:[10000]:bytes=20000:sha256=35d2f1ce27775eb0ee3f194e67b4e43eb9268e02c3f627fc068bbe036c1022f0",,"[{""dtype"":""FP16"",""element_count"":""10000"",""generator"":""spectral_modular_plus_periodic_offset(seed=86420003,integral=false)"",""input_name"":""x"",""preview_head4_tail2"":""i=0:1.25;i=1:0.03125;i=2:-1.1875;i=3:0.34375;i=9998:-0.21875;i=9999:1.3125"",""shape"":""[10000]""}]","{""boundary"":""even"",""count"":""10000"",""detrend"":""none"",""dtype"":""FP16"",""fs"":""1000"",""nfft"":""128"",""noverlap"":""96"",""nperseg"":""128"",""onesided"":""true"",""padded"":""true"",""seed"":""86420003""}","051e545a15553aa941c394dbf3735cc3be7c70aa62ae1a1b52acac60c5720d8e","ComplexFP32",,"ComplexFP32","ComplexFP32",,,,,,,,"PASS","OK"
"stage08","stage08_input_preview_b06_stft_9b01dadd36f6","formal","dtype_and_input_contract","runs/stage08_input_preview_b06_stft_9b01dadd36f6/formal/20260810T085853Z_9b01dadd36f6_stage08_b06_formal_86740006/operator_dtype_evidence_stft_fft_thrust_20260810T085853Z_9b01dadd36f6_stage08_b06_formal_86740006.csv","20260810T085853Z_9b01dadd36f6_stage08_b06_formal_86740006","stft__stft_int32_10e2__11ae982c727f172b","stft","INT32",,"actual_typed_array_input_fp32_stft_extension","1","x:INT32:[100]:bytes=400:sha256=e3b89f79124bddbca71405b09acdbe02873bc9cdcbac25b40bbe7da04c422b4a",,"[{""dtype"":""INT32"",""element_count"":""100"",""generator"":""spectral_modular_plus_periodic_offset(seed=86430001,integral=true)"",""input_name"":""x"",""preview_head4_tail2"":""i=0:4;i=1:-1;i=2:5;i=3:0;i=98:-2;i=99:4"",""shape"":""[100]""}]","{""boundary"":""zeros"",""count"":""100"",""detrend"":""none"",""dtype"":""INT32"",""fs"":""100"",""nfft"":""32"",""noverlap"":""10"",""nperseg"":""20"",""onesided"":""true"",""padded"":""true"",""seed"":""86430001""}","11ae982c727f172bbd9a29fc87dda1e11dcd8d9877d784cb240342ffe93ec40c","ComplexFP32",,"ComplexFP32","ComplexFP64",,,,,,,,"PASS","OK"
"stage08","stage08_input_preview_b06_stft_9b01dadd36f6","formal","dtype_and_input_contract","runs/stage08_input_preview_b06_stft_9b01dadd36f6/formal/20260810T085853Z_9b01dadd36f6_stage08_b06_formal_86740007/operator_dtype_evidence_stft_fft_thrust_20260810T085853Z_9b01dadd36f6_stage08_b06_formal_86740007.csv","20260810T085853Z_9b01dadd36f6_stage08_b06_formal_86740007","stft__stft_int32_10e3__7eac2b389070f12d","stft","INT32",,"actual_typed_array_input_fp32_stft_extension","1","x:INT32:[1024]:bytes=4096:sha256=b9fcc7127bc896189cc2f8ff7c1ee3dda66d9cbb979dbcc971f436895b84450f",,"[{""dtype"":""INT32"",""element_count"":""1024"",""generator"":""spectral_modular_plus_periodic_offset(seed=86430002,integral=true)"",""input_name"":""x"",""preview_head4_tail2"":""i=0:5;i=1:0;i=2:-5;i=3:1;i=1022:-1;i=1023:5"",""shape"":""[1024]""}]","{""boundary"":""None"",""count"":""1024"",""detrend"":""constant"",""dtype"":""INT32"",""fs"":""256"",""nfft"":""64"",""noverlap"":""32"",""nperseg"":""64"",""onesided"":""false"",""padded"":""false"",""seed"":""86430002""}","7eac2b389070f12d49c3cc0a35450cc50df088567ed575b9f9b273f85f320f81","ComplexFP32",,"ComplexFP32","ComplexFP64",,,,,,,,"PASS","OK"
"stage08","stage08_input_preview_b06_stft_9b01dadd36f6","formal","dtype_and_input_contract","runs/stage08_input_preview_b06_stft_9b01dadd36f6/formal/20260810T085854Z_9b01dadd36f6_stage08_b06_formal_86740008/operator_dtype_evidence_stft_fft_thrust_20260810T085854Z_9b01dadd36f6_stage08_b06_formal_86740008.csv","20260810T085854Z_9b01dadd36f6_stage08_b06_formal_86740008","stft__stft_int32_10e4__e9ae2e857e0d1b4c","stft","INT32",,"actual_typed_array_input_fp32_stft_extension","1","x:INT32:[10000]:bytes=40000:sha256=d84531aae2508601f1fb3de6ee47a1aacf615748df65a34817fe0c4adc609836",,"[{""dtype"":""INT32"",""element_count"":""10000"",""generator"":""spectral_modular_plus_periodic_offset(seed=86430003,integral=true)"",""input_name"":""x"",""preview_head4_tail2"":""i=0:-5;i=1:1;i=2:-4;i=3:2;i=9998:0;i=9999:-5"",""shape"":""[10000]""}]","{""boundary"":""even"",""count"":""10000"",""detrend"":""none"",""dtype"":""INT32"",""fs"":""1000"",""nfft"":""128"",""noverlap"":""96"",""nperseg"":""128"",""onesided"":""true"",""padded"":""true"",""seed"":""86430003""}","e9ae2e857e0d1b4c04806f6cc440241440d4644fdf7b79f3534d35883c7816af","ComplexFP32",,"ComplexFP32","ComplexFP64",,,,,,,,"PASS","OK"
"stage08","stage08_input_preview_b06_stft_9b01dadd36f6","formal","dtype_and_input_contract","runs/stage08_input_preview_b06_stft_9b01dadd36f6/formal/20260810T085909Z_9b01dadd36f6_stage08_b06_formal_86740009/operator_dtype_evidence_stft_fft_thrust_20260810T085909Z_9b01dadd36f6_stage08_b06_formal_86740009.csv","20260810T085909Z_9b01dadd36f6_stage08_b06_formal_86740009","stft__stft_int16_10e2__e95b4ce8debc136b","stft","INT16",,"actual_typed_array_input_fp32_stft_extension","1","x:INT16:[100]:bytes=200:sha256=803c75ce16c939b2fd645c03fabd5d91c38ea3676b6a5901efcb715cc573805f",,"[{""dtype"":""INT16"",""element_count"":""100"",""generator"":""spectral_modular_plus_periodic_offset(seed=86440001,integral=true)"",""input_name"":""x"",""preview_head4_tail2"":""i=0:5;i=1:0;i=2:-5;i=3:1;i=98:-1;i=99:5"",""shape"":""[100]""}]","{""boundary"":""zeros"",""count"":""100"",""detrend"":""none"",""dtype"":""INT16"",""fs"":""100"",""nfft"":""32"",""noverlap"":""10"",""nperseg"":""20"",""onesided"":""true"",""padded"":""true"",""seed"":""86440001""}","e95b4ce8debc136b6716527bd85cc8e1c47464e4bb8011d7ca13c5a1d5fdf869","ComplexFP32",,"ComplexFP32","ComplexFP32",,,,,,,,"PASS","OK"
"stage08","stage08_input_preview_b06_stft_9b01dadd36f6","formal","dtype_and_input_contract","runs/stage08_input_preview_b06_stft_9b01dadd36f6/formal/20260810T085909Z_9b01dadd36f6_stage08_b06_formal_8674000a/operator_dtype_evidence_stft_fft_thrust_20260810T085909Z_9b01dadd36f6_stage08_b06_formal_8674000a.csv","20260810T085909Z_9b01dadd36f6_stage08_b06_formal_8674000a","stft__stft_int16_10e3__4f7b076dabaa5e33","stft","INT16",,"actual_typed_array_input_fp32_stft_extension","1","x:INT16:[1024]:bytes=2048:sha256=36d78dac17a424229585642d77bc4844f4a0f48f2d9d8e4653a351c48f741ca1",,"[{""dtype"":""INT16"",""element_count"":""1024"",""generator"":""spectral_modular_plus_periodic_offset(seed=86440002,integral=true)"",""input_name"":""x"",""preview_head4_tail2"":""i=0:-5;i=1:1;i=2:-4;i=3:2;i=1022:0;i=1023:-5"",""shape"":""[1024]""}]","{""boundary"":""None"",""count"":""1024"",""detrend"":""constant"",""dtype"":""INT16"",""fs"":""256"",""nfft"":""64"",""noverlap"":""32"",""nperseg"":""64"",""onesided"":""false"",""padded"":""false"",""seed"":""86440002""}","4f7b076dabaa5e331230186b8cc8b15e952e90b64b5ebc0c36ec74a8c10f3c97","ComplexFP32",,"ComplexFP32","ComplexFP32",,,,,,,,"PASS","OK"
"stage08","stage08_input_preview_b06_stft_9b01dadd36f6","formal","dtype_and_input_contract","runs/stage08_input_preview_b06_stft_9b01dadd36f6/formal/20260810T085911Z_9b01dadd36f6_stage08_b06_formal_8674000b/operator_dtype_evidence_stft_fft_thrust_20260810T085911Z_9b01dadd36f6_stage08_b06_formal_8674000b.csv","20260810T085911Z_9b01dadd36f6_stage08_b06_formal_8674000b","stft__stft_int16_10e4__adadf39db3c52ac8","stft","INT16",,"actual_typed_array_input_fp32_stft_extension","1","x:INT16:[10000]:bytes=20000:sha256=cd46a05a2e537deaecf828edc6cf359ad2f72d8766b9c7137517798ec1d1bb46",,"[{""dtype"":""INT16"",""element_count"":""10000"",""generator"":""spectral_modular_plus_periodic_offset(seed=86440003,integral=true)"",""input_name"":""x"",""preview_head4_tail2"":""i=0:-4;i=1:2;i=2:-3;i=3:3;i=9998:1;i=9999:-4"",""shape"":""[10000]""}]","{""boundary"":""even"",""count"":""10000"",""detrend"":""none"",""dtype"":""INT16"",""fs"":""1000"",""nfft"":""128"",""noverlap"":""96"",""nperseg"":""128"",""onesided"":""true"",""padded"":""true"",""seed"":""86440003""}","adadf39db3c52ac86ac6e851f35b457d580e2f018eb7251580ad326dfe040bb4","ComplexFP32",,"ComplexFP32","ComplexFP32",,,,,,,,"PASS","OK"
"stage08","stage08_input_preview_b06_stft_9b01dadd36f6","formal","dtype_and_input_contract","runs/stage08_input_preview_b06_stft_9b01dadd36f6/formal/20260810T085926Z_9b01dadd36f6_stage08_b06_formal_8674000c/operator_dtype_evidence_stft_fft_thrust_20260810T085926Z_9b01dadd36f6_stage08_b06_formal_8674000c.csv","20260810T085926Z_9b01dadd36f6_stage08_b06_formal_8674000c","stft__stft_int8_10e2__118bfa02ae489953","stft","INT8",,"actual_typed_array_input_fp32_stft_extension","1","x:INT8:[100]:bytes=100:sha256=26bfcc68b6e0802c2c42697976b679b8346ebf8ee2f6595695cd496b9fdd7175",,"[{""dtype"":""INT8"",""element_count"":""100"",""generator"":""spectral_modular_plus_periodic_offset(seed=86450001,integral=true)"",""input_name"":""x"",""preview_head4_tail2"":""i=0:-5;i=1:1;i=2:-4;i=3:2;i=98:0;i=99:-5"",""shape"":""[100]""}]","{""boundary"":""zeros"",""count"":""100"",""detrend"":""none"",""dtype"":""INT8"",""fs"":""100"",""nfft"":""32"",""noverlap"":""10"",""nperseg"":""20"",""onesided"":""true"",""padded"":""true"",""seed"":""86450001""}","118bfa02ae4899534542898bdbaf43620c3f0d935dba6a17bf608befd3edf30b","ComplexFP32",,"ComplexFP32","ComplexFP32",,,,,,,,"PASS","OK"
"stage08","stage08_input_preview_b06_stft_9b01dadd36f6","formal","dtype_and_input_contract","runs/stage08_input_preview_b06_stft_9b01dadd36f6/formal/20260810T085926Z_9b01dadd36f6_stage08_b06_formal_8674000d/operator_dtype_evidence_stft_fft_thrust_20260810T085926Z_9b01dadd36f6_stage08_b06_formal_8674000d.csv","20260810T085926Z_9b01dadd36f6_stage08_b06_formal_8674000d","stft__stft_int8_10e3__67eb7fe611b85c6d","stft","INT8",,"actual_typed_array_input_fp32_stft_extension","1","x:INT8:[1024]:bytes=1024:sha256=48fa0d227b93749089621ddf4c91c07b63347be06b78b4a4b54123cec078bff2",,"[{""dtype"":""INT8"",""element_count"":""1024"",""generator"":""spectral_modular_plus_periodic_offset(seed=86450002,integral=true)"",""input_name"":""x"",""preview_head4_tail2"":""i=0:-4;i=1:2;i=2:-3;i=3:3;i=1022:1;i=1023:-4"",""shape"":""[1024]""}]","{""boundary"":""None"",""count"":""1024"",""detrend"":""constant"",""dtype"":""INT8"",""fs"":""256"",""nfft"":""64"",""noverlap"":""32"",""nperseg"":""64"",""onesided"":""false"",""padded"":""false"",""seed"":""86450002""}","67eb7fe611b85c6da700ffa20325e948275ac2cf8837eff16b0f17813b0a1ea3","ComplexFP32",,"ComplexFP32","ComplexFP32",,,,,,,,"PASS","OK"
"stage08","stage08_input_preview_b06_stft_9b01dadd36f6","formal","dtype_and_input_contract","runs/stage08_input_preview_b06_stft_9b01dadd36f6/formal/20260810T085927Z_9b01dadd36f6_stage08_b06_formal_8674000e/operator_dtype_evidence_stft_fft_thrust_20260810T085927Z_9b01dadd36f6_stage08_b06_formal_8674000e.csv","20260810T085927Z_9b01dadd36f6_stage08_b06_formal_8674000e","stft__stft_int8_10e4__1b9051d8d79c6c75","stft","INT8",,"actual_typed_array_input_fp32_stft_extension","1","x:INT8:[10000]:bytes=10000:sha256=a42896049e98ee5f447c3c0f53e9d8716a537dad209b97a352d616152a4f65be",,"[{""dtype"":""INT8"",""element_count"":""10000"",""generator"":""spectral_modular_plus_periodic_offset(seed=86450003,integral=true)"",""input_name"":""x"",""preview_head4_tail2"":""i=0:-3;i=1:3;i=2:-2;i=3:4;i=9998:2;i=9999:-3"",""shape"":""[10000]""}]","{""boundary"":""even"",""count"":""10000"",""detrend"":""none"",""dtype"":""INT8"",""fs"":""1000"",""nfft"":""128"",""noverlap"":""96"",""nperseg"":""128"",""onesided"":""true"",""padded"":""true"",""seed"":""86450003""}","1b9051d8d79c6c7569cbd9ed4b17a5ee505dc4c239f173500a23a07357c70352","ComplexFP32",,"ComplexFP32","ComplexFP32",,,,,,,,"PASS","OK"
"stage08","stage08_input_preview_b06_vectorstrength_9b01dadd36f6","formal","dtype_and_input_contract","runs/stage08_input_preview_b06_vectorstrength_9b01dadd36f6/formal/20260810T085958Z_9b01dadd36f6_stage08_b06_formal_86750000/operator_dtype_evidence_vectorstrength_not_applicable_20260810T085958Z_9b01dadd36f6_stage08_b06_formal_86750000.csv","20260810T085958Z_9b01dadd36f6_stage08_b06_formal_86750000","vectorstrength__vectorstrength_fp32_10e2__0334aec58df9f9e1","vectorstrength","FP32",,"actual_typed_events_and_scalar_or_array_period_fp32_compute_fp64_pair_extension","2","events:FP32:[100]:bytes=400:sha256=910f2b22a505b5d456db210c1c536c9484e428a652a04e9b3e8f7bfb1e554345|period:FP32:scalar:bytes=4:sha256=9a8208635e00348ab64aac2b759e76391fd47089e9a749bbcec770d9eb5c6421",,"[{""dtype"":""FP32"",""element_count"":""100"",""generator"":""deterministic_events(seed=86510001,integral=false)"",""input_name"":""events"",""preview_head4_tail2"":""i=0:0;i=1:0.132812;i=2:0.265625;i=3:0.398438;i=98:12.25;i=99:12.3828"",""shape"":""[100]""},{""dtype"":""FP32"",""element_count"":""1"",""generator"":""deterministic_period_grid(integral=false)"",""input_name"":""period"",""preview_head4_tail2"":""i=0:0.75"",""shape"":""scalar""}]","{""dtype"":""FP32"",""events"":""100"",""period-mode"":""scalar"",""periods"":""1"",""seed"":""86510001""}","0334aec58df9f9e19eea8363cdc9790e85b52a7f828d869d834e83344a6ca58c","FP32",,"not_applicable","FP64_pair",,,,,,,,"PASS","OK"
"stage08","stage08_input_preview_b06_vectorstrength_9b01dadd36f6","formal","dtype_and_input_contract","runs/stage08_input_preview_b06_vectorstrength_9b01dadd36f6/formal/20260810T085958Z_9b01dadd36f6_stage08_b06_formal_86750001/operator_dtype_evidence_vectorstrength_not_applicable_20260810T085958Z_9b01dadd36f6_stage08_b06_formal_86750001.csv","20260810T085958Z_9b01dadd36f6_stage08_b06_formal_86750001","vectorstrength__vectorstrength_fp32_10e3__663c8af37c69b3c3","vectorstrength","FP32",,"actual_typed_events_and_scalar_or_array_period_fp32_compute_fp64_pair_extension","2","events:FP32:[64]:bytes=256:sha256=0ddbad3a7bfc4ab6565789d0bced1fbf44d92d7e28cf8681b7201cc3d4238f8a|periods:FP32:[16]:bytes=64:sha256=7a488d3d151abbc737b815a6f96ca04cb6fe9471c1ec027df16b8822e5aefda0",,"[{""dtype"":""FP32"",""element_count"":""64"",""generator"":""deterministic_events(seed=86510002,integral=false)"",""input_name"":""events"",""preview_head4_tail2"":""i=0:0;i=1:0.132812;i=2:0.265625;i=3:0.398438;i=62:7.79688;i=63:7.875"",""shape"":""[64]""},{""dtype"":""FP32"",""element_count"":""16"",""generator"":""deterministic_period_grid(integral=false)"",""input_name"":""periods"",""preview_head4_tail2"":""i=0:0.75;i=1:1;i=2:1.25;i=3:1.5;i=14:4.25;i=15:4.5"",""shape"":""[16]""}]","{""dtype"":""FP32"",""events"":""64"",""period-mode"":""array"",""periods"":""16"",""seed"":""86510002""}","663c8af37c69b3c31d6283e77738739f303a86d25b94b59f5c8527424f2c835a","FP32",,"not_applicable","FP64_pair",,,,,,,,"PASS","OK"
"stage08","stage08_input_preview_b06_vectorstrength_9b01dadd36f6","formal","dtype_and_input_contract","runs/stage08_input_preview_b06_vectorstrength_9b01dadd36f6/formal/20260810T085959Z_9b01dadd36f6_stage08_b06_formal_86750002/operator_dtype_evidence_vectorstrength_not_applicable_20260810T085959Z_9b01dadd36f6_stage08_b06_formal_86750002.csv","20260810T085959Z_9b01dadd36f6_stage08_b06_formal_86750002","vectorstrength__vectorstrength_fp32_10e4__c27567c5a14a2678","vectorstrength","FP32",,"actual_typed_events_and_scalar_or_array_period_fp32_compute_fp64_pair_extension","2","events:FP32:[257]:bytes=1028:sha256=b36a94fcb6e3ec702ff6aa0ecfbcdb2cb8b4d369cb5c15dda39d7376eece225f|periods:FP32:[40]:bytes=160:sha256=a8b87e238503fa8837f0a03856911efb13ad178b65e9e560a565e80b2d316379",,"[{""dtype"":""FP32"",""element_count"":""257"",""generator"":""deterministic_events(seed=86510003,integral=false)"",""input_name"":""events"",""preview_head4_tail2"":""i=0:0;i=1:0.132812;i=2:0.265625;i=3:0.398438;i=255:31.8984;i=256:32.0312"",""shape"":""[257]""},{""dtype"":""FP32"",""element_count"":""40"",""generator"":""deterministic_period_grid(integral=false)"",""input_name"":""periods"",""preview_head4_tail2"":""i=0:0.75;i=1:1;i=2:1.25;i=3:1.5;i=38:10.25;i=39:10.5"",""shape"":""[40]""}]","{""dtype"":""FP32"",""events"":""257"",""period-mode"":""array"",""periods"":""40"",""seed"":""86510003""}","c27567c5a14a26784f6174fd06e20ae46f4d3506a1621ef2b65f35a2b2cbbeaa","FP32",,"not_applicable","FP64_pair",,,,,,,,"PASS","OK"
"stage08","stage08_input_preview_b06_vectorstrength_9b01dadd36f6","formal","dtype_and_input_contract","runs/stage08_input_preview_b06_vectorstrength_9b01dadd36f6/formal/20260810T085959Z_9b01dadd36f6_stage08_b06_formal_86750003/operator_dtype_evidence_vectorstrength_not_applicable_20260810T085959Z_9b01dadd36f6_stage08_b06_formal_86750003.csv","20260810T085959Z_9b01dadd36f6_stage08_b06_formal_86750003","vectorstrength__vectorstrength_fp16_10e2__56904f8a4a48ccfc","vectorstrength","FP16",,"actual_typed_events_and_scalar_or_array_period_fp32_compute_fp64_pair_extension","2","events:FP16:[100]:bytes=200:sha256=1080d877a85ea1a158c3e4230e2c894649a6bc139be9f195bc7f633e847f4c9e|period:FP16:scalar:bytes=2:sha256=1e3ecb32659377fbd1dfcf173c903f8bd855ad4af0de82a2942b047a50beb9c2",,"[{""dtype"":""FP16"",""element_count"":""100"",""generator"":""deterministic_events(seed=86520001,integral=false)"",""input_name"":""events"",""preview_head4_tail2"":""i=0:0;i=1:0.132812;i=2:0.265625;i=3:0.398438;i=98:12.25;i=99:12.3828"",""shape"":""[100]""},{""dtype"":""FP16"",""element_count"":""1"",""generator"":""deterministic_period_grid(integral=false)"",""input_name"":""period"",""preview_head4_tail2"":""i=0:0.75"",""shape"":""scalar""}]","{""dtype"":""FP16"",""events"":""100"",""period-mode"":""scalar"",""periods"":""1"",""seed"":""86520001""}","56904f8a4a48ccfc5619e0f0bb04e2573ea6ffdc6c675de00eb0eb3de77d75c3","FP32",,"not_applicable","FP64_pair",,,,,,,,"PASS","OK"
"stage08","stage08_input_preview_b06_vectorstrength_9b01dadd36f6","formal","dtype_and_input_contract","runs/stage08_input_preview_b06_vectorstrength_9b01dadd36f6/formal/20260810T085959Z_9b01dadd36f6_stage08_b06_formal_86750004/operator_dtype_evidence_vectorstrength_not_applicable_20260810T085959Z_9b01dadd36f6_stage08_b06_formal_86750004.csv","20260810T085959Z_9b01dadd36f6_stage08_b06_formal_86750004","vectorstrength__vectorstrength_fp16_10e3__ab09c5146d4d76a9","vectorstrength","FP16",,"actual_typed_events_and_scalar_or_array_period_fp32_compute_fp64_pair_extension","2","events:FP16:[64]:bytes=128:sha256=2649b8fb77d65299cfdaa652cc81955684d56374efbf42cd58a2154f2f25999b|periods:FP16:[16]:bytes=32:sha256=44a660f7caaf325f34375ff16327dea952afd70f0ba30a7c93355f6f01868e3f",,"[{""dtype"":""FP16"",""element_count"":""64"",""generator"":""deterministic_events(seed=86520002,integral=false)"",""input_name"":""events"",""preview_head4_tail2"":""i=0:0;i=1:0.132812;i=2:0.265625;i=3:0.398438;i=62:7.79688;i=63:7.875"",""shape"":""[64]""},{""dtype"":""FP16"",""element_count"":""16"",""generator"":""deterministic_period_grid(integral=false)"",""input_name"":""periods"",""preview_head4_tail2"":""i=0:0.75;i=1:1;i=2:1.25;i=3:1.5;i=14:4.25;i=15:4.5"",""shape"":""[16]""}]","{""dtype"":""FP16"",""events"":""64"",""period-mode"":""array"",""periods"":""16"",""seed"":""86520002""}","ab09c5146d4d76a9dcd3cc78290fc88712431a6f3dc9408214b4a01cee26d6c2","FP32",,"not_applicable","FP64_pair",,,,,,,,"PASS","OK"
"stage08","stage08_input_preview_b06_vectorstrength_9b01dadd36f6","formal","dtype_and_input_contract","runs/stage08_input_preview_b06_vectorstrength_9b01dadd36f6/formal/20260810T085959Z_9b01dadd36f6_stage08_b06_formal_86750005/operator_dtype_evidence_vectorstrength_not_applicable_20260810T085959Z_9b01dadd36f6_stage08_b06_formal_86750005.csv","20260810T085959Z_9b01dadd36f6_stage08_b06_formal_86750005","vectorstrength__vectorstrength_fp16_10e4__b6cea05fbb02b704","vectorstrength","FP16",,"actual_typed_events_and_scalar_or_array_period_fp32_compute_fp64_pair_extension","2","events:FP16:[257]:bytes=514:sha256=607b0d2914b0f44c581e3b73ce18bda0952c583bcfc373952db6936cff223b1e|periods:FP16:[40]:bytes=80:sha256=18b159fc35f0ec45637d0861b44b851487313794673844292dd5188b2b5a9e0e",,"[{""dtype"":""FP16"",""element_count"":""257"",""generator"":""deterministic_events(seed=86520003,integral=false)"",""input_name"":""events"",""preview_head4_tail2"":""i=0:0;i=1:0.132812;i=2:0.265625;i=3:0.398438;i=255:31.8984;i=256:32.0312"",""shape"":""[257]""},{""dtype"":""FP16"",""element_count"":""40"",""generator"":""deterministic_period_grid(integral=false)"",""input_name"":""periods"",""preview_head4_tail2"":""i=0:0.75;i=1:1;i=2:1.25;i=3:1.5;i=38:10.25;i=39:10.5"",""shape"":""[40]""}]","{""dtype"":""FP16"",""events"":""257"",""period-mode"":""array"",""periods"":""40"",""seed"":""86520003""}","b6cea05fbb02b70410fc558159e29f435cd50d413a96da3de9d49b9173c050c8","FP32",,"not_applicable","FP64_pair",,,,,,,,"PASS","OK"
"stage08","stage08_input_preview_b06_vectorstrength_9b01dadd36f6","formal","dtype_and_input_contract","runs/stage08_input_preview_b06_vectorstrength_9b01dadd36f6/formal/20260810T085959Z_9b01dadd36f6_stage08_b06_formal_86750006/operator_dtype_evidence_vectorstrength_not_applicable_20260810T085959Z_9b01dadd36f6_stage08_b06_formal_86750006.csv","20260810T085959Z_9b01dadd36f6_stage08_b06_formal_86750006","vectorstrength__vectorstrength_int32_10e2__14e16690ec5af468","vectorstrength","INT32",,"actual_typed_events_and_scalar_or_array_period_fp32_compute_fp64_pair_extension","2","events:INT32:[100]:bytes=400:sha256=260000c5326429b52b72d3e7b09af8850e5390d5f4933369bc8f3bb00b1b68f0|period:INT32:scalar:bytes=4:sha256=9d9f290527a6be626a8f5985b26e19b237b44872b03631811df4416fc1713178",,"[{""dtype"":""INT32"",""element_count"":""100"",""generator"":""deterministic_events(seed=86530001,integral=true)"",""input_name"":""events"",""preview_head4_tail2"":""i=0:1;i=1:4;i=2:7;i=3:10;i=98:6;i=99:9"",""shape"":""[100]""},{""dtype"":""INT32"",""element_count"":""1"",""generator"":""deterministic_period_grid(integral=true)"",""input_name"":""period"",""preview_head4_tail2"":""i=0:3"",""shape"":""scalar""}]","{""dtype"":""INT32"",""events"":""100"",""period-mode"":""scalar"",""periods"":""1"",""seed"":""86530001""}","14e16690ec5af468868fb05fe33104428b820909fc47ff889db2f049cee31d7c","FP32",,"not_applicable","FP64_pair",,,,,,,,"PASS","OK"
"stage08","stage08_input_preview_b06_vectorstrength_9b01dadd36f6","formal","dtype_and_input_contract","runs/stage08_input_preview_b06_vectorstrength_9b01dadd36f6/formal/20260810T090000Z_9b01dadd36f6_stage08_b06_formal_86750007/operator_dtype_evidence_vectorstrength_not_applicable_20260810T090000Z_9b01dadd36f6_stage08_b06_formal_86750007.csv","20260810T090000Z_9b01dadd36f6_stage08_b06_formal_86750007","vectorstrength__vectorstrength_int32_10e3__84726f26fac1d7bb","vectorstrength","INT32",,"actual_typed_events_and_scalar_or_array_period_fp32_compute_fp64_pair_extension","2","events:INT32:[64]:bytes=256:sha256=6b8dab5e3ef68023623923389ba1458bee2c18ef687589b2c57b7cd9cfb6183c|periods:INT32:[16]:bytes=64:sha256=822b603a2fd410621ab42df58f129105595585dbe1bfedab593e66d0baa820c5",,"[{""dtype"":""INT32"",""element_count"":""64"",""generator"":""deterministic_events(seed=86530002,integral=true)"",""input_name"":""events"",""preview_head4_tail2"":""i=0:2;i=1:5;i=2:8;i=3:11;i=62:95;i=63:99"",""shape"":""[64]""},{""dtype"":""INT32"",""element_count"":""16"",""generator"":""deterministic_period_grid(integral=true)"",""input_name"":""periods"",""preview_head4_tail2"":""i=0:3;i=1:4;i=2:5;i=3:6;i=14:17;i=15:18"",""shape"":""[16]""}]","{""dtype"":""INT32"",""events"":""64"",""period-mode"":""array"",""periods"":""16"",""seed"":""86530002""}","84726f26fac1d7bb8f5aa316592ac18367277843e008418ebe6ad4ecc5888790","FP32",,"not_applicable","FP64_pair",,,,,,,,"PASS","OK"
"stage08","stage08_input_preview_b06_vectorstrength_9b01dadd36f6","formal","dtype_and_input_contract","runs/stage08_input_preview_b06_vectorstrength_9b01dadd36f6/formal/20260810T090000Z_9b01dadd36f6_stage08_b06_formal_86750008/operator_dtype_evidence_vectorstrength_not_applicable_20260810T090000Z_9b01dadd36f6_stage08_b06_formal_86750008.csv","20260810T090000Z_9b01dadd36f6_stage08_b06_formal_86750008","vectorstrength__vectorstrength_int32_10e4__61ba97767fb74e69","vectorstrength","INT32",,"actual_typed_events_and_scalar_or_array_period_fp32_compute_fp64_pair_extension","2","events:INT32:[257]:bytes=1028:sha256=6d76585dbd743a985add80b70c9de3d5ac96771d929b37a5ef5ab4194da4220c|periods:INT32:[40]:bytes=160:sha256=834ccd1ca8d26e2220314045138dcf8bd36148b18fc3863ea963287ea54975be",,"[{""dtype"":""INT32"",""element_count"":""257"",""generator"":""deterministic_events(seed=86530003,integral=true)"",""input_name"":""events"",""preview_head4_tail2"":""i=0:3;i=1:6;i=2:9;i=3:12;i=255:97;i=256:100"",""shape"":""[257]""},{""dtype"":""INT32"",""element_count"":""40"",""generator"":""deterministic_period_grid(integral=true)"",""input_name"":""periods"",""preview_head4_tail2"":""i=0:3;i=1:4;i=2:5;i=3:6;i=38:41;i=39:42"",""shape"":""[40]""}]","{""dtype"":""INT32"",""events"":""257"",""period-mode"":""array"",""periods"":""40"",""seed"":""86530003""}","61ba97767fb74e69673bcc3d0c41391650a9becd8717fd03e6ef994e7180dba9","FP32",,"not_applicable","FP64_pair",,,,,,,,"PASS","OK"
"stage08","stage08_input_preview_b06_vectorstrength_9b01dadd36f6","formal","dtype_and_input_contract","runs/stage08_input_preview_b06_vectorstrength_9b01dadd36f6/formal/20260810T090000Z_9b01dadd36f6_stage08_b06_formal_86750009/operator_dtype_evidence_vectorstrength_not_applicable_20260810T090000Z_9b01dadd36f6_stage08_b06_formal_86750009.csv","20260810T090000Z_9b01dadd36f6_stage08_b06_formal_86750009","vectorstrength__vectorstrength_int16_10e2__c52013ce2e37b280","vectorstrength","INT16",,"actual_typed_events_and_scalar_or_array_period_fp32_compute_fp64_pair_extension","2","events:INT16:[100]:bytes=200:sha256=9a2c4d4840ab52fe2e2e0337b263b7bd2d1a120b6fb3543a2430a4283929248b|period:INT16:scalar:bytes=2:sha256=9b4fb24edd6d1d8830e272398263cdbf026b97392cc35387b991dc0248a628f9",,"[{""dtype"":""INT16"",""element_count"":""100"",""generator"":""deterministic_events(seed=86540001,integral=true)"",""input_name"":""events"",""preview_head4_tail2"":""i=0:1;i=1:4;i=2:7;i=3:10;i=98:6;i=99:9"",""shape"":""[100]""},{""dtype"":""INT16"",""element_count"":""1"",""generator"":""deterministic_period_grid(integral=true)"",""input_name"":""period"",""preview_head4_tail2"":""i=0:3"",""shape"":""scalar""}]","{""dtype"":""INT16"",""events"":""100"",""period-mode"":""scalar"",""periods"":""1"",""seed"":""86540001""}","c52013ce2e37b28068d25d48a0631a76ff1fee8b3a9533261764f85509d32a19","FP32",,"not_applicable","FP64_pair",,,,,,,,"PASS","OK"
"stage08","stage08_input_preview_b06_vectorstrength_9b01dadd36f6","formal","dtype_and_input_contract","runs/stage08_input_preview_b06_vectorstrength_9b01dadd36f6/formal/20260810T090000Z_9b01dadd36f6_stage08_b06_formal_8675000a/operator_dtype_evidence_vectorstrength_not_applicable_20260810T090000Z_9b01dadd36f6_stage08_b06_formal_8675000a.csv","20260810T090000Z_9b01dadd36f6_stage08_b06_formal_8675000a","vectorstrength__vectorstrength_int16_10e3__796689102a8ab8a6","vectorstrength","INT16",,"actual_typed_events_and_scalar_or_array_period_fp32_compute_fp64_pair_extension","2","events:INT16:[64]:bytes=128:sha256=ce43995c719be8cfecdf1b3a96df7b69094d4adba5cfb7f7b867405b40e16ba5|periods:INT16:[16]:bytes=32:sha256=e641a6b51ea4a8659977f41538d01f33f8e7ab2edcb432aa5485e3a0db451ca1",,"[{""dtype"":""INT16"",""element_count"":""64"",""generator"":""deterministic_events(seed=86540002,integral=true)"",""input_name"":""events"",""preview_head4_tail2"":""i=0:2;i=1:5;i=2:8;i=3:11;i=62:95;i=63:99"",""shape"":""[64]""},{""dtype"":""INT16"",""element_count"":""16"",""generator"":""deterministic_period_grid(integral=true)"",""input_name"":""periods"",""preview_head4_tail2"":""i=0:3;i=1:4;i=2:5;i=3:6;i=14:17;i=15:18"",""shape"":""[16]""}]","{""dtype"":""INT16"",""events"":""64"",""period-mode"":""array"",""periods"":""16"",""seed"":""86540002""}","796689102a8ab8a6e213a896bd82046282dacba5919e53795572cd7077336765","FP32",,"not_applicable","FP64_pair",,,,,,,,"PASS","OK"
"stage08","stage08_input_preview_b06_vectorstrength_9b01dadd36f6","formal","dtype_and_input_contract","runs/stage08_input_preview_b06_vectorstrength_9b01dadd36f6/formal/20260810T090000Z_9b01dadd36f6_stage08_b06_formal_8675000b/operator_dtype_evidence_vectorstrength_not_applicable_20260810T090000Z_9b01dadd36f6_stage08_b06_formal_8675000b.csv","20260810T090000Z_9b01dadd36f6_stage08_b06_formal_8675000b","vectorstrength__vectorstrength_int16_10e4__e149c1dd68a116f5","vectorstrength","INT16",,"actual_typed_events_and_scalar_or_array_period_fp32_compute_fp64_pair_extension","2","events:INT16:[257]:bytes=514:sha256=5d5929cb7ec70b67ed2d9d675a91b7644086a6dd41688ac354231e019926be7f|periods:INT16:[40]:bytes=80:sha256=9c2a53f1f3c7ce8c7dbbdb3e947ba1cd53d6776ace36930e76bf1ae58e0c8f47",,"[{""dtype"":""INT16"",""element_count"":""257"",""generator"":""deterministic_events(seed=86540003,integral=true)"",""input_name"":""events"",""preview_head4_tail2"":""i=0:3;i=1:6;i=2:9;i=3:12;i=255:97;i=256:100"",""shape"":""[257]""},{""dtype"":""INT16"",""element_count"":""40"",""generator"":""deterministic_period_grid(integral=true)"",""input_name"":""periods"",""preview_head4_tail2"":""i=0:3;i=1:4;i=2:5;i=3:6;i=38:41;i=39:42"",""shape"":""[40]""}]","{""dtype"":""INT16"",""events"":""257"",""period-mode"":""array"",""periods"":""40"",""seed"":""86540003""}","e149c1dd68a116f5d05d7afc3a4450731c59645ccfb0a81ffef67e950f02006f","FP32",,"not_applicable","FP64_pair",,,,,,,,"PASS","OK"
"stage08","stage08_input_preview_b06_vectorstrength_9b01dadd36f6","formal","dtype_and_input_contract","runs/stage08_input_preview_b06_vectorstrength_9b01dadd36f6/formal/20260810T090001Z_9b01dadd36f6_stage08_b06_formal_8675000c/operator_dtype_evidence_vectorstrength_not_applicable_20260810T090001Z_9b01dadd36f6_stage08_b06_formal_8675000c.csv","20260810T090001Z_9b01dadd36f6_stage08_b06_formal_8675000c","vectorstrength__vectorstrength_int8_10e2__6d60d0245af28928","vectorstrength","INT8",,"actual_typed_events_and_scalar_or_array_period_fp32_compute_fp64_pair_extension","2","events:INT8:[100]:bytes=100:sha256=fb198f8a1a12805ca770f12cb30087135d3ef9f51a32d517a36166b4f23e724d|period:INT8:scalar:bytes=1:sha256=084fed08b978af4d7d196a7446a86b58009e636b611db16211b65a9aadff29c5",,"[{""dtype"":""INT8"",""element_count"":""100"",""generator"":""deterministic_events(seed=86550001,integral=true)"",""input_name"":""events"",""preview_head4_tail2"":""i=0:1;i=1:4;i=2:7;i=3:10;i=98:6;i=99:9"",""shape"":""[100]""},{""dtype"":""INT8"",""element_count"":""1"",""generator"":""deterministic_period_grid(integral=true)"",""input_name"":""period"",""preview_head4_tail2"":""i=0:3"",""shape"":""scalar""}]","{""dtype"":""INT8"",""events"":""100"",""period-mode"":""scalar"",""periods"":""1"",""seed"":""86550001""}","6d60d0245af28928960259772afdb39950953b7c0c9b43568a012c9d880f2276","FP32",,"not_applicable","FP64_pair",,,,,,,,"PASS","OK"
"stage08","stage08_input_preview_b06_vectorstrength_9b01dadd36f6","formal","dtype_and_input_contract","runs/stage08_input_preview_b06_vectorstrength_9b01dadd36f6/formal/20260810T090001Z_9b01dadd36f6_stage08_b06_formal_8675000d/operator_dtype_evidence_vectorstrength_not_applicable_20260810T090001Z_9b01dadd36f6_stage08_b06_formal_8675000d.csv","20260810T090001Z_9b01dadd36f6_stage08_b06_formal_8675000d","vectorstrength__vectorstrength_int8_10e3__3175815f0a8bf512","vectorstrength","INT8",,"actual_typed_events_and_scalar_or_array_period_fp32_compute_fp64_pair_extension","2","events:INT8:[64]:bytes=64:sha256=9ae471e801dce54ab73c77021535e6f024178063469496fcdaabdf3f637307a6|periods:INT8:[16]:bytes=16:sha256=b77d084fab3050b9672de0756fa7cb579f6beec5e34c6b99f81bb602e1c9e398",,"[{""dtype"":""INT8"",""element_count"":""64"",""generator"":""deterministic_events(seed=86550002,integral=true)"",""input_name"":""events"",""preview_head4_tail2"":""i=0:2;i=1:5;i=2:8;i=3:11;i=62:95;i=63:99"",""shape"":""[64]""},{""dtype"":""INT8"",""element_count"":""16"",""generator"":""deterministic_period_grid(integral=true)"",""input_name"":""periods"",""preview_head4_tail2"":""i=0:3;i=1:4;i=2:5;i=3:6;i=14:17;i=15:18"",""shape"":""[16]""}]","{""dtype"":""INT8"",""events"":""64"",""period-mode"":""array"",""periods"":""16"",""seed"":""86550002""}","3175815f0a8bf5120b45b95773efba76a6d8754777fe9010d8bb42ca7a224628","FP32",,"not_applicable","FP64_pair",,,,,,,,"PASS","OK"
"stage08","stage08_input_preview_b06_vectorstrength_9b01dadd36f6","formal","dtype_and_input_contract","runs/stage08_input_preview_b06_vectorstrength_9b01dadd36f6/formal/20260810T090001Z_9b01dadd36f6_stage08_b06_formal_8675000e/operator_dtype_evidence_vectorstrength_not_applicable_20260810T090001Z_9b01dadd36f6_stage08_b06_formal_8675000e.csv","20260810T090001Z_9b01dadd36f6_stage08_b06_formal_8675000e","vectorstrength__vectorstrength_int8_10e4__69b202bdfd791cf6","vectorstrength","INT8",,"actual_typed_events_and_scalar_or_array_period_fp32_compute_fp64_pair_extension","2","events:INT8:[257]:bytes=257:sha256=6bc6293c48866433d1461d8e8da7233142f06f2a6427a7962ee3a05f3a6f7a5c|periods:INT8:[40]:bytes=40:sha256=78b15b6df4c3b3ede64aa354335c8d1e21a0015447a3474427cc6f64099b62cb",,"[{""dtype"":""INT8"",""element_count"":""257"",""generator"":""deterministic_events(seed=86550003,integral=true)"",""input_name"":""events"",""preview_head4_tail2"":""i=0:3;i=1:6;i=2:9;i=3:12;i=255:97;i=256:100"",""shape"":""[257]""},{""dtype"":""INT8"",""element_count"":""40"",""generator"":""deterministic_period_grid(integral=true)"",""input_name"":""periods"",""preview_head4_tail2"":""i=0:3;i=1:4;i=2:5;i=3:6;i=38:41;i=39:42"",""shape"":""[40]""}]","{""dtype"":""INT8"",""events"":""257"",""period-mode"":""array"",""periods"":""40"",""seed"":""86550003""}","69b202bdfd791cf6731b53602d84bf4c1d604a2c84161274804b494e1e4de2f4","FP32",,"not_applicable","FP64_pair",,,,,,,,"PASS","OK"
"stage08","stage08_input_preview_b07_morlet2_ed9b9505e41d","formal","dtype_and_input_contract","runs/stage08_input_preview_b07_morlet2_ed9b9505e41d/formal/20260810T090727Z_ed9b9505e41d_stage08_b07_formal_87520000/operator_dtype_evidence_morlet2_not_applicable_20260810T090727Z_ed9b9505e41d_stage08_b07_formal_87520000.csv","20260810T090727Z_ed9b9505e41d_stage08_b07_formal_87520000","morlet2__morlet2_fp32_10e2__ed22bfedd8961572","morlet2","FP32",,"actual_typed_frequency_scale_scalars_fp32_compute_complex_fp64_storage_extension","2","frequency:FP32:scalar:bytes=4:sha256=fca31f1667a6aa1bba12fca4e4ea1becd503379d80da3213af07f6cc5702828d|scale:FP32:scalar:bytes=4:sha256=e00e5eb9444182f352323374ef4e08ebcb784725fdd4fd612d7730540b3e0c8c",,"[{""dtype"":""FP32"",""element_count"":""1"",""generator"":""configured_typed_scalar"",""input_name"":""frequency"",""preview_head4_tail2"":""i=0:5"",""shape"":""scalar""},{""dtype"":""FP32"",""element_count"":""1"",""generator"":""configured_typed_scalar"",""input_name"":""scale"",""preview_head4_tail2"":""i=0:1"",""shape"":""scalar""}]","{""dtype"":""FP32"",""frequency"":""5"",""n"":""100"",""scale"":""1""}","ed22bfedd8961572c2d43895dafb06f371a793b261c3887803532fff5b2edf1d","ComplexFP32",,"not_applicable","ComplexFP64",,,,,,,,"PASS","OK"
"stage08","stage08_input_preview_b07_morlet2_ed9b9505e41d","formal","dtype_and_input_contract","runs/stage08_input_preview_b07_morlet2_ed9b9505e41d/formal/20260810T090727Z_ed9b9505e41d_stage08_b07_formal_87520001/operator_dtype_evidence_morlet2_not_applicable_20260810T090727Z_ed9b9505e41d_stage08_b07_formal_87520001.csv","20260810T090727Z_ed9b9505e41d_stage08_b07_formal_87520001","morlet2__morlet2_fp32_10e3__c74008711a692aca","morlet2","FP32",,"actual_typed_frequency_scale_scalars_fp32_compute_complex_fp64_storage_extension","2","frequency:FP32:scalar:bytes=4:sha256=fedcca07b1ccdacce623cb6d8afdeed0314e8508d763e228871f18d4e0ebb7c4|scale:FP32:scalar:bytes=4:sha256=d88c86f15bbea365d658ad95a81d45367c465f7af6f7264fb077f01747ddc77d",,"[{""dtype"":""FP32"",""element_count"":""1"",""generator"":""configured_typed_scalar"",""input_name"":""frequency"",""preview_head4_tail2"":""i=0:6"",""shape"":""scalar""},{""dtype"":""FP32"",""element_count"":""1"",""generator"":""configured_typed_scalar"",""input_name"":""scale"",""preview_head4_tail2"":""i=0:2"",""shape"":""scalar""}]","{""dtype"":""FP32"",""frequency"":""6"",""n"":""1024"",""scale"":""2""}","c74008711a692aca2bb8d15e2a513322ca3bd6cbb0adb21b2d1878bfbdbdc205","ComplexFP32",,"not_applicable","ComplexFP64",,,,,,,,"PASS","OK"
"stage08","stage08_input_preview_b07_morlet2_ed9b9505e41d","formal","dtype_and_input_contract","runs/stage08_input_preview_b07_morlet2_ed9b9505e41d/formal/20260810T090728Z_ed9b9505e41d_stage08_b07_formal_87520002/operator_dtype_evidence_morlet2_not_applicable_20260810T090728Z_ed9b9505e41d_stage08_b07_formal_87520002.csv","20260810T090728Z_ed9b9505e41d_stage08_b07_formal_87520002","morlet2__morlet2_fp32_10e4__3e65c2edfbdd6ee7","morlet2","FP32",,"actual_typed_frequency_scale_scalars_fp32_compute_complex_fp64_storage_extension","2","frequency:FP32:scalar:bytes=4:sha256=ee0a6628f97214b7ef5d15c54388ea478862369e517aa4ef4593aea18c3ff618|scale:FP32:scalar:bytes=4:sha256=ea2845900b5856c9bf354b1aa9761b5aa6888e5ed61738fe9579ca42bc0f6054",,"[{""dtype"":""FP32"",""element_count"":""1"",""generator"":""configured_typed_scalar"",""input_name"":""frequency"",""preview_head4_tail2"":""i=0:7"",""shape"":""scalar""},{""dtype"":""FP32"",""element_count"":""1"",""generator"":""configured_typed_scalar"",""input_name"":""scale"",""preview_head4_tail2"":""i=0:3"",""shape"":""scalar""}]","{""dtype"":""FP32"",""frequency"":""7"",""n"":""10000"",""scale"":""3""}","3e65c2edfbdd6ee744e3bcf2c6e1bc8d66b4fa2dea329bcfc08b878f32aa9d0c","ComplexFP32",,"not_applicable","ComplexFP64",,,,,,,,"PASS","OK"
"stage08","stage08_input_preview_b07_morlet2_ed9b9505e41d","formal","dtype_and_input_contract","runs/stage08_input_preview_b07_morlet2_ed9b9505e41d/formal/20260810T090728Z_ed9b9505e41d_stage08_b07_formal_87520003/operator_dtype_evidence_morlet2_not_applicable_20260810T090728Z_ed9b9505e41d_stage08_b07_formal_87520003.csv","20260810T090728Z_ed9b9505e41d_stage08_b07_formal_87520003","morlet2__morlet2_fp16_10e2__787a5f998a6359df","morlet2","FP16",,"actual_typed_frequency_scale_scalars_fp32_compute_complex_fp64_storage_extension","2","frequency:FP16:scalar:bytes=2:sha256=6a8fd6b98e6e602358b45ef3d81dd9fab39900137bed7c806a2fd18fd1701ec9|scale:FP16:scalar:bytes=2:sha256=505114fe537172ea35e17ca1a7516edac516a89b31f983f7c6387d5d2bb462aa",,"[{""dtype"":""FP16"",""element_count"":""1"",""generator"":""configured_typed_scalar"",""input_name"":""frequency"",""preview_head4_tail2"":""i=0:5"",""shape"":""scalar""},{""dtype"":""FP16"",""element_count"":""1"",""generator"":""configured_typed_scalar"",""input_name"":""scale"",""preview_head4_tail2"":""i=0:1"",""shape"":""scalar""}]","{""dtype"":""FP16"",""frequency"":""5"",""n"":""100"",""scale"":""1""}","787a5f998a6359df93188c27d799f1b53fd86267480c15ae3ace09bac23ab876","ComplexFP32",,"not_applicable","ComplexFP64",,,,,,,,"PASS","OK"
"stage08","stage08_input_preview_b07_morlet2_ed9b9505e41d","formal","dtype_and_input_contract","runs/stage08_input_preview_b07_morlet2_ed9b9505e41d/formal/20260810T090728Z_ed9b9505e41d_stage08_b07_formal_87520004/operator_dtype_evidence_morlet2_not_applicable_20260810T090728Z_ed9b9505e41d_stage08_b07_formal_87520004.csv","20260810T090728Z_ed9b9505e41d_stage08_b07_formal_87520004","morlet2__morlet2_fp16_10e3__45cde94353819e8d","morlet2","FP16",,"actual_typed_frequency_scale_scalars_fp32_compute_complex_fp64_storage_extension","2","frequency:FP16:scalar:bytes=2:sha256=c02b4bb4ab96197a9a5a4537d8b87f27c1c8f3f9572d215c505c5f3339ee4399|scale:FP16:scalar:bytes=2:sha256=b8811852747cfa3620c3dd2af5d59498c240f208e689b4052bac934c29faf094",,"[{""dtype"":""FP16"",""element_count"":""1"",""generator"":""configured_typed_scalar"",""input_name"":""frequency"",""preview_head4_tail2"":""i=0:6"",""shape"":""scalar""},{""dtype"":""FP16"",""element_count"":""1"",""generator"":""configured_typed_scalar"",""input_name"":""scale"",""preview_head4_tail2"":""i=0:2"",""shape"":""scalar""}]","{""dtype"":""FP16"",""frequency"":""6"",""n"":""1024"",""scale"":""2""}","45cde94353819e8d264f6e206496b01a3eda8fea2de11eec022e5c9e19722e9e","ComplexFP32",,"not_applicable","ComplexFP64",,,,,,,,"PASS","OK"
"stage08","stage08_input_preview_b07_morlet2_ed9b9505e41d","formal","dtype_and_input_contract","runs/stage08_input_preview_b07_morlet2_ed9b9505e41d/formal/20260810T090728Z_ed9b9505e41d_stage08_b07_formal_87520005/operator_dtype_evidence_morlet2_not_applicable_20260810T090728Z_ed9b9505e41d_stage08_b07_formal_87520005.csv","20260810T090728Z_ed9b9505e41d_stage08_b07_formal_87520005","morlet2__morlet2_fp16_10e4__b4b3c0a2122073e9","morlet2","FP16",,"actual_typed_frequency_scale_scalars_fp32_compute_complex_fp64_storage_extension","2","frequency:FP16:scalar:bytes=2:sha256=81904e68a8b9a2427e9e87e2c61b1098057608d18357d70d9281e8513941cf53|scale:FP16:scalar:bytes=2:sha256=87afe6086fe4571e37657e76281301f189c75ebae1d2eaafb56d578067a1d95e",,"[{""dtype"":""FP16"",""element_count"":""1"",""generator"":""configured_typed_scalar"",""input_name"":""frequency"",""preview_head4_tail2"":""i=0:7"",""shape"":""scalar""},{""dtype"":""FP16"",""element_count"":""1"",""generator"":""configured_typed_scalar"",""input_name"":""scale"",""preview_head4_tail2"":""i=0:3"",""shape"":""scalar""}]","{""dtype"":""FP16"",""frequency"":""7"",""n"":""10000"",""scale"":""3""}","b4b3c0a2122073e91aeafe314f7bf9927873ff60ea30c65058461eabaf2009b4","ComplexFP32",,"not_applicable","ComplexFP64",,,,,,,,"PASS","OK"
"stage08","stage08_input_preview_b07_morlet2_ed9b9505e41d","formal","dtype_and_input_contract","runs/stage08_input_preview_b07_morlet2_ed9b9505e41d/formal/20260810T090729Z_ed9b9505e41d_stage08_b07_formal_87520006/operator_dtype_evidence_morlet2_not_applicable_20260810T090729Z_ed9b9505e41d_stage08_b07_formal_87520006.csv","20260810T090729Z_ed9b9505e41d_stage08_b07_formal_87520006","morlet2__morlet2_int32_10e2__07c9154ea9267a98","morlet2","INT32",,"actual_typed_frequency_scale_scalars_fp32_compute_complex_fp64_storage_extension","2","frequency:INT32:scalar:bytes=4:sha256=2594b6a92ebfb1c3312deb7d01c015fb95e9fbe9bd7bc6b527af07813ec7b910|scale:INT32:scalar:bytes=4:sha256=67abdd721024f0ff4e0b3f4c2fc13bc5bad42d0b7851d456d88d203d15aaa450",,"[{""dtype"":""INT32"",""element_count"":""1"",""generator"":""configured_typed_scalar"",""input_name"":""frequency"",""preview_head4_tail2"":""i=0:5"",""shape"":""scalar""},{""dtype"":""INT32"",""element_count"":""1"",""generator"":""configured_typed_scalar"",""input_name"":""scale"",""preview_head4_tail2"":""i=0:1"",""shape"":""scalar""}]","{""dtype"":""INT32"",""frequency"":""5"",""n"":""100"",""scale"":""1""}","07c9154ea9267a98b3c537b4ad74fdd0b78a9160874144d554330ae86bbdcbce","ComplexFP32",,"not_applicable","ComplexFP64",,,,,,,,"PASS","OK"
"stage08","stage08_input_preview_b07_morlet2_ed9b9505e41d","formal","dtype_and_input_contract","runs/stage08_input_preview_b07_morlet2_ed9b9505e41d/formal/20260810T090729Z_ed9b9505e41d_stage08_b07_formal_87520007/operator_dtype_evidence_morlet2_not_applicable_20260810T090729Z_ed9b9505e41d_stage08_b07_formal_87520007.csv","20260810T090729Z_ed9b9505e41d_stage08_b07_formal_87520007","morlet2__morlet2_int32_10e3__b2687d44af72301b","morlet2","INT32",,"actual_typed_frequency_scale_scalars_fp32_compute_complex_fp64_storage_extension","2","frequency:INT32:scalar:bytes=4:sha256=7aa8ca4a02506da9133d8f889678b76f716ce45d02e22fdb7b70a15e56a0eff8|scale:INT32:scalar:bytes=4:sha256=26b25d457597a7b0463f9620f666dd10aa2c4373a505967c7c8d70922a2d6ece",,"[{""dtype"":""INT32"",""element_count"":""1"",""generator"":""configured_typed_scalar"",""input_name"":""frequency"",""preview_head4_tail2"":""i=0:6"",""shape"":""scalar""},{""dtype"":""INT32"",""element_count"":""1"",""generator"":""configured_typed_scalar"",""input_name"":""scale"",""preview_head4_tail2"":""i=0:2"",""shape"":""scalar""}]","{""dtype"":""INT32"",""frequency"":""6"",""n"":""1024"",""scale"":""2""}","b2687d44af72301b72db554024256951709d1a26ab9b65838dc543a436b0734a","ComplexFP32",,"not_applicable","ComplexFP64",,,,,,,,"PASS","OK"
"stage08","stage08_input_preview_b07_morlet2_ed9b9505e41d","formal","dtype_and_input_contract","runs/stage08_input_preview_b07_morlet2_ed9b9505e41d/formal/20260810T090729Z_ed9b9505e41d_stage08_b07_formal_87520008/operator_dtype_evidence_morlet2_not_applicable_20260810T090729Z_ed9b9505e41d_stage08_b07_formal_87520008.csv","20260810T090729Z_ed9b9505e41d_stage08_b07_formal_87520008","morlet2__morlet2_int32_10e4__9b11dfbfd4309c81","morlet2","INT32",,"actual_typed_frequency_scale_scalars_fp32_compute_complex_fp64_storage_extension","2","frequency:INT32:scalar:bytes=4:sha256=e8613f5a5bc9f9feeda32a8e7c80b69dd4878e47b6a91723fb15eb84236b6a2b|scale:INT32:scalar:bytes=4:sha256=9d9f290527a6be626a8f5985b26e19b237b44872b03631811df4416fc1713178",,"[{""dtype"":""INT32"",""element_count"":""1"",""generator"":""configured_typed_scalar"",""input_name"":""frequency"",""preview_head4_tail2"":""i=0:7"",""shape"":""scalar""},{""dtype"":""INT32"",""element_count"":""1"",""generator"":""configured_typed_scalar"",""input_name"":""scale"",""preview_head4_tail2"":""i=0:3"",""shape"":""scalar""}]","{""dtype"":""INT32"",""frequency"":""7"",""n"":""10000"",""scale"":""3""}","9b11dfbfd4309c81cdd8a31b40383c91d44f29946d3e2bab685795fde5d728b2","ComplexFP32",,"not_applicable","ComplexFP64",,,,,,,,"PASS","OK"
"stage08","stage08_input_preview_b07_morlet2_ed9b9505e41d","formal","dtype_and_input_contract","runs/stage08_input_preview_b07_morlet2_ed9b9505e41d/formal/20260810T090729Z_ed9b9505e41d_stage08_b07_formal_87520009/operator_dtype_evidence_morlet2_not_applicable_20260810T090729Z_ed9b9505e41d_stage08_b07_formal_87520009.csv","20260810T090729Z_ed9b9505e41d_stage08_b07_formal_87520009","morlet2__morlet2_int16_10e2__a4f6ddea945bf5e9","morlet2","INT16",,"actual_typed_frequency_scale_scalars_fp32_compute_complex_fp64_storage_extension","2","frequency:INT16:scalar:bytes=2:sha256=2921a11f25dadaa24aa79a548e4e81508c2e5e56af2d833d65e2bcce448ce2f5|scale:INT16:scalar:bytes=2:sha256=47dc540c94ceb704a23875c11273e16bb0b8a87aed84de911f2133568115f254",,"[{""dtype"":""INT16"",""element_count"":""1"",""generator"":""configured_typed_scalar"",""input_name"":""frequency"",""preview_head4_tail2"":""i=0:5"",""shape"":""scalar""},{""dtype"":""INT16"",""element_count"":""1"",""generator"":""configured_typed_scalar"",""input_name"":""scale"",""preview_head4_tail2"":""i=0:1"",""shape"":""scalar""}]","{""dtype"":""INT16"",""frequency"":""5"",""n"":""100"",""scale"":""1""}","a4f6ddea945bf5e9757528e00821f8ef25b17979cab8b19dbaa9f68e206a895b","ComplexFP32",,"not_applicable","ComplexFP64",,,,,,,,"PASS","OK"
"stage08","stage08_input_preview_b07_morlet2_ed9b9505e41d","formal","dtype_and_input_contract","runs/stage08_input_preview_b07_morlet2_ed9b9505e41d/formal/20260810T090729Z_ed9b9505e41d_stage08_b07_formal_8752000a/operator_dtype_evidence_morlet2_not_applicable_20260810T090729Z_ed9b9505e41d_stage08_b07_formal_8752000a.csv","20260810T090729Z_ed9b9505e41d_stage08_b07_formal_8752000a","morlet2__morlet2_int16_10e3__73e8fc6d05ce8136","morlet2","INT16",,"actual_typed_frequency_scale_scalars_fp32_compute_complex_fp64_storage_extension","2","frequency:INT16:scalar:bytes=2:sha256=ceb827ad3d3884fd4d50ae6099d6d50c09a21e72ebd309708e8b69d93df19e55|scale:INT16:scalar:bytes=2:sha256=99be5efb88ca2013bd8e4eb035fd42d5245468fe9afa70d8ba9c1c419a48c4e8",,"[{""dtype"":""INT16"",""element_count"":""1"",""generator"":""configured_typed_scalar"",""input_name"":""frequency"",""preview_head4_tail2"":""i=0:6"",""shape"":""scalar""},{""dtype"":""INT16"",""element_count"":""1"",""generator"":""configured_typed_scalar"",""input_name"":""scale"",""preview_head4_tail2"":""i=0:2"",""shape"":""scalar""}]","{""dtype"":""INT16"",""frequency"":""6"",""n"":""1024"",""scale"":""2""}","73e8fc6d05ce8136b03ec6c1e5871752b4c78310946c5af6cadd21f23a5cb8aa","ComplexFP32",,"not_applicable","ComplexFP64",,,,,,,,"PASS","OK"
"stage08","stage08_input_preview_b07_morlet2_ed9b9505e41d","formal","dtype_and_input_contract","runs/stage08_input_preview_b07_morlet2_ed9b9505e41d/formal/20260810T090729Z_ed9b9505e41d_stage08_b07_formal_8752000b/operator_dtype_evidence_morlet2_not_applicable_20260810T090729Z_ed9b9505e41d_stage08_b07_formal_8752000b.csv","20260810T090729Z_ed9b9505e41d_stage08_b07_formal_8752000b","morlet2__morlet2_int16_10e4__ef2b5827b5f78457","morlet2","INT16",,"actual_typed_frequency_scale_scalars_fp32_compute_complex_fp64_storage_extension","2","frequency:INT16:scalar:bytes=2:sha256=0a6361b3a802f55cd5ae06101c88a1e216320fe11cc0cfe1d791eed08a1200fd|scale:INT16:scalar:bytes=2:sha256=9b4fb24edd6d1d8830e272398263cdbf026b97392cc35387b991dc0248a628f9",,"[{""dtype"":""INT16"",""element_count"":""1"",""generator"":""configured_typed_scalar"",""input_name"":""frequency"",""preview_head4_tail2"":""i=0:7"",""shape"":""scalar""},{""dtype"":""INT16"",""element_count"":""1"",""generator"":""configured_typed_scalar"",""input_name"":""scale"",""preview_head4_tail2"":""i=0:3"",""shape"":""scalar""}]","{""dtype"":""INT16"",""frequency"":""7"",""n"":""10000"",""scale"":""3""}","ef2b5827b5f7845742d17081277741161d5736aed884093e90ad6b50d7f509e1","ComplexFP32",,"not_applicable","ComplexFP64",,,,,,,,"PASS","OK"
"stage08","stage08_input_preview_b07_morlet2_ed9b9505e41d","formal","dtype_and_input_contract","runs/stage08_input_preview_b07_morlet2_ed9b9505e41d/formal/20260810T090730Z_ed9b9505e41d_stage08_b07_formal_8752000c/operator_dtype_evidence_morlet2_not_applicable_20260810T090730Z_ed9b9505e41d_stage08_b07_formal_8752000c.csv","20260810T090730Z_ed9b9505e41d_stage08_b07_formal_8752000c","morlet2__morlet2_int8_10e2__884a156c91849e6a","morlet2","INT8",,"actual_typed_frequency_scale_scalars_fp32_compute_complex_fp64_storage_extension","2","frequency:INT8:scalar:bytes=1:sha256=e77b9a9ae9e30b0dbdb6f510a264ef9de781501d7b6b92ae89eb059c5ab743db|scale:INT8:scalar:bytes=1:sha256=4bf5122f344554c53bde2ebb8cd2b7e3d1600ad631c385a5d7cce23c7785459a",,"[{""dtype"":""INT8"",""element_count"":""1"",""generator"":""configured_typed_scalar"",""input_name"":""frequency"",""preview_head4_tail2"":""i=0:5"",""shape"":""scalar""},{""dtype"":""INT8"",""element_count"":""1"",""generator"":""configured_typed_scalar"",""input_name"":""scale"",""preview_head4_tail2"":""i=0:1"",""shape"":""scalar""}]","{""dtype"":""INT8"",""frequency"":""5"",""n"":""100"",""scale"":""1""}","884a156c91849e6a9d03015d5cdc1d8ed7eebe0d39ec43e0323626603c4aa524","ComplexFP32",,"not_applicable","ComplexFP64",,,,,,,,"PASS","OK"
"stage08","stage08_input_preview_b07_morlet2_ed9b9505e41d","formal","dtype_and_input_contract","runs/stage08_input_preview_b07_morlet2_ed9b9505e41d/formal/20260810T090730Z_ed9b9505e41d_stage08_b07_formal_8752000d/operator_dtype_evidence_morlet2_not_applicable_20260810T090730Z_ed9b9505e41d_stage08_b07_formal_8752000d.csv","20260810T090730Z_ed9b9505e41d_stage08_b07_formal_8752000d","morlet2__morlet2_int8_10e3__2a6c7ddff5ffce9e","morlet2","INT8",,"actual_typed_frequency_scale_scalars_fp32_compute_complex_fp64_storage_extension","2","frequency:INT8:scalar:bytes=1:sha256=67586e98fad27da0b9968bc039a1ef34c939b9b8e523a8bef89d478608c5ecf6|scale:INT8:scalar:bytes=1:sha256=dbc1b4c900ffe48d575b5da5c638040125f65db0fe3e24494b76ea986457d986",,"[{""dtype"":""INT8"",""element_count"":""1"",""generator"":""configured_typed_scalar"",""input_name"":""frequency"",""preview_head4_tail2"":""i=0:6"",""shape"":""scalar""},{""dtype"":""INT8"",""element_count"":""1"",""generator"":""configured_typed_scalar"",""input_name"":""scale"",""preview_head4_tail2"":""i=0:2"",""shape"":""scalar""}]","{""dtype"":""INT8"",""frequency"":""6"",""n"":""1024"",""scale"":""2""}","2a6c7ddff5ffce9e785022875201c87c4d19d094ac2c0c96567622ad539257ac","ComplexFP32",,"not_applicable","ComplexFP64",,,,,,,,"PASS","OK"
"stage08","stage08_input_preview_b07_morlet2_ed9b9505e41d","formal","dtype_and_input_contract","runs/stage08_input_preview_b07_morlet2_ed9b9505e41d/formal/20260810T090730Z_ed9b9505e41d_stage08_b07_formal_8752000e/operator_dtype_evidence_morlet2_not_applicable_20260810T090730Z_ed9b9505e41d_stage08_b07_formal_8752000e.csv","20260810T090730Z_ed9b9505e41d_stage08_b07_formal_8752000e","morlet2__morlet2_int8_10e4__8e188e850355d91d","morlet2","INT8",,"actual_typed_frequency_scale_scalars_fp32_compute_complex_fp64_storage_extension","2","frequency:INT8:scalar:bytes=1:sha256=ca358758f6d27e6cf45272937977a748fd88391db679ceda7dc7bf1f005ee879|scale:INT8:scalar:bytes=1:sha256=084fed08b978af4d7d196a7446a86b58009e636b611db16211b65a9aadff29c5",,"[{""dtype"":""INT8"",""element_count"":""1"",""generator"":""configured_typed_scalar"",""input_name"":""frequency"",""preview_head4_tail2"":""i=0:7"",""shape"":""scalar""},{""dtype"":""INT8"",""element_count"":""1"",""generator"":""configured_typed_scalar"",""input_name"":""scale"",""preview_head4_tail2"":""i=0:3"",""shape"":""scalar""}]","{""dtype"":""INT8"",""frequency"":""7"",""n"":""10000"",""scale"":""3""}","8e188e850355d91d43bd3b7fd4a30862aebe0817b713776ea6d9666a03db076a","ComplexFP32",,"not_applicable","ComplexFP64",,,,,,,,"PASS","OK"
"stage08","stage08_input_preview_b07_morlet_ed9b9505e41d","formal","dtype_and_input_contract","runs/stage08_input_preview_b07_morlet_ed9b9505e41d/formal/20260810T090705Z_ed9b9505e41d_stage08_b07_formal_87510000/operator_dtype_evidence_morlet_not_applicable_20260810T090705Z_ed9b9505e41d_stage08_b07_formal_87510000.csv","20260810T090705Z_ed9b9505e41d_stage08_b07_formal_87510000","morlet__morlet_fp32_10e2__ed22bfedd8961572","morlet","FP32",,"actual_typed_frequency_scale_scalars_fp32_compute_complex_fp64_storage_extension","2","frequency:FP32:scalar:bytes=4:sha256=fca31f1667a6aa1bba12fca4e4ea1becd503379d80da3213af07f6cc5702828d|scale:FP32:scalar:bytes=4:sha256=e00e5eb9444182f352323374ef4e08ebcb784725fdd4fd612d7730540b3e0c8c",,"[{""dtype"":""FP32"",""element_count"":""1"",""generator"":""configured_typed_scalar"",""input_name"":""frequency"",""preview_head4_tail2"":""i=0:5"",""shape"":""scalar""},{""dtype"":""FP32"",""element_count"":""1"",""generator"":""configured_typed_scalar"",""input_name"":""scale"",""preview_head4_tail2"":""i=0:1"",""shape"":""scalar""}]","{""complete"":""true"",""dtype"":""FP32"",""frequency"":""5"",""n"":""100"",""scale"":""1""}","ed22bfedd8961572c2d43895dafb06f371a793b261c3887803532fff5b2edf1d","ComplexFP32",,"not_applicable","ComplexFP64",,,,,,,,"PASS","OK"
"stage08","stage08_input_preview_b07_morlet_ed9b9505e41d","formal","dtype_and_input_contract","runs/stage08_input_preview_b07_morlet_ed9b9505e41d/formal/20260810T090705Z_ed9b9505e41d_stage08_b07_formal_87510001/operator_dtype_evidence_morlet_not_applicable_20260810T090705Z_ed9b9505e41d_stage08_b07_formal_87510001.csv","20260810T090705Z_ed9b9505e41d_stage08_b07_formal_87510001","morlet__morlet_fp32_10e3__c74008711a692aca","morlet","FP32",,"actual_typed_frequency_scale_scalars_fp32_compute_complex_fp64_storage_extension","2","frequency:FP32:scalar:bytes=4:sha256=fedcca07b1ccdacce623cb6d8afdeed0314e8508d763e228871f18d4e0ebb7c4|scale:FP32:scalar:bytes=4:sha256=d88c86f15bbea365d658ad95a81d45367c465f7af6f7264fb077f01747ddc77d",,"[{""dtype"":""FP32"",""element_count"":""1"",""generator"":""configured_typed_scalar"",""input_name"":""frequency"",""preview_head4_tail2"":""i=0:6"",""shape"":""scalar""},{""dtype"":""FP32"",""element_count"":""1"",""generator"":""configured_typed_scalar"",""input_name"":""scale"",""preview_head4_tail2"":""i=0:2"",""shape"":""scalar""}]","{""complete"":""false"",""dtype"":""FP32"",""frequency"":""6"",""n"":""1024"",""scale"":""2""}","c74008711a692aca2bb8d15e2a513322ca3bd6cbb0adb21b2d1878bfbdbdc205","ComplexFP32",,"not_applicable","ComplexFP64",,,,,,,,"PASS","OK"
"stage08","stage08_input_preview_b07_morlet_ed9b9505e41d","formal","dtype_and_input_contract","runs/stage08_input_preview_b07_morlet_ed9b9505e41d/formal/20260810T090706Z_ed9b9505e41d_stage08_b07_formal_87510002/operator_dtype_evidence_morlet_not_applicable_20260810T090706Z_ed9b9505e41d_stage08_b07_formal_87510002.csv","20260810T090706Z_ed9b9505e41d_stage08_b07_formal_87510002","morlet__morlet_fp32_10e4__3e65c2edfbdd6ee7","morlet","FP32",,"actual_typed_frequency_scale_scalars_fp32_compute_complex_fp64_storage_extension","2","frequency:FP32:scalar:bytes=4:sha256=ee0a6628f97214b7ef5d15c54388ea478862369e517aa4ef4593aea18c3ff618|scale:FP32:scalar:bytes=4:sha256=ea2845900b5856c9bf354b1aa9761b5aa6888e5ed61738fe9579ca42bc0f6054",,"[{""dtype"":""FP32"",""element_count"":""1"",""generator"":""configured_typed_scalar"",""input_name"":""frequency"",""preview_head4_tail2"":""i=0:7"",""shape"":""scalar""},{""dtype"":""FP32"",""element_count"":""1"",""generator"":""configured_typed_scalar"",""input_name"":""scale"",""preview_head4_tail2"":""i=0:3"",""shape"":""scalar""}]","{""complete"":""true"",""dtype"":""FP32"",""frequency"":""7"",""n"":""10000"",""scale"":""3""}","3e65c2edfbdd6ee744e3bcf2c6e1bc8d66b4fa2dea329bcfc08b878f32aa9d0c","ComplexFP32",,"not_applicable","ComplexFP64",,,,,,,,"PASS","OK"
"stage08","stage08_input_preview_b07_morlet_ed9b9505e41d","formal","dtype_and_input_contract","runs/stage08_input_preview_b07_morlet_ed9b9505e41d/formal/20260810T090706Z_ed9b9505e41d_stage08_b07_formal_87510003/operator_dtype_evidence_morlet_not_applicable_20260810T090706Z_ed9b9505e41d_stage08_b07_formal_87510003.csv","20260810T090706Z_ed9b9505e41d_stage08_b07_formal_87510003","morlet__morlet_fp16_10e2__787a5f998a6359df","morlet","FP16",,"actual_typed_frequency_scale_scalars_fp32_compute_complex_fp64_storage_extension","2","frequency:FP16:scalar:bytes=2:sha256=6a8fd6b98e6e602358b45ef3d81dd9fab39900137bed7c806a2fd18fd1701ec9|scale:FP16:scalar:bytes=2:sha256=505114fe537172ea35e17ca1a7516edac516a89b31f983f7c6387d5d2bb462aa",,"[{""dtype"":""FP16"",""element_count"":""1"",""generator"":""configured_typed_scalar"",""input_name"":""frequency"",""preview_head4_tail2"":""i=0:5"",""shape"":""scalar""},{""dtype"":""FP16"",""element_count"":""1"",""generator"":""configured_typed_scalar"",""input_name"":""scale"",""preview_head4_tail2"":""i=0:1"",""shape"":""scalar""}]","{""complete"":""true"",""dtype"":""FP16"",""frequency"":""5"",""n"":""100"",""scale"":""1""}","787a5f998a6359df93188c27d799f1b53fd86267480c15ae3ace09bac23ab876","ComplexFP32",,"not_applicable","ComplexFP64",,,,,,,,"PASS","OK"
"stage08","stage08_input_preview_b07_morlet_ed9b9505e41d","formal","dtype_and_input_contract","runs/stage08_input_preview_b07_morlet_ed9b9505e41d/formal/20260810T090706Z_ed9b9505e41d_stage08_b07_formal_87510004/operator_dtype_evidence_morlet_not_applicable_20260810T090706Z_ed9b9505e41d_stage08_b07_formal_87510004.csv","20260810T090706Z_ed9b9505e41d_stage08_b07_formal_87510004","morlet__morlet_fp16_10e3__45cde94353819e8d","morlet","FP16",,"actual_typed_frequency_scale_scalars_fp32_compute_complex_fp64_storage_extension","2","frequency:FP16:scalar:bytes=2:sha256=c02b4bb4ab96197a9a5a4537d8b87f27c1c8f3f9572d215c505c5f3339ee4399|scale:FP16:scalar:bytes=2:sha256=b8811852747cfa3620c3dd2af5d59498c240f208e689b4052bac934c29faf094",,"[{""dtype"":""FP16"",""element_count"":""1"",""generator"":""configured_typed_scalar"",""input_name"":""frequency"",""preview_head4_tail2"":""i=0:6"",""shape"":""scalar""},{""dtype"":""FP16"",""element_count"":""1"",""generator"":""configured_typed_scalar"",""input_name"":""scale"",""preview_head4_tail2"":""i=0:2"",""shape"":""scalar""}]","{""complete"":""false"",""dtype"":""FP16"",""frequency"":""6"",""n"":""1024"",""scale"":""2""}","45cde94353819e8d264f6e206496b01a3eda8fea2de11eec022e5c9e19722e9e","ComplexFP32",,"not_applicable","ComplexFP64",,,,,,,,"PASS","OK"
"stage08","stage08_input_preview_b07_morlet_ed9b9505e41d","formal","dtype_and_input_contract","runs/stage08_input_preview_b07_morlet_ed9b9505e41d/formal/20260810T090706Z_ed9b9505e41d_stage08_b07_formal_87510005/operator_dtype_evidence_morlet_not_applicable_20260810T090706Z_ed9b9505e41d_stage08_b07_formal_87510005.csv","20260810T090706Z_ed9b9505e41d_stage08_b07_formal_87510005","morlet__morlet_fp16_10e4__b4b3c0a2122073e9","morlet","FP16",,"actual_typed_frequency_scale_scalars_fp32_compute_complex_fp64_storage_extension","2","frequency:FP16:scalar:bytes=2:sha256=81904e68a8b9a2427e9e87e2c61b1098057608d18357d70d9281e8513941cf53|scale:FP16:scalar:bytes=2:sha256=87afe6086fe4571e37657e76281301f189c75ebae1d2eaafb56d578067a1d95e",,"[{""dtype"":""FP16"",""element_count"":""1"",""generator"":""configured_typed_scalar"",""input_name"":""frequency"",""preview_head4_tail2"":""i=0:7"",""shape"":""scalar""},{""dtype"":""FP16"",""element_count"":""1"",""generator"":""configured_typed_scalar"",""input_name"":""scale"",""preview_head4_tail2"":""i=0:3"",""shape"":""scalar""}]","{""complete"":""true"",""dtype"":""FP16"",""frequency"":""7"",""n"":""10000"",""scale"":""3""}","b4b3c0a2122073e91aeafe314f7bf9927873ff60ea30c65058461eabaf2009b4","ComplexFP32",,"not_applicable","ComplexFP64",,,,,,,,"PASS","OK"
"stage08","stage08_input_preview_b07_morlet_ed9b9505e41d","formal","dtype_and_input_contract","runs/stage08_input_preview_b07_morlet_ed9b9505e41d/formal/20260810T090706Z_ed9b9505e41d_stage08_b07_formal_87510006/operator_dtype_evidence_morlet_not_applicable_20260810T090706Z_ed9b9505e41d_stage08_b07_formal_87510006.csv","20260810T090706Z_ed9b9505e41d_stage08_b07_formal_87510006","morlet__morlet_int32_10e2__07c9154ea9267a98","morlet","INT32",,"actual_typed_frequency_scale_scalars_fp32_compute_complex_fp64_storage_extension","2","frequency:INT32:scalar:bytes=4:sha256=2594b6a92ebfb1c3312deb7d01c015fb95e9fbe9bd7bc6b527af07813ec7b910|scale:INT32:scalar:bytes=4:sha256=67abdd721024f0ff4e0b3f4c2fc13bc5bad42d0b7851d456d88d203d15aaa450",,"[{""dtype"":""INT32"",""element_count"":""1"",""generator"":""configured_typed_scalar"",""input_name"":""frequency"",""preview_head4_tail2"":""i=0:5"",""shape"":""scalar""},{""dtype"":""INT32"",""element_count"":""1"",""generator"":""configured_typed_scalar"",""input_name"":""scale"",""preview_head4_tail2"":""i=0:1"",""shape"":""scalar""}]","{""complete"":""true"",""dtype"":""INT32"",""frequency"":""5"",""n"":""100"",""scale"":""1""}","07c9154ea9267a98b3c537b4ad74fdd0b78a9160874144d554330ae86bbdcbce","ComplexFP32",,"not_applicable","ComplexFP64",,,,,,,,"PASS","OK"
"stage08","stage08_input_preview_b07_morlet_ed9b9505e41d","formal","dtype_and_input_contract","runs/stage08_input_preview_b07_morlet_ed9b9505e41d/formal/20260810T090707Z_ed9b9505e41d_stage08_b07_formal_87510007/operator_dtype_evidence_morlet_not_applicable_20260810T090707Z_ed9b9505e41d_stage08_b07_formal_87510007.csv","20260810T090707Z_ed9b9505e41d_stage08_b07_formal_87510007","morlet__morlet_int32_10e3__b2687d44af72301b","morlet","INT32",,"actual_typed_frequency_scale_scalars_fp32_compute_complex_fp64_storage_extension","2","frequency:INT32:scalar:bytes=4:sha256=7aa8ca4a02506da9133d8f889678b76f716ce45d02e22fdb7b70a15e56a0eff8|scale:INT32:scalar:bytes=4:sha256=26b25d457597a7b0463f9620f666dd10aa2c4373a505967c7c8d70922a2d6ece",,"[{""dtype"":""INT32"",""element_count"":""1"",""generator"":""configured_typed_scalar"",""input_name"":""frequency"",""preview_head4_tail2"":""i=0:6"",""shape"":""scalar""},{""dtype"":""INT32"",""element_count"":""1"",""generator"":""configured_typed_scalar"",""input_name"":""scale"",""preview_head4_tail2"":""i=0:2"",""shape"":""scalar""}]","{""complete"":""false"",""dtype"":""INT32"",""frequency"":""6"",""n"":""1024"",""scale"":""2""}","b2687d44af72301b72db554024256951709d1a26ab9b65838dc543a436b0734a","ComplexFP32",,"not_applicable","ComplexFP64",,,,,,,,"PASS","OK"
"stage08","stage08_input_preview_b07_morlet_ed9b9505e41d","formal","dtype_and_input_contract","runs/stage08_input_preview_b07_morlet_ed9b9505e41d/formal/20260810T090707Z_ed9b9505e41d_stage08_b07_formal_87510008/operator_dtype_evidence_morlet_not_applicable_20260810T090707Z_ed9b9505e41d_stage08_b07_formal_87510008.csv","20260810T090707Z_ed9b9505e41d_stage08_b07_formal_87510008","morlet__morlet_int32_10e4__9b11dfbfd4309c81","morlet","INT32",,"actual_typed_frequency_scale_scalars_fp32_compute_complex_fp64_storage_extension","2","frequency:INT32:scalar:bytes=4:sha256=e8613f5a5bc9f9feeda32a8e7c80b69dd4878e47b6a91723fb15eb84236b6a2b|scale:INT32:scalar:bytes=4:sha256=9d9f290527a6be626a8f5985b26e19b237b44872b03631811df4416fc1713178",,"[{""dtype"":""INT32"",""element_count"":""1"",""generator"":""configured_typed_scalar"",""input_name"":""frequency"",""preview_head4_tail2"":""i=0:7"",""shape"":""scalar""},{""dtype"":""INT32"",""element_count"":""1"",""generator"":""configured_typed_scalar"",""input_name"":""scale"",""preview_head4_tail2"":""i=0:3"",""shape"":""scalar""}]","{""complete"":""true"",""dtype"":""INT32"",""frequency"":""7"",""n"":""10000"",""scale"":""3""}","9b11dfbfd4309c81cdd8a31b40383c91d44f29946d3e2bab685795fde5d728b2","ComplexFP32",,"not_applicable","ComplexFP64",,,,,,,,"PASS","OK"
"stage08","stage08_input_preview_b07_morlet_ed9b9505e41d","formal","dtype_and_input_contract","runs/stage08_input_preview_b07_morlet_ed9b9505e41d/formal/20260810T090707Z_ed9b9505e41d_stage08_b07_formal_87510009/operator_dtype_evidence_morlet_not_applicable_20260810T090707Z_ed9b9505e41d_stage08_b07_formal_87510009.csv","20260810T090707Z_ed9b9505e41d_stage08_b07_formal_87510009","morlet__morlet_int16_10e2__a4f6ddea945bf5e9","morlet","INT16",,"actual_typed_frequency_scale_scalars_fp32_compute_complex_fp64_storage_extension","2","frequency:INT16:scalar:bytes=2:sha256=2921a11f25dadaa24aa79a548e4e81508c2e5e56af2d833d65e2bcce448ce2f5|scale:INT16:scalar:bytes=2:sha256=47dc540c94ceb704a23875c11273e16bb0b8a87aed84de911f2133568115f254",,"[{""dtype"":""INT16"",""element_count"":""1"",""generator"":""configured_typed_scalar"",""input_name"":""frequency"",""preview_head4_tail2"":""i=0:5"",""shape"":""scalar""},{""dtype"":""INT16"",""element_count"":""1"",""generator"":""configured_typed_scalar"",""input_name"":""scale"",""preview_head4_tail2"":""i=0:1"",""shape"":""scalar""}]","{""complete"":""true"",""dtype"":""INT16"",""frequency"":""5"",""n"":""100"",""scale"":""1""}","a4f6ddea945bf5e9757528e00821f8ef25b17979cab8b19dbaa9f68e206a895b","ComplexFP32",,"not_applicable","ComplexFP64",,,,,,,,"PASS","OK"
"stage08","stage08_input_preview_b07_morlet_ed9b9505e41d","formal","dtype_and_input_contract","runs/stage08_input_preview_b07_morlet_ed9b9505e41d/formal/20260810T090707Z_ed9b9505e41d_stage08_b07_formal_8751000a/operator_dtype_evidence_morlet_not_applicable_20260810T090707Z_ed9b9505e41d_stage08_b07_formal_8751000a.csv","20260810T090707Z_ed9b9505e41d_stage08_b07_formal_8751000a","morlet__morlet_int16_10e3__73e8fc6d05ce8136","morlet","INT16",,"actual_typed_frequency_scale_scalars_fp32_compute_complex_fp64_storage_extension","2","frequency:INT16:scalar:bytes=2:sha256=ceb827ad3d3884fd4d50ae6099d6d50c09a21e72ebd309708e8b69d93df19e55|scale:INT16:scalar:bytes=2:sha256=99be5efb88ca2013bd8e4eb035fd42d5245468fe9afa70d8ba9c1c419a48c4e8",,"[{""dtype"":""INT16"",""element_count"":""1"",""generator"":""configured_typed_scalar"",""input_name"":""frequency"",""preview_head4_tail2"":""i=0:6"",""shape"":""scalar""},{""dtype"":""INT16"",""element_count"":""1"",""generator"":""configured_typed_scalar"",""input_name"":""scale"",""preview_head4_tail2"":""i=0:2"",""shape"":""scalar""}]","{""complete"":""false"",""dtype"":""INT16"",""frequency"":""6"",""n"":""1024"",""scale"":""2""}","73e8fc6d05ce8136b03ec6c1e5871752b4c78310946c5af6cadd21f23a5cb8aa","ComplexFP32",,"not_applicable","ComplexFP64",,,,,,,,"PASS","OK"
"stage08","stage08_input_preview_b07_morlet_ed9b9505e41d","formal","dtype_and_input_contract","runs/stage08_input_preview_b07_morlet_ed9b9505e41d/formal/20260810T090707Z_ed9b9505e41d_stage08_b07_formal_8751000b/operator_dtype_evidence_morlet_not_applicable_20260810T090707Z_ed9b9505e41d_stage08_b07_formal_8751000b.csv","20260810T090707Z_ed9b9505e41d_stage08_b07_formal_8751000b","morlet__morlet_int16_10e4__ef2b5827b5f78457","morlet","INT16",,"actual_typed_frequency_scale_scalars_fp32_compute_complex_fp64_storage_extension","2","frequency:INT16:scalar:bytes=2:sha256=0a6361b3a802f55cd5ae06101c88a1e216320fe11cc0cfe1d791eed08a1200fd|scale:INT16:scalar:bytes=2:sha256=9b4fb24edd6d1d8830e272398263cdbf026b97392cc35387b991dc0248a628f9",,"[{""dtype"":""INT16"",""element_count"":""1"",""generator"":""configured_typed_scalar"",""input_name"":""frequency"",""preview_head4_tail2"":""i=0:7"",""shape"":""scalar""},{""dtype"":""INT16"",""element_count"":""1"",""generator"":""configured_typed_scalar"",""input_name"":""scale"",""preview_head4_tail2"":""i=0:3"",""shape"":""scalar""}]","{""complete"":""true"",""dtype"":""INT16"",""frequency"":""7"",""n"":""10000"",""scale"":""3""}","ef2b5827b5f7845742d17081277741161d5736aed884093e90ad6b50d7f509e1","ComplexFP32",,"not_applicable","ComplexFP64",,,,,,,,"PASS","OK"
"stage08","stage08_input_preview_b07_morlet_ed9b9505e41d","formal","dtype_and_input_contract","runs/stage08_input_preview_b07_morlet_ed9b9505e41d/formal/20260810T090708Z_ed9b9505e41d_stage08_b07_formal_8751000c/operator_dtype_evidence_morlet_not_applicable_20260810T090708Z_ed9b9505e41d_stage08_b07_formal_8751000c.csv","20260810T090708Z_ed9b9505e41d_stage08_b07_formal_8751000c","morlet__morlet_int8_10e2__884a156c91849e6a","morlet","INT8",,"actual_typed_frequency_scale_scalars_fp32_compute_complex_fp64_storage_extension","2","frequency:INT8:scalar:bytes=1:sha256=e77b9a9ae9e30b0dbdb6f510a264ef9de781501d7b6b92ae89eb059c5ab743db|scale:INT8:scalar:bytes=1:sha256=4bf5122f344554c53bde2ebb8cd2b7e3d1600ad631c385a5d7cce23c7785459a",,"[{""dtype"":""INT8"",""element_count"":""1"",""generator"":""configured_typed_scalar"",""input_name"":""frequency"",""preview_head4_tail2"":""i=0:5"",""shape"":""scalar""},{""dtype"":""INT8"",""element_count"":""1"",""generator"":""configured_typed_scalar"",""input_name"":""scale"",""preview_head4_tail2"":""i=0:1"",""shape"":""scalar""}]","{""complete"":""true"",""dtype"":""INT8"",""frequency"":""5"",""n"":""100"",""scale"":""1""}","884a156c91849e6a9d03015d5cdc1d8ed7eebe0d39ec43e0323626603c4aa524","ComplexFP32",,"not_applicable","ComplexFP64",,,,,,,,"PASS","OK"
"stage08","stage08_input_preview_b07_morlet_ed9b9505e41d","formal","dtype_and_input_contract","runs/stage08_input_preview_b07_morlet_ed9b9505e41d/formal/20260810T090708Z_ed9b9505e41d_stage08_b07_formal_8751000d/operator_dtype_evidence_morlet_not_applicable_20260810T090708Z_ed9b9505e41d_stage08_b07_formal_8751000d.csv","20260810T090708Z_ed9b9505e41d_stage08_b07_formal_8751000d","morlet__morlet_int8_10e3__2a6c7ddff5ffce9e","morlet","INT8",,"actual_typed_frequency_scale_scalars_fp32_compute_complex_fp64_storage_extension","2","frequency:INT8:scalar:bytes=1:sha256=67586e98fad27da0b9968bc039a1ef34c939b9b8e523a8bef89d478608c5ecf6|scale:INT8:scalar:bytes=1:sha256=dbc1b4c900ffe48d575b5da5c638040125f65db0fe3e24494b76ea986457d986",,"[{""dtype"":""INT8"",""element_count"":""1"",""generator"":""configured_typed_scalar"",""input_name"":""frequency"",""preview_head4_tail2"":""i=0:6"",""shape"":""scalar""},{""dtype"":""INT8"",""element_count"":""1"",""generator"":""configured_typed_scalar"",""input_name"":""scale"",""preview_head4_tail2"":""i=0:2"",""shape"":""scalar""}]","{""complete"":""false"",""dtype"":""INT8"",""frequency"":""6"",""n"":""1024"",""scale"":""2""}","2a6c7ddff5ffce9e785022875201c87c4d19d094ac2c0c96567622ad539257ac","ComplexFP32",,"not_applicable","ComplexFP64",,,,,,,,"PASS","OK"
"stage08","stage08_input_preview_b07_morlet_ed9b9505e41d","formal","dtype_and_input_contract","runs/stage08_input_preview_b07_morlet_ed9b9505e41d/formal/20260810T090708Z_ed9b9505e41d_stage08_b07_formal_8751000e/operator_dtype_evidence_morlet_not_applicable_20260810T090708Z_ed9b9505e41d_stage08_b07_formal_8751000e.csv","20260810T090708Z_ed9b9505e41d_stage08_b07_formal_8751000e","morlet__morlet_int8_10e4__8e188e850355d91d","morlet","INT8",,"actual_typed_frequency_scale_scalars_fp32_compute_complex_fp64_storage_extension","2","frequency:INT8:scalar:bytes=1:sha256=ca358758f6d27e6cf45272937977a748fd88391db679ceda7dc7bf1f005ee879|scale:INT8:scalar:bytes=1:sha256=084fed08b978af4d7d196a7446a86b58009e636b611db16211b65a9aadff29c5",,"[{""dtype"":""INT8"",""element_count"":""1"",""generator"":""configured_typed_scalar"",""input_name"":""frequency"",""preview_head4_tail2"":""i=0:7"",""shape"":""scalar""},{""dtype"":""INT8"",""element_count"":""1"",""generator"":""configured_typed_scalar"",""input_name"":""scale"",""preview_head4_tail2"":""i=0:3"",""shape"":""scalar""}]","{""complete"":""true"",""dtype"":""INT8"",""frequency"":""7"",""n"":""10000"",""scale"":""3""}","8e188e850355d91d43bd3b7fd4a30862aebe0817b713776ea6d9666a03db076a","ComplexFP32",,"not_applicable","ComplexFP64",,,,,,,,"PASS","OK"
"stage08","stage08_input_preview_b07_qmf_ed9b9505e41d","formal","dtype_and_input_contract","runs/stage08_input_preview_b07_qmf_ed9b9505e41d/formal/20260810T090748Z_ed9b9505e41d_stage08_b07_formal_87530000/operator_dtype_evidence_qmf_not_applicable_20260810T090748Z_ed9b9505e41d_stage08_b07_formal_87530000.csv","20260810T090748Z_ed9b9505e41d_stage08_b07_formal_87530000","qmf__qmf_fp32_10e2__c298d1bdcebc546a","qmf","FP32",,"actual_typed_hk_array_length_only_int64_output","1","hk:FP32:[100]:bytes=400:sha256=a0b713c55900386c88b0f7db3e9573e1d9dda6a8288581664fe7674940991a41",,"[{""dtype"":""FP32"",""element_count"":""100"",""generator"":""qmf_sinusoid_or_modular(seed=87300001,integral=false)"",""input_name"":""hk"",""preview_head4_tail2"":""i=0:0.078125;i=1:0.10937;i=2:0.140584;i=3:0.171738;i=98:0.157135;i=99:0.125949"",""shape"":""[100]""}]","{""dtype"":""FP32"",""elements"":""100"",""seed"":""87300001""}","c298d1bdcebc546a08f6cf4eefec20a2b7acbb810db994beef0c49b7149f5ab1","INT64",,"not_applicable","INT64",,,,,,,,"PASS","OK"
"stage08","stage08_input_preview_b07_qmf_ed9b9505e41d","formal","dtype_and_input_contract","runs/stage08_input_preview_b07_qmf_ed9b9505e41d/formal/20260810T090749Z_ed9b9505e41d_stage08_b07_formal_87530001/operator_dtype_evidence_qmf_not_applicable_20260810T090749Z_ed9b9505e41d_stage08_b07_formal_87530001.csv","20260810T090749Z_ed9b9505e41d_stage08_b07_formal_87530001","qmf__qmf_fp32_10e3__2ab5b2b6f70e7a3a","qmf","FP32",,"actual_typed_hk_array_length_only_int64_output","1","hk:FP32:[1024]:bytes=4096:sha256=dcfcbbe045968cc77951df19b75b8f40c9aef71fa23471d396e816818d9a9ee7",,"[{""dtype"":""FP32"",""element_count"":""1024"",""generator"":""qmf_sinusoid_or_modular(seed=87300002,integral=false)"",""input_name"":""hk"",""preview_head4_tail2"":""i=0:0.09375;i=1:0.124995;i=2:0.156209;i=3:0.187363;i=1022:0.591995;i=1023:0.618842"",""shape"":""[1024]""}]","{""dtype"":""FP32"",""elements"":""1024"",""seed"":""87300002""}","2ab5b2b6f70e7a3ad44b6cf6b6e6bf6163caab7b99e10ea68cc99c66a8c576d1","INT64",,"not_applicable","INT64",,,,,,,,"PASS","OK"
"stage08","stage08_input_preview_b07_qmf_ed9b9505e41d","formal","dtype_and_input_contract","runs/stage08_input_preview_b07_qmf_ed9b9505e41d/formal/20260810T090749Z_ed9b9505e41d_stage08_b07_formal_87530002/operator_dtype_evidence_qmf_not_applicable_20260810T090749Z_ed9b9505e41d_stage08_b07_formal_87530002.csv","20260810T090749Z_ed9b9505e41d_stage08_b07_formal_87530002","qmf__qmf_fp32_10e4__d9e749c356951328","qmf","FP32",,"actual_typed_hk_array_length_only_int64_output","1","hk:FP32:[10000]:bytes=40000:sha256=6c0166f284f8ea90865c73de58e29d8f138405f74f086706557db98161de4a2a",,"[{""dtype"":""FP32"",""element_count"":""10000"",""generator"":""qmf_sinusoid_or_modular(seed=87300003,integral=false)"",""input_name"":""hk"",""preview_head4_tail2"":""i=0:0;i=1:0.0312449;i=2:0.0624593;i=3:0.0936127;i=9998:-0.988626;i=9999:-0.992842"",""shape"":""[10000]""}]","{""dtype"":""FP32"",""elements"":""10000"",""seed"":""87300003""}","d9e749c356951328661d838c191b3d83f86db69155e33ddb95c1a817d8a031a3","INT64",,"not_applicable","INT64",,,,,,,,"PASS","OK"
"stage08","stage08_input_preview_b07_qmf_ed9b9505e41d","formal","dtype_and_input_contract","runs/stage08_input_preview_b07_qmf_ed9b9505e41d/formal/20260810T090749Z_ed9b9505e41d_stage08_b07_formal_87530003/operator_dtype_evidence_qmf_not_applicable_20260810T090749Z_ed9b9505e41d_stage08_b07_formal_87530003.csv","20260810T090749Z_ed9b9505e41d_stage08_b07_formal_87530003","qmf__qmf_fp16_10e2__d0e1af24eb55a388","qmf","FP16",,"actual_typed_hk_array_length_only_int64_output","1","hk:FP16:[100]:bytes=200:sha256=964c78ae85bec52632a17f122b9b2c916b052dc9316e10229f5f18fe728a7bee",,"[{""dtype"":""FP16"",""element_count"":""100"",""generator"":""qmf_sinusoid_or_modular(seed=87300004,integral=false)"",""input_name"":""hk"",""preview_head4_tail2"":""i=0:0.015625;i=1:0.0468699;i=2:0.0780843;i=3:0.109238;i=98:0.0946352;i=99:0.0634494"",""shape"":""[100]""}]","{""dtype"":""FP16"",""elements"":""100"",""seed"":""87300004""}","d0e1af24eb55a388a9cb93fda66588897332ae69b055673416f1c9e38629511a","INT64",,"not_applicable","INT64",,,,,,,,"PASS","OK"
"stage08","stage08_input_preview_b07_qmf_ed9b9505e41d","formal","dtype_and_input_contract","runs/stage08_input_preview_b07_qmf_ed9b9505e41d/formal/20260810T090749Z_ed9b9505e41d_stage08_b07_formal_87530004/operator_dtype_evidence_qmf_not_applicable_20260810T090749Z_ed9b9505e41d_stage08_b07_formal_87530004.csv","20260810T090749Z_ed9b9505e41d_stage08_b07_formal_87530004","qmf__qmf_fp16_10e3__700d011753764d5b","qmf","FP16",,"actual_typed_hk_array_length_only_int64_output","1","hk:FP16:[1024]:bytes=2048:sha256=de70a8552aae3152ce0a65b7925853a5f74acb02ee4d37e4d754f9049cd75d5a",,"[{""dtype"":""FP16"",""element_count"":""1024"",""generator"":""qmf_sinusoid_or_modular(seed=87300005,integral=false)"",""input_name"":""hk"",""preview_head4_tail2"":""i=0:0.03125;i=1:0.0624949;i=2:0.0937093;i=3:0.124863;i=1022:0.529495;i=1023:0.556342"",""shape"":""[1024]""}]","{""dtype"":""FP16"",""elements"":""1024"",""seed"":""87300005""}","700d011753764d5bd5aa305adeedb4bf2bb630e498166d6578838f331afd0f69","INT64",,"not_applicable","INT64",,,,,,,,"PASS","OK"
"stage08","stage08_input_preview_b07_qmf_ed9b9505e41d","formal","dtype_and_input_contract","runs/stage08_input_preview_b07_qmf_ed9b9505e41d/formal/20260810T090749Z_ed9b9505e41d_stage08_b07_formal_87530005/operator_dtype_evidence_qmf_not_applicable_20260810T090749Z_ed9b9505e41d_stage08_b07_formal_87530005.csv","20260810T090749Z_ed9b9505e41d_stage08_b07_formal_87530005","qmf__qmf_fp16_10e4__f34c6786f9ed93f2","qmf","FP16",,"actual_typed_hk_array_length_only_int64_output","1","hk:FP16:[10000]:bytes=20000:sha256=dbb1308e4b7467fe99f087cf30b3486d56b77551fbef4ac406e9a15116f4a5cb",,"[{""dtype"":""FP16"",""element_count"":""10000"",""generator"":""qmf_sinusoid_or_modular(seed=87300006,integral=false)"",""input_name"":""hk"",""preview_head4_tail2"":""i=0:0.046875;i=1:0.0781199;i=2:0.109334;i=3:0.140488;i=9998:-0.941751;i=9999:-0.945967"",""shape"":""[10000]""}]","{""dtype"":""FP16"",""elements"":""10000"",""seed"":""87300006""}","f34c6786f9ed93f24796a3fcc46bbfa304177aef28a2b3ceb5815625beb78097","INT64",,"not_applicable","INT64",,,,,,,,"PASS","OK"
"stage08","stage08_input_preview_b07_qmf_ed9b9505e41d","formal","dtype_and_input_contract","runs/stage08_input_preview_b07_qmf_ed9b9505e41d/formal/20260810T090749Z_ed9b9505e41d_stage08_b07_formal_87530006/operator_dtype_evidence_qmf_not_applicable_20260810T090749Z_ed9b9505e41d_stage08_b07_formal_87530006.csv","20260810T090749Z_ed9b9505e41d_stage08_b07_formal_87530006","qmf__qmf_int32_10e2__594f957635ea00bb","qmf","INT32",,"actual_typed_hk_array_length_only_int64_output","1","hk:INT32:[100]:bytes=400:sha256=70139740a5d2234ba597bdecd63d09215a1d14da44658a0d290873c314031172",,"[{""dtype"":""INT32"",""element_count"":""100"",""generator"":""qmf_sinusoid_or_modular(seed=87300007,integral=true)"",""input_name"":""hk"",""preview_head4_tail2"":""i=0:-45;i=1:-38;i=2:-31;i=3:-24;i=98:-38;i=99:-31"",""shape"":""[100]""}]","{""dtype"":""INT32"",""elements"":""100"",""seed"":""87300007""}","594f957635ea00bb952683bd249f14ebaa022490956c92f1b0d49e73d1ecdb5d","INT64",,"not_applicable","INT64",,,,,,,,"PASS","OK"
"stage08","stage08_input_preview_b07_qmf_ed9b9505e41d","formal","dtype_and_input_contract","runs/stage08_input_preview_b07_qmf_ed9b9505e41d/formal/20260810T090749Z_ed9b9505e41d_stage08_b07_formal_87530007/operator_dtype_evidence_qmf_not_applicable_20260810T090749Z_ed9b9505e41d_stage08_b07_formal_87530007.csv","20260810T090749Z_ed9b9505e41d_stage08_b07_formal_87530007","qmf__qmf_int32_10e3__a6db427bd9bb8e56","qmf","INT32",,"actual_typed_hk_array_length_only_int64_output","1","hk:INT32:[1024]:bytes=4096:sha256=ecadb6eb4473dd4024a75fb0dd39c0cd5dc0c445df9e73f0a6f2af1824fb20d9",,"[{""dtype"":""INT32"",""element_count"":""1024"",""generator"":""qmf_sinusoid_or_modular(seed=87300008,integral=true)"",""input_name"":""hk"",""preview_head4_tail2"":""i=0:-44;i=1:-37;i=2:-30;i=3:-23;i=1022:29;i=1023:36"",""shape"":""[1024]""}]","{""dtype"":""INT32"",""elements"":""1024"",""seed"":""87300008""}","a6db427bd9bb8e56eb6bb3d3e1ce8b9d6f33622ca8ca74fe1255da56e0300916","INT64",,"not_applicable","INT64",,,,,,,,"PASS","OK"
"stage08","stage08_input_preview_b07_qmf_ed9b9505e41d","formal","dtype_and_input_contract","runs/stage08_input_preview_b07_qmf_ed9b9505e41d/formal/20260810T090750Z_ed9b9505e41d_stage08_b07_formal_87530008/operator_dtype_evidence_qmf_not_applicable_20260810T090750Z_ed9b9505e41d_stage08_b07_formal_87530008.csv","20260810T090750Z_ed9b9505e41d_stage08_b07_formal_87530008","qmf__qmf_int32_10e4__d20179895c2a3864","qmf","INT32",,"actual_typed_hk_array_length_only_int64_output","1","hk:INT32:[10000]:bytes=40000:sha256=66c42e88e1961af0bcd4a351bed6f36257329c856da6b5ccc7f8c8b506f9ed55",,"[{""dtype"":""INT32"",""element_count"":""10000"",""generator"":""qmf_sinusoid_or_modular(seed=87300009,integral=true)"",""input_name"":""hk"",""preview_head4_tail2"":""i=0:-43;i=1:-36;i=2:-29;i=3:-22;i=9998:6;i=9999:13"",""shape"":""[10000]""}]","{""dtype"":""INT32"",""elements"":""10000"",""seed"":""87300009""}","d20179895c2a38641238085efbe18e0ea99ba0a2e86b59a53736aed6a56e3888","INT64",,"not_applicable","INT64",,,,,,,,"PASS","OK"
"stage08","stage08_input_preview_b07_qmf_ed9b9505e41d","formal","dtype_and_input_contract","runs/stage08_input_preview_b07_qmf_ed9b9505e41d/formal/20260810T090750Z_ed9b9505e41d_stage08_b07_formal_87530009/operator_dtype_evidence_qmf_not_applicable_20260810T090750Z_ed9b9505e41d_stage08_b07_formal_87530009.csv","20260810T090750Z_ed9b9505e41d_stage08_b07_formal_87530009","qmf__qmf_int16_10e2__8ccf37e17eb40c34","qmf","INT16",,"actual_typed_hk_array_length_only_int64_output","1","hk:INT16:[100]:bytes=200:sha256=77c004229cc3ba3d6cdb66b5b4bcdf8435c650e8e94f05dae014a6e5d2787d67",,"[{""dtype"":""INT16"",""element_count"":""100"",""generator"":""qmf_sinusoid_or_modular(seed=87300010,integral=true)"",""input_name"":""hk"",""preview_head4_tail2"":""i=0:-42;i=1:-35;i=2:-28;i=3:-21;i=98:-35;i=99:-28"",""shape"":""[100]""}]","{""dtype"":""INT16"",""elements"":""100"",""seed"":""87300010""}","8ccf37e17eb40c34a1d64622e4e38b5dcbef2e6f8bf93efbfd617063196ffdd4","INT64",,"not_applicable","INT64",,,,,,,,"PASS","OK"
"stage08","stage08_input_preview_b07_qmf_ed9b9505e41d","formal","dtype_and_input_contract","runs/stage08_input_preview_b07_qmf_ed9b9505e41d/formal/20260810T090750Z_ed9b9505e41d_stage08_b07_formal_8753000a/operator_dtype_evidence_qmf_not_applicable_20260810T090750Z_ed9b9505e41d_stage08_b07_formal_8753000a.csv","20260810T090750Z_ed9b9505e41d_stage08_b07_formal_8753000a","qmf__qmf_int16_10e3__c36a6a4bfc485911","qmf","INT16",,"actual_typed_hk_array_length_only_int64_output","1","hk:INT16:[1024]:bytes=2048:sha256=686d17b3c6c540b92f5e391744130bed9527e9c0f9bd6e7413c2c2ab2fc025b8",,"[{""dtype"":""INT16"",""element_count"":""1024"",""generator"":""qmf_sinusoid_or_modular(seed=87300011,integral=true)"",""input_name"":""hk"",""preview_head4_tail2"":""i=0:-41;i=1:-34;i=2:-27;i=3:-20;i=1022:32;i=1023:39"",""shape"":""[1024]""}]","{""dtype"":""INT16"",""elements"":""1024"",""seed"":""87300011""}","c36a6a4bfc485911c0b22b2b6bae27857d64cf74fff3134b096877842c969d30","INT64",,"not_applicable","INT64",,,,,,,,"PASS","OK"
"stage08","stage08_input_preview_b07_qmf_ed9b9505e41d","formal","dtype_and_input_contract","runs/stage08_input_preview_b07_qmf_ed9b9505e41d/formal/20260810T090750Z_ed9b9505e41d_stage08_b07_formal_8753000b/operator_dtype_evidence_qmf_not_applicable_20260810T090750Z_ed9b9505e41d_stage08_b07_formal_8753000b.csv","20260810T090750Z_ed9b9505e41d_stage08_b07_formal_8753000b","qmf__qmf_int16_10e4__a155b2640c286884","qmf","INT16",,"actual_typed_hk_array_length_only_int64_output","1","hk:INT16:[10000]:bytes=20000:sha256=4fbbbeed1b7d58055ddbdba146189545c9a7b94df93a8f9ca60ce86edd156f5d",,"[{""dtype"":""INT16"",""element_count"":""10000"",""generator"":""qmf_sinusoid_or_modular(seed=87300012,integral=true)"",""input_name"":""hk"",""preview_head4_tail2"":""i=0:-40;i=1:-33;i=2:-26;i=3:-19;i=9998:9;i=9999:16"",""shape"":""[10000]""}]","{""dtype"":""INT16"",""elements"":""10000"",""seed"":""87300012""}","a155b2640c2868847523534a4a482462a3c7b56a52c573f2186becddab98e1c1","INT64",,"not_applicable","INT64",,,,,,,,"PASS","OK"
"stage08","stage08_input_preview_b07_qmf_ed9b9505e41d","formal","dtype_and_input_contract","runs/stage08_input_preview_b07_qmf_ed9b9505e41d/formal/20260810T090750Z_ed9b9505e41d_stage08_b07_formal_8753000c/operator_dtype_evidence_qmf_not_applicable_20260810T090750Z_ed9b9505e41d_stage08_b07_formal_8753000c.csv","20260810T090750Z_ed9b9505e41d_stage08_b07_formal_8753000c","qmf__qmf_int8_10e2__2aba6117d001d6bb","qmf","INT8",,"actual_typed_hk_array_length_only_int64_output","1","hk:INT8:[100]:bytes=100:sha256=2830da272006b9f27f8541551c1b819d5ae3a4086ccc1a03e07769b0b53badb4",,"[{""dtype"":""INT8"",""element_count"":""100"",""generator"":""qmf_sinusoid_or_modular(seed=87300013,integral=true)"",""input_name"":""hk"",""preview_head4_tail2"":""i=0:-39;i=1:-32;i=2:-25;i=3:-18;i=98:-32;i=99:-25"",""shape"":""[100]""}]","{""dtype"":""INT8"",""elements"":""100"",""seed"":""87300013""}","2aba6117d001d6bb3b27f61d065f0c704e2dd390395f8d0d6c42f8bd12aaf356","INT64",,"not_applicable","INT64",,,,,,,,"PASS","OK"
"stage08","stage08_input_preview_b07_qmf_ed9b9505e41d","formal","dtype_and_input_contract","runs/stage08_input_preview_b07_qmf_ed9b9505e41d/formal/20260810T090750Z_ed9b9505e41d_stage08_b07_formal_8753000d/operator_dtype_evidence_qmf_not_applicable_20260810T090750Z_ed9b9505e41d_stage08_b07_formal_8753000d.csv","20260810T090750Z_ed9b9505e41d_stage08_b07_formal_8753000d","qmf__qmf_int8_10e3__a50270a408125fcf","qmf","INT8",,"actual_typed_hk_array_length_only_int64_output","1","hk:INT8:[1024]:bytes=1024:sha256=bbe51df46a0d39937dca4ca472058a1157fc4a426a4fe4a3883ac31168832ded",,"[{""dtype"":""INT8"",""element_count"":""1024"",""generator"":""qmf_sinusoid_or_modular(seed=87300014,integral=true)"",""input_name"":""hk"",""preview_head4_tail2"":""i=0:-38;i=1:-31;i=2:-24;i=3:-17;i=1022:35;i=1023:42"",""shape"":""[1024]""}]","{""dtype"":""INT8"",""elements"":""1024"",""seed"":""87300014""}","a50270a408125fcfb2b4a14e5f5585f6ec8a5f14b3a84ca00072de22303da506","INT64",,"not_applicable","INT64",,,,,,,,"PASS","OK"
"stage08","stage08_input_preview_b07_qmf_ed9b9505e41d","formal","dtype_and_input_contract","runs/stage08_input_preview_b07_qmf_ed9b9505e41d/formal/20260810T090750Z_ed9b9505e41d_stage08_b07_formal_8753000e/operator_dtype_evidence_qmf_not_applicable_20260810T090750Z_ed9b9505e41d_stage08_b07_formal_8753000e.csv","20260810T090750Z_ed9b9505e41d_stage08_b07_formal_8753000e","qmf__qmf_int8_10e4__6ddfa6315f8f2558","qmf","INT8",,"actual_typed_hk_array_length_only_int64_output","1","hk:INT8:[10000]:bytes=10000:sha256=1db7473ee2fe4a651d67d5c5f1771782870d1eefbfb335bb1f31a9b6c15bfdce",,"[{""dtype"":""INT8"",""element_count"":""10000"",""generator"":""qmf_sinusoid_or_modular(seed=87300015,integral=true)"",""input_name"":""hk"",""preview_head4_tail2"":""i=0:-48;i=1:-41;i=2:-34;i=3:-27;i=9998:1;i=9999:8"",""shape"":""[10000]""}]","{""dtype"":""INT8"",""elements"":""10000"",""seed"":""87300015""}","6ddfa6315f8f2558759564a92421046aa97336c667ade5aeca28264294b188b3","INT64",,"not_applicable","INT64",,,,,,,,"PASS","OK"
"stage08","stage08_input_preview_b07_smoke_20260810T0920Z","smoke","dtype_and_input_contract","runs/stage08_input_preview_b07_smoke_20260810T0920Z/smoke/20260810T092000Z_7951a0288e32_stage08_b07_smoke_87400001/operator_dtype_evidence_qmf_not_applicable_20260810T092000Z_7951a0288e32_stage08_b07_smoke_87400001.csv","20260810T092000Z_7951a0288e32_stage08_b07_smoke_87400001","qmf__qmf_fp32_10e2__c298d1bdcebc546a","qmf","FP32",,"actual_typed_hk_array_length_only_int64_output","1","hk:FP32:[100]:bytes=400:sha256=a0b713c55900386c88b0f7db3e9573e1d9dda6a8288581664fe7674940991a41",,"[{""dtype"":""FP32"",""element_count"":""100"",""generator"":""qmf_sinusoid_or_modular(seed=87300001,integral=false)"",""input_name"":""hk"",""preview_head4_tail2"":""i=0:0.078125;i=1:0.10937;i=2:0.140584;i=3:0.171738;i=98:0.157135;i=99:0.125949"",""shape"":""[100]""}]","{""dtype"":""FP32"",""elements"":""100"",""seed"":""87300001""}","c298d1bdcebc546a08f6cf4eefec20a2b7acbb810db994beef0c49b7149f5ab1","INT64",,"not_applicable","INT64",,,,,,,,"PASS","OK"
"stage08","stage08_input_preview_b08_gauss_spline_bdef73fce32b","formal","dtype_and_input_contract","runs/stage08_input_preview_b08_gauss_spline_bdef73fce32b/formal/20260810T091331Z_bdef73fce32b_stage08_b08_formal_87710000/operator_dtype_evidence_gauss_spline_not_applicable_20260810T091331Z_bdef73fce32b_stage08_b08_formal_87710000.csv","20260810T091331Z_bdef73fce32b_stage08_b08_formal_87710000","gauss_spline__gauss_spline_fp32_10e2__57a6a5b2a3940e8f","gauss_spline","FP32",,"actual_typed_x_fp32_compute_same_dtype_output","1","x:FP32:[100]:bytes=400:sha256=7b2d6e322a54544449b43061525563b04b2732f0a407579fcf90b8b54df73781",,"[{""dtype"":""FP32"",""element_count"":""100"",""generator"":""bspline_modular_or_piecewise_ramp(seed=87400000,integral=false)"",""input_name"":""x"",""preview_head4_tail2"":""i=0:-3.9375;i=1:-3.90625;i=2:-3.875;i=3:-3.84375;i=98:-0.875;i=99:-0.84375"",""shape"":""[100]""}]","{""dtype"":""FP32"",""elements"":""100"",""operator"":""gauss_spline"",""order"":""0"",""seed"":""87400000""}","57a6a5b2a3940e8f3cb444baad3728c9ae474bce486f2c1c8af23514f785b069","FP32",,"not_applicable","FP32",,,,,,,,"PASS","OK"
"stage08","stage08_input_preview_b08_gauss_spline_bdef73fce32b","formal","dtype_and_input_contract","runs/stage08_input_preview_b08_gauss_spline_bdef73fce32b/formal/20260810T091331Z_bdef73fce32b_stage08_b08_formal_87710001/operator_dtype_evidence_gauss_spline_not_applicable_20260810T091331Z_bdef73fce32b_stage08_b08_formal_87710001.csv","20260810T091331Z_bdef73fce32b_stage08_b08_formal_87710001","gauss_spline__gauss_spline_fp32_10e3__ce791367126c5b15","gauss_spline","FP32",,"actual_typed_x_fp32_compute_same_dtype_output","1","x:FP32:[1024]:bytes=4096:sha256=d8961c5f7c24a995d72217089d6e5c376e9edbe07f5c98f7160c01fc56b0b37c",,"[{""dtype"":""FP32"",""element_count"":""1024"",""generator"":""bspline_modular_or_piecewise_ramp(seed=87400001,integral=false)"",""input_name"":""x"",""preview_head4_tail2"":""i=0:-3.875;i=1:-3.84375;i=2:-3.8125;i=3:-3.78125;i=1022:3.96875;i=1023:4"",""shape"":""[1024]""}]","{""dtype"":""FP32"",""elements"":""1024"",""operator"":""gauss_spline"",""order"":""2"",""seed"":""87400001""}","ce791367126c5b155447412d29d8ad8c859176dd56fc0d4f37056db75a3422c0","FP32",,"not_applicable","FP32",,,,,,,,"PASS","OK"
"stage08","stage08_input_preview_b08_gauss_spline_bdef73fce32b","formal","dtype_and_input_contract","runs/stage08_input_preview_b08_gauss_spline_bdef73fce32b/formal/20260810T091331Z_bdef73fce32b_stage08_b08_formal_87710002/operator_dtype_evidence_gauss_spline_not_applicable_20260810T091331Z_bdef73fce32b_stage08_b08_formal_87710002.csv","20260810T091331Z_bdef73fce32b_stage08_b08_formal_87710002","gauss_spline__gauss_spline_fp32_10e4__b2aec7edeb4cfc9d","gauss_spline","FP32",,"actual_typed_x_fp32_compute_same_dtype_output","1","x:FP32:[10000]:bytes=40000:sha256=5da44c19fb8ed7b7ae15e1fcad316659deb55fa6c93c26d08823b6baafdaffc3",,"[{""dtype"":""FP32"",""element_count"":""10000"",""generator"":""bspline_modular_or_piecewise_ramp(seed=87400002,integral=false)"",""input_name"":""x"",""preview_head4_tail2"":""i=0:-4;i=1:-3.96875;i=2:-3.9375;i=3:-3.90625;i=9998:3.25;i=9999:3.28125"",""shape"":""[10000]""}]","{""dtype"":""FP32"",""elements"":""10000"",""operator"":""gauss_spline"",""order"":""4"",""seed"":""87400002""}","b2aec7edeb4cfc9d08b031e9072feb7f35c0574442c544de5ce96160b2a2e874","FP32",,"not_applicable","FP32",,,,,,,,"PASS","OK"
"stage08","stage08_input_preview_b08_gauss_spline_bdef73fce32b","formal","dtype_and_input_contract","runs/stage08_input_preview_b08_gauss_spline_bdef73fce32b/formal/20260810T091332Z_bdef73fce32b_stage08_b08_formal_87710003/operator_dtype_evidence_gauss_spline_not_applicable_20260810T091332Z_bdef73fce32b_stage08_b08_formal_87710003.csv","20260810T091332Z_bdef73fce32b_stage08_b08_formal_87710003","gauss_spline__gauss_spline_fp16_10e2__e0187e4848ff8668","gauss_spline","FP16",,"actual_typed_x_fp32_compute_same_dtype_output","1","x:FP16:[100]:bytes=200:sha256=a37c5ea4a0e3be5ce70610a9cb83d38c5a0a4fae66bf1b68f7290056aa0c9337",,"[{""dtype"":""FP16"",""element_count"":""100"",""generator"":""bspline_modular_or_piecewise_ramp(seed=87400003,integral=false)"",""input_name"":""x"",""preview_head4_tail2"":""i=0:-3.9375;i=1:-3.90625;i=2:-3.875;i=3:-3.84375;i=98:-0.875;i=99:-0.84375"",""shape"":""[100]""}]","{""dtype"":""FP16"",""elements"":""100"",""operator"":""gauss_spline"",""order"":""0"",""seed"":""87400003""}","e0187e4848ff86687474745db6181b1ea28906967c77c21948e75e2321091e33","FP32",,"not_applicable","FP16",,,,,,,,"PASS","OK"
"stage08","stage08_input_preview_b08_gauss_spline_bdef73fce32b","formal","dtype_and_input_contract","runs/stage08_input_preview_b08_gauss_spline_bdef73fce32b/formal/20260810T091332Z_bdef73fce32b_stage08_b08_formal_87710004/operator_dtype_evidence_gauss_spline_not_applicable_20260810T091332Z_bdef73fce32b_stage08_b08_formal_87710004.csv","20260810T091332Z_bdef73fce32b_stage08_b08_formal_87710004","gauss_spline__gauss_spline_fp16_10e3__e13bd31426795f3e","gauss_spline","FP16",,"actual_typed_x_fp32_compute_same_dtype_output","1","x:FP16:[1024]:bytes=2048:sha256=496102546e24405c81b128d731fd169bba441a9ba01072dd05722d5733faaa0f",,"[{""dtype"":""FP16"",""element_count"":""1024"",""generator"":""bspline_modular_or_piecewise_ramp(seed=87400004,integral=false)"",""input_name"":""x"",""preview_head4_tail2"":""i=0:-3.875;i=1:-3.84375;i=2:-3.8125;i=3:-3.78125;i=1022:3.96875;i=1023:4"",""shape"":""[1024]""}]","{""dtype"":""FP16"",""elements"":""1024"",""operator"":""gauss_spline"",""order"":""2"",""seed"":""87400004""}","e13bd31426795f3ed609902cc809371e97c721c8318b49add5b121b973294b02","FP32",,"not_applicable","FP16",,,,,,,,"PASS","OK"
"stage08","stage08_input_preview_b08_gauss_spline_bdef73fce32b","formal","dtype_and_input_contract","runs/stage08_input_preview_b08_gauss_spline_bdef73fce32b/formal/20260810T091332Z_bdef73fce32b_stage08_b08_formal_87710005/operator_dtype_evidence_gauss_spline_not_applicable_20260810T091332Z_bdef73fce32b_stage08_b08_formal_87710005.csv","20260810T091332Z_bdef73fce32b_stage08_b08_formal_87710005","gauss_spline__gauss_spline_fp16_10e4__22a66eeba6dfc598","gauss_spline","FP16",,"actual_typed_x_fp32_compute_same_dtype_output","1","x:FP16:[10000]:bytes=20000:sha256=4fe724228256a3d069cacf6c9493dd56009d482c83e59ccdb4475b36dc3d4570",,"[{""dtype"":""FP16"",""element_count"":""10000"",""generator"":""bspline_modular_or_piecewise_ramp(seed=87400005,integral=false)"",""input_name"":""x"",""preview_head4_tail2"":""i=0:-4;i=1:-3.96875;i=2:-3.9375;i=3:-3.90625;i=9998:3.25;i=9999:3.28125"",""shape"":""[10000]""}]","{""dtype"":""FP16"",""elements"":""10000"",""operator"":""gauss_spline"",""order"":""4"",""seed"":""87400005""}","22a66eeba6dfc598e802406c794866f97877994d9444efe1ef9858e710bce3b4","FP32",,"not_applicable","FP16",,,,,,,,"PASS","OK"
"stage08","stage08_input_preview_b08_gauss_spline_bdef73fce32b","formal","dtype_and_input_contract","runs/stage08_input_preview_b08_gauss_spline_bdef73fce32b/formal/20260810T091332Z_bdef73fce32b_stage08_b08_formal_87710006/operator_dtype_evidence_gauss_spline_not_applicable_20260810T091332Z_bdef73fce32b_stage08_b08_formal_87710006.csv","20260810T091332Z_bdef73fce32b_stage08_b08_formal_87710006","gauss_spline__gauss_spline_int32_10e2__b2d24714b760506c","gauss_spline","INT32",,"actual_typed_x_fp32_compute_same_dtype_output","1","x:INT32:[100]:bytes=400:sha256=9e595ef881c8789d7f2c2457f06e2e319ddbd206426fd76a9bbebc56fa73232b",,"[{""dtype"":""INT32"",""element_count"":""100"",""generator"":""bspline_modular_or_piecewise_ramp(seed=87400006,integral=true)"",""input_name"":""x"",""preview_head4_tail2"":""i=0:-2;i=1:-1;i=2:0;i=3:1;i=98:-2;i=99:-1"",""shape"":""[100]""}]","{""dtype"":""INT32"",""elements"":""100"",""operator"":""gauss_spline"",""order"":""0"",""seed"":""87400006""}","b2d24714b760506c504cdef338a0d27664c0fe9f1c6564b246a664aedf4671a9","FP32",,"not_applicable","INT32",,,,,,,,"PASS","OK"
"stage08","stage08_input_preview_b08_gauss_spline_bdef73fce32b","formal","dtype_and_input_contract","runs/stage08_input_preview_b08_gauss_spline_bdef73fce32b/formal/20260810T091332Z_bdef73fce32b_stage08_b08_formal_87710007/operator_dtype_evidence_gauss_spline_not_applicable_20260810T091332Z_bdef73fce32b_stage08_b08_formal_87710007.csv","20260810T091332Z_bdef73fce32b_stage08_b08_formal_87710007","gauss_spline__gauss_spline_int32_10e3__509f0044d4332e64","gauss_spline","INT32",,"actual_typed_x_fp32_compute_same_dtype_output","1","x:INT32:[1024]:bytes=4096:sha256=4db417c77084d0e5c38a9ce86ed4bdeb1d996cf00aad7d7151609fe08a33173f",,"[{""dtype"":""INT32"",""element_count"":""1024"",""generator"":""bspline_modular_or_piecewise_ramp(seed=87400007,integral=true)"",""input_name"":""x"",""preview_head4_tail2"":""i=0:-1;i=1:0;i=2:1;i=3:2;i=1022:-1;i=1023:0"",""shape"":""[1024]""}]","{""dtype"":""INT32"",""elements"":""1024"",""operator"":""gauss_spline"",""order"":""2"",""seed"":""87400007""}","509f0044d4332e648fee190e0b89dbf6742586a0708ee72ad42f24cc8603c187","FP32",,"not_applicable","INT32",,,,,,,,"PASS","OK"
"stage08","stage08_input_preview_b08_gauss_spline_bdef73fce32b","formal","dtype_and_input_contract","runs/stage08_input_preview_b08_gauss_spline_bdef73fce32b/formal/20260810T091332Z_bdef73fce32b_stage08_b08_formal_87710008/operator_dtype_evidence_gauss_spline_not_applicable_20260810T091332Z_bdef73fce32b_stage08_b08_formal_87710008.csv","20260810T091332Z_bdef73fce32b_stage08_b08_formal_87710008","gauss_spline__gauss_spline_int32_10e4__f382208f07655018","gauss_spline","INT32",,"actual_typed_x_fp32_compute_same_dtype_output","1","x:INT32:[10000]:bytes=40000:sha256=18109a678afdb2c2cfd02bf8ba6ac28c2afeeb895c4c553fea5fb6405eb60e1f",,"[{""dtype"":""INT32"",""element_count"":""10000"",""generator"":""bspline_modular_or_piecewise_ramp(seed=87400008,integral=true)"",""input_name"":""x"",""preview_head4_tail2"":""i=0:0;i=1:1;i=2:2;i=3:3;i=9998:2;i=9999:3"",""shape"":""[10000]""}]","{""dtype"":""INT32"",""elements"":""10000"",""operator"":""gauss_spline"",""order"":""4"",""seed"":""87400008""}","f382208f07655018665ef7162deaf6825066d7f99811ea02250cb26a5e33b0ae","FP32",,"not_applicable","INT32",,,,,,,,"PASS","OK"
"stage08","stage08_input_preview_b08_gauss_spline_bdef73fce32b","formal","dtype_and_input_contract","runs/stage08_input_preview_b08_gauss_spline_bdef73fce32b/formal/20260810T091333Z_bdef73fce32b_stage08_b08_formal_87710009/operator_dtype_evidence_gauss_spline_not_applicable_20260810T091333Z_bdef73fce32b_stage08_b08_formal_87710009.csv","20260810T091333Z_bdef73fce32b_stage08_b08_formal_87710009","gauss_spline__gauss_spline_int16_10e2__586ab46a5714cefb","gauss_spline","INT16",,"actual_typed_x_fp32_compute_same_dtype_output","1","x:INT16:[100]:bytes=200:sha256=5698dc1b2e2a6cc62ac35ac9c913654e700c245b87cc2533bb478c93fab24343",,"[{""dtype"":""INT16"",""element_count"":""100"",""generator"":""bspline_modular_or_piecewise_ramp(seed=87400009,integral=true)"",""input_name"":""x"",""preview_head4_tail2"":""i=0:1;i=1:2;i=2:3;i=3:-3;i=98:1;i=99:2"",""shape"":""[100]""}]","{""dtype"":""INT16"",""elements"":""100"",""operator"":""gauss_spline"",""order"":""0"",""seed"":""87400009""}","586ab46a5714cefba87601abe62020afee9d4d5d3e086c18be1823710bbe93bb","FP32",,"not_applicable","INT16",,,,,,,,"PASS","OK"
"stage08","stage08_input_preview_b08_gauss_spline_bdef73fce32b","formal","dtype_and_input_contract","runs/stage08_input_preview_b08_gauss_spline_bdef73fce32b/formal/20260810T091333Z_bdef73fce32b_stage08_b08_formal_8771000a/operator_dtype_evidence_gauss_spline_not_applicable_20260810T091333Z_bdef73fce32b_stage08_b08_formal_8771000a.csv","20260810T091333Z_bdef73fce32b_stage08_b08_formal_8771000a","gauss_spline__gauss_spline_int16_10e3__eb2e095a4adc2866","gauss_spline","INT16",,"actual_typed_x_fp32_compute_same_dtype_output","1","x:INT16:[1024]:bytes=2048:sha256=8dd20a410968ba0f1498bdbc03aab956e7da0a06562542f7d0c489f172642b25",,"[{""dtype"":""INT16"",""element_count"":""1024"",""generator"":""bspline_modular_or_piecewise_ramp(seed=87400010,integral=true)"",""input_name"":""x"",""preview_head4_tail2"":""i=0:-3;i=1:-2;i=2:-1;i=3:0;i=1022:-3;i=1023:-2"",""shape"":""[1024]""}]","{""dtype"":""INT16"",""elements"":""1024"",""operator"":""gauss_spline"",""order"":""2"",""seed"":""87400010""}","eb2e095a4adc286650f88f0ecf9642e7e76f7f2c5ea221b983126e7934dfc2c7","FP32",,"not_applicable","INT16",,,,,,,,"PASS","OK"
"stage08","stage08_input_preview_b08_gauss_spline_bdef73fce32b","formal","dtype_and_input_contract","runs/stage08_input_preview_b08_gauss_spline_bdef73fce32b/formal/20260810T091333Z_bdef73fce32b_stage08_b08_formal_8771000b/operator_dtype_evidence_gauss_spline_not_applicable_20260810T091333Z_bdef73fce32b_stage08_b08_formal_8771000b.csv","20260810T091333Z_bdef73fce32b_stage08_b08_formal_8771000b","gauss_spline__gauss_spline_int16_10e4__1d647ad8407d8576","gauss_spline","INT16",,"actual_typed_x_fp32_compute_same_dtype_output","1","x:INT16:[10000]:bytes=20000:sha256=0f4a3f7b2fb7c40486bc74998820fcea97d7d7686e8f3967abd034ac8b19912d",,"[{""dtype"":""INT16"",""element_count"":""10000"",""generator"":""bspline_modular_or_piecewise_ramp(seed=87400011,integral=true)"",""input_name"":""x"",""preview_head4_tail2"":""i=0:-2;i=1:-1;i=2:0;i=3:1;i=9998:0;i=9999:1"",""shape"":""[10000]""}]","{""dtype"":""INT16"",""elements"":""10000"",""operator"":""gauss_spline"",""order"":""4"",""seed"":""87400011""}","1d647ad8407d857691535625a078bc619a087e768c841556a21bec9dfa2e97ba","FP32",,"not_applicable","INT16",,,,,,,,"PASS","OK"
"stage08","stage08_input_preview_b08_gauss_spline_bdef73fce32b","formal","dtype_and_input_contract","runs/stage08_input_preview_b08_gauss_spline_bdef73fce32b/formal/20260810T091333Z_bdef73fce32b_stage08_b08_formal_8771000c/operator_dtype_evidence_gauss_spline_not_applicable_20260810T091333Z_bdef73fce32b_stage08_b08_formal_8771000c.csv","20260810T091333Z_bdef73fce32b_stage08_b08_formal_8771000c","gauss_spline__gauss_spline_int8_10e2__ba73a6649ec32f46","gauss_spline","INT8",,"actual_typed_x_fp32_compute_same_dtype_output","1","x:INT8:[100]:bytes=100:sha256=decd7694ed55f9e08b60471fd7c78ca147fbafca3ccdecf06330d88b96e23434",,"[{""dtype"":""INT8"",""element_count"":""100"",""generator"":""bspline_modular_or_piecewise_ramp(seed=87400012,integral=true)"",""input_name"":""x"",""preview_head4_tail2"":""i=0:-1;i=1:0;i=2:1;i=3:2;i=98:-1;i=99:0"",""shape"":""[100]""}]","{""dtype"":""INT8"",""elements"":""100"",""operator"":""gauss_spline"",""order"":""0"",""seed"":""87400012""}","ba73a6649ec32f4683d3f2a706272c2e9a251454d664381ad0b086ac8cc572b4","FP32",,"not_applicable","INT8",,,,,,,,"PASS","OK"
"stage08","stage08_input_preview_b08_gauss_spline_bdef73fce32b","formal","dtype_and_input_contract","runs/stage08_input_preview_b08_gauss_spline_bdef73fce32b/formal/20260810T091333Z_bdef73fce32b_stage08_b08_formal_8771000d/operator_dtype_evidence_gauss_spline_not_applicable_20260810T091333Z_bdef73fce32b_stage08_b08_formal_8771000d.csv","20260810T091333Z_bdef73fce32b_stage08_b08_formal_8771000d","gauss_spline__gauss_spline_int8_10e3__1948b336418b2c17","gauss_spline","INT8",,"actual_typed_x_fp32_compute_same_dtype_output","1","x:INT8:[1024]:bytes=1024:sha256=70a1fd085a62b6c8ea98365c2e70579a8b8fc6f8501fb8a7fa0c95ec319ed31e",,"[{""dtype"":""INT8"",""element_count"":""1024"",""generator"":""bspline_modular_or_piecewise_ramp(seed=87400013,integral=true)"",""input_name"":""x"",""preview_head4_tail2"":""i=0:0;i=1:1;i=2:2;i=3:3;i=1022:0;i=1023:1"",""shape"":""[1024]""}]","{""dtype"":""INT8"",""elements"":""1024"",""operator"":""gauss_spline"",""order"":""2"",""seed"":""87400013""}","1948b336418b2c1776d3f4d319a4cf5aa4689f866ae5891ec9417516e733f285","FP32",,"not_applicable","INT8",,,,,,,,"PASS","OK"
"stage08","stage08_input_preview_b08_gauss_spline_bdef73fce32b","formal","dtype_and_input_contract","runs/stage08_input_preview_b08_gauss_spline_bdef73fce32b/formal/20260810T091333Z_bdef73fce32b_stage08_b08_formal_8771000e/operator_dtype_evidence_gauss_spline_not_applicable_20260810T091333Z_bdef73fce32b_stage08_b08_formal_8771000e.csv","20260810T091333Z_bdef73fce32b_stage08_b08_formal_8771000e","gauss_spline__gauss_spline_int8_10e4__2affffb25b04a7d7","gauss_spline","INT8",,"actual_typed_x_fp32_compute_same_dtype_output","1","x:INT8:[10000]:bytes=10000:sha256=be218b5a6ee4d99f88a43b168210da32de0b83c4122c1d400b39377c3057bb5a",,"[{""dtype"":""INT8"",""element_count"":""10000"",""generator"":""bspline_modular_or_piecewise_ramp(seed=87400014,integral=true)"",""input_name"":""x"",""preview_head4_tail2"":""i=0:1;i=1:2;i=2:3;i=3:-3;i=9998:3;i=9999:-3"",""shape"":""[10000]""}]","{""dtype"":""INT8"",""elements"":""10000"",""operator"":""gauss_spline"",""order"":""4"",""seed"":""87400014""}","2affffb25b04a7d798f755aee2a9ae4a521e6f6979c2550ed49c492acc867427","FP32",,"not_applicable","INT8",,,,,,,,"PASS","OK"
"stage08","stage08_input_preview_b08_quadratic_bdef73fce32b","formal","dtype_and_input_contract","runs/stage08_input_preview_b08_quadratic_bdef73fce32b/formal/20260810T091355Z_bdef73fce32b_stage08_b08_formal_87720000/operator_dtype_evidence_quadratic_not_applicable_20260810T091355Z_bdef73fce32b_stage08_b08_formal_87720000.csv","20260810T091355Z_bdef73fce32b_stage08_b08_formal_87720000","quadratic__quadratic_fp32_10e2__c9d8103c68153150","quadratic","FP32",,"actual_typed_x_native_same_dtype_output","1","x:FP32:[100]:bytes=400:sha256=91ea4614be46e9612c5d89584953d65d353b93a0c549424008ce29a51fb20b2e",,"[{""dtype"":""FP32"",""element_count"":""100"",""generator"":""bspline_modular_or_piecewise_ramp(seed=87400100,integral=false)"",""input_name"":""x"",""preview_head4_tail2"":""i=0:-3.875;i=1:-3.84375;i=2:-3.8125;i=3:-3.78125;i=98:-0.8125;i=99:-0.78125"",""shape"":""[100]""}]","{""dtype"":""FP32"",""elements"":""100"",""operator"":""quadratic"",""order"":""-1"",""seed"":""87400100""}","c9d8103c68153150f98559051d1281f610a87b315653f6e1df6398b9db058871","FP32",,"not_applicable","FP32",,,,,,,,"PASS","OK"
"stage08","stage08_input_preview_b08_quadratic_bdef73fce32b","formal","dtype_and_input_contract","runs/stage08_input_preview_b08_quadratic_bdef73fce32b/formal/20260810T091355Z_bdef73fce32b_stage08_b08_formal_87720001/operator_dtype_evidence_quadratic_not_applicable_20260810T091355Z_bdef73fce32b_stage08_b08_formal_87720001.csv","20260810T091355Z_bdef73fce32b_stage08_b08_formal_87720001","quadratic__quadratic_fp32_10e3__78735b7618e17d4b","quadratic","FP32",,"actual_typed_x_native_same_dtype_output","1","x:FP32:[1024]:bytes=4096:sha256=7c8bb3794b20e6284067850582eeb74157ce36e00fa9e56d221491058380838a",,"[{""dtype"":""FP32"",""element_count"":""1024"",""generator"":""bspline_modular_or_piecewise_ramp(seed=87400101,integral=false)"",""input_name"":""x"",""preview_head4_tail2"":""i=0:-4;i=1:-3.96875;i=2:-3.9375;i=3:-3.90625;i=1022:3.84375;i=1023:3.875"",""shape"":""[1024]""}]","{""dtype"":""FP32"",""elements"":""1024"",""operator"":""quadratic"",""order"":""-1"",""seed"":""87400101""}","78735b7618e17d4b256e0d4a06af6663e146285f4c5de4e107010469f220ea0c","FP32",,"not_applicable","FP32",,,,,,,,"PASS","OK"
"stage08","stage08_input_preview_b08_quadratic_bdef73fce32b","formal","dtype_and_input_contract","runs/stage08_input_preview_b08_quadratic_bdef73fce32b/formal/20260810T091355Z_bdef73fce32b_stage08_b08_formal_87720002/operator_dtype_evidence_quadratic_not_applicable_20260810T091355Z_bdef73fce32b_stage08_b08_formal_87720002.csv","20260810T091355Z_bdef73fce32b_stage08_b08_formal_87720002","quadratic__quadratic_fp32_10e4__2b73b4275666d123","quadratic","FP32",,"actual_typed_x_native_same_dtype_output","1","x:FP32:[10000]:bytes=40000:sha256=3e0da91441b985d058047f9158263a4005a7453d1028c310a684ad91247b6e2e",,"[{""dtype"":""FP32"",""element_count"":""10000"",""generator"":""bspline_modular_or_piecewise_ramp(seed=87400102,integral=false)"",""input_name"":""x"",""preview_head4_tail2"":""i=0:-3.9375;i=1:-3.90625;i=2:-3.875;i=3:-3.84375;i=9998:3.3125;i=9999:3.34375"",""shape"":""[10000]""}]","{""dtype"":""FP32"",""elements"":""10000"",""operator"":""quadratic"",""order"":""-1"",""seed"":""87400102""}","2b73b4275666d12350b69d28866b7de7e1a2e7db53967ba0a9488c4838584f8c","FP32",,"not_applicable","FP32",,,,,,,,"PASS","OK"
"stage08","stage08_input_preview_b08_quadratic_bdef73fce32b","formal","dtype_and_input_contract","runs/stage08_input_preview_b08_quadratic_bdef73fce32b/formal/20260810T091355Z_bdef73fce32b_stage08_b08_formal_87720003/operator_dtype_evidence_quadratic_not_applicable_20260810T091355Z_bdef73fce32b_stage08_b08_formal_87720003.csv","20260810T091355Z_bdef73fce32b_stage08_b08_formal_87720003","quadratic__quadratic_fp16_10e2__46c24ce461ad684d","quadratic","FP16",,"actual_typed_x_native_same_dtype_output","1","x:FP16:[100]:bytes=200:sha256=70ac14a3fc6d3822e20c609dfeb65bc043a29212f70b09eb3ceec463f04f979b",,"[{""dtype"":""FP16"",""element_count"":""100"",""generator"":""bspline_modular_or_piecewise_ramp(seed=87400103,integral=false)"",""input_name"":""x"",""preview_head4_tail2"":""i=0:-3.875;i=1:-3.84375;i=2:-3.8125;i=3:-3.78125;i=98:-0.8125;i=99:-0.78125"",""shape"":""[100]""}]","{""dtype"":""FP16"",""elements"":""100"",""operator"":""quadratic"",""order"":""-1"",""seed"":""87400103""}","46c24ce461ad684d3351a77ac10a066c3b941b5b1f7c1a45ab14576b5f3ab2b1","FP16",,"not_applicable","FP16",,,,,,,,"PASS","OK"
"stage08","stage08_input_preview_b08_quadratic_bdef73fce32b","formal","dtype_and_input_contract","runs/stage08_input_preview_b08_quadratic_bdef73fce32b/formal/20260810T091355Z_bdef73fce32b_stage08_b08_formal_87720004/operator_dtype_evidence_quadratic_not_applicable_20260810T091355Z_bdef73fce32b_stage08_b08_formal_87720004.csv","20260810T091355Z_bdef73fce32b_stage08_b08_formal_87720004","quadratic__quadratic_fp16_10e3__77aeb504e415b582","quadratic","FP16",,"actual_typed_x_native_same_dtype_output","1","x:FP16:[1024]:bytes=2048:sha256=5dfa0bbd68454417501716116ce87478cb4745445a3827a9b43ee2cf03e576bc",,"[{""dtype"":""FP16"",""element_count"":""1024"",""generator"":""bspline_modular_or_piecewise_ramp(seed=87400104,integral=false)"",""input_name"":""x"",""preview_head4_tail2"":""i=0:-4;i=1:-3.96875;i=2:-3.9375;i=3:-3.90625;i=1022:3.84375;i=1023:3.875"",""shape"":""[1024]""}]","{""dtype"":""FP16"",""elements"":""1024"",""operator"":""quadratic"",""order"":""-1"",""seed"":""87400104""}","77aeb504e415b5823b533c5800b36bee9063a462fcc5f0b0c5aaa4115ccc25f8","FP16",,"not_applicable","FP16",,,,,,,,"PASS","OK"
"stage08","stage08_input_preview_b08_quadratic_bdef73fce32b","formal","dtype_and_input_contract","runs/stage08_input_preview_b08_quadratic_bdef73fce32b/formal/20260810T091356Z_bdef73fce32b_stage08_b08_formal_87720005/operator_dtype_evidence_quadratic_not_applicable_20260810T091356Z_bdef73fce32b_stage08_b08_formal_87720005.csv","20260810T091356Z_bdef73fce32b_stage08_b08_formal_87720005","quadratic__quadratic_fp16_10e4__701f9012feb10b28","quadratic","FP16",,"actual_typed_x_native_same_dtype_output","1","x:FP16:[10000]:bytes=20000:sha256=4ca9331216c0f8559b06a6bdec1bc085b2cead96662941efdae4ddeb4989cd48",,"[{""dtype"":""FP16"",""element_count"":""10000"",""generator"":""bspline_modular_or_piecewise_ramp(seed=87400105,integral=false)"",""input_name"":""x"",""preview_head4_tail2"":""i=0:-3.9375;i=1:-3.90625;i=2:-3.875;i=3:-3.84375;i=9998:3.3125;i=9999:3.34375"",""shape"":""[10000]""}]","{""dtype"":""FP16"",""elements"":""10000"",""operator"":""quadratic"",""order"":""-1"",""seed"":""87400105""}","701f9012feb10b28272cb208a8f631036ecbc925758cecd6abad2327bb7a3a4a","FP16",,"not_applicable","FP16",,,,,,,,"PASS","OK"
"stage08","stage08_input_preview_b08_quadratic_bdef73fce32b","formal","dtype_and_input_contract","runs/stage08_input_preview_b08_quadratic_bdef73fce32b/formal/20260810T091356Z_bdef73fce32b_stage08_b08_formal_87720006/operator_dtype_evidence_quadratic_not_applicable_20260810T091356Z_bdef73fce32b_stage08_b08_formal_87720006.csv","20260810T091356Z_bdef73fce32b_stage08_b08_formal_87720006","quadratic__quadratic_int32_10e2__b2d24714b760506c","quadratic","INT32",,"actual_typed_x_native_same_dtype_output","1","x:INT32:[100]:bytes=400:sha256=9e595ef881c8789d7f2c2457f06e2e319ddbd206426fd76a9bbebc56fa73232b",,"[{""dtype"":""INT32"",""element_count"":""100"",""generator"":""bspline_modular_or_piecewise_ramp(seed=87400106,integral=true)"",""input_name"":""x"",""preview_head4_tail2"":""i=0:-2;i=1:-1;i=2:0;i=3:1;i=98:-2;i=99:-1"",""shape"":""[100]""}]","{""dtype"":""INT32"",""elements"":""100"",""operator"":""quadratic"",""order"":""-1"",""seed"":""87400106""}","b2d24714b760506c504cdef338a0d27664c0fe9f1c6564b246a664aedf4671a9","INT32",,"not_applicable","INT32",,,,,,,,"PASS","OK"
"stage08","stage08_input_preview_b08_quadratic_bdef73fce32b","formal","dtype_and_input_contract","runs/stage08_input_preview_b08_quadratic_bdef73fce32b/formal/20260810T091356Z_bdef73fce32b_stage08_b08_formal_87720007/operator_dtype_evidence_quadratic_not_applicable_20260810T091356Z_bdef73fce32b_stage08_b08_formal_87720007.csv","20260810T091356Z_bdef73fce32b_stage08_b08_formal_87720007","quadratic__quadratic_int32_10e3__509f0044d4332e64","quadratic","INT32",,"actual_typed_x_native_same_dtype_output","1","x:INT32:[1024]:bytes=4096:sha256=4db417c77084d0e5c38a9ce86ed4bdeb1d996cf00aad7d7151609fe08a33173f",,"[{""dtype"":""INT32"",""element_count"":""1024"",""generator"":""bspline_modular_or_piecewise_ramp(seed=87400107,integral=true)"",""input_name"":""x"",""preview_head4_tail2"":""i=0:-1;i=1:0;i=2:1;i=3:2;i=1022:-1;i=1023:0"",""shape"":""[1024]""}]","{""dtype"":""INT32"",""elements"":""1024"",""operator"":""quadratic"",""order"":""-1"",""seed"":""87400107""}","509f0044d4332e648fee190e0b89dbf6742586a0708ee72ad42f24cc8603c187","INT32",,"not_applicable","INT32",,,,,,,,"PASS","OK"
"stage08","stage08_input_preview_b08_quadratic_bdef73fce32b","formal","dtype_and_input_contract","runs/stage08_input_preview_b08_quadratic_bdef73fce32b/formal/20260810T091356Z_bdef73fce32b_stage08_b08_formal_87720008/operator_dtype_evidence_quadratic_not_applicable_20260810T091356Z_bdef73fce32b_stage08_b08_formal_87720008.csv","20260810T091356Z_bdef73fce32b_stage08_b08_formal_87720008","quadratic__quadratic_int32_10e4__f382208f07655018","quadratic","INT32",,"actual_typed_x_native_same_dtype_output","1","x:INT32:[10000]:bytes=40000:sha256=18109a678afdb2c2cfd02bf8ba6ac28c2afeeb895c4c553fea5fb6405eb60e1f",,"[{""dtype"":""INT32"",""element_count"":""10000"",""generator"":""bspline_modular_or_piecewise_ramp(seed=87400108,integral=true)"",""input_name"":""x"",""preview_head4_tail2"":""i=0:0;i=1:1;i=2:2;i=3:3;i=9998:2;i=9999:3"",""shape"":""[10000]""}]","{""dtype"":""INT32"",""elements"":""10000"",""operator"":""quadratic"",""order"":""-1"",""seed"":""87400108""}","f382208f07655018665ef7162deaf6825066d7f99811ea02250cb26a5e33b0ae","INT32",,"not_applicable","INT32",,,,,,,,"PASS","OK"
"stage08","stage08_input_preview_b08_quadratic_bdef73fce32b","formal","dtype_and_input_contract","runs/stage08_input_preview_b08_quadratic_bdef73fce32b/formal/20260810T091356Z_bdef73fce32b_stage08_b08_formal_87720009/operator_dtype_evidence_quadratic_not_applicable_20260810T091356Z_bdef73fce32b_stage08_b08_formal_87720009.csv","20260810T091356Z_bdef73fce32b_stage08_b08_formal_87720009","quadratic__quadratic_int16_10e2__586ab46a5714cefb","quadratic","INT16",,"actual_typed_x_native_same_dtype_output","1","x:INT16:[100]:bytes=200:sha256=5698dc1b2e2a6cc62ac35ac9c913654e700c245b87cc2533bb478c93fab24343",,"[{""dtype"":""INT16"",""element_count"":""100"",""generator"":""bspline_modular_or_piecewise_ramp(seed=87400109,integral=true)"",""input_name"":""x"",""preview_head4_tail2"":""i=0:1;i=1:2;i=2:3;i=3:-3;i=98:1;i=99:2"",""shape"":""[100]""}]","{""dtype"":""INT16"",""elements"":""100"",""operator"":""quadratic"",""order"":""-1"",""seed"":""87400109""}","586ab46a5714cefba87601abe62020afee9d4d5d3e086c18be1823710bbe93bb","INT16",,"not_applicable","INT16",,,,,,,,"PASS","OK"
"stage08","stage08_input_preview_b08_quadratic_bdef73fce32b","formal","dtype_and_input_contract","runs/stage08_input_preview_b08_quadratic_bdef73fce32b/formal/20260810T091356Z_bdef73fce32b_stage08_b08_formal_8772000a/operator_dtype_evidence_quadratic_not_applicable_20260810T091356Z_bdef73fce32b_stage08_b08_formal_8772000a.csv","20260810T091356Z_bdef73fce32b_stage08_b08_formal_8772000a","quadratic__quadratic_int16_10e3__eb2e095a4adc2866","quadratic","INT16",,"actual_typed_x_native_same_dtype_output","1","x:INT16:[1024]:bytes=2048:sha256=8dd20a410968ba0f1498bdbc03aab956e7da0a06562542f7d0c489f172642b25",,"[{""dtype"":""INT16"",""element_count"":""1024"",""generator"":""bspline_modular_or_piecewise_ramp(seed=87400110,integral=true)"",""input_name"":""x"",""preview_head4_tail2"":""i=0:-3;i=1:-2;i=2:-1;i=3:0;i=1022:-3;i=1023:-2"",""shape"":""[1024]""}]","{""dtype"":""INT16"",""elements"":""1024"",""operator"":""quadratic"",""order"":""-1"",""seed"":""87400110""}","eb2e095a4adc286650f88f0ecf9642e7e76f7f2c5ea221b983126e7934dfc2c7","INT16",,"not_applicable","INT16",,,,,,,,"PASS","OK"
"stage08","stage08_input_preview_b08_quadratic_bdef73fce32b","formal","dtype_and_input_contract","runs/stage08_input_preview_b08_quadratic_bdef73fce32b/formal/20260810T091357Z_bdef73fce32b_stage08_b08_formal_8772000b/operator_dtype_evidence_quadratic_not_applicable_20260810T091357Z_bdef73fce32b_stage08_b08_formal_8772000b.csv","20260810T091357Z_bdef73fce32b_stage08_b08_formal_8772000b","quadratic__quadratic_int16_10e4__1d647ad8407d8576","quadratic","INT16",,"actual_typed_x_native_same_dtype_output","1","x:INT16:[10000]:bytes=20000:sha256=0f4a3f7b2fb7c40486bc74998820fcea97d7d7686e8f3967abd034ac8b19912d",,"[{""dtype"":""INT16"",""element_count"":""10000"",""generator"":""bspline_modular_or_piecewise_ramp(seed=87400111,integral=true)"",""input_name"":""x"",""preview_head4_tail2"":""i=0:-2;i=1:-1;i=2:0;i=3:1;i=9998:0;i=9999:1"",""shape"":""[10000]""}]","{""dtype"":""INT16"",""elements"":""10000"",""operator"":""quadratic"",""order"":""-1"",""seed"":""87400111""}","1d647ad8407d857691535625a078bc619a087e768c841556a21bec9dfa2e97ba","INT16",,"not_applicable","INT16",,,,,,,,"PASS","OK"
"stage08","stage08_input_preview_b08_quadratic_bdef73fce32b","formal","dtype_and_input_contract","runs/stage08_input_preview_b08_quadratic_bdef73fce32b/formal/20260810T091357Z_bdef73fce32b_stage08_b08_formal_8772000c/operator_dtype_evidence_quadratic_not_applicable_20260810T091357Z_bdef73fce32b_stage08_b08_formal_8772000c.csv","20260810T091357Z_bdef73fce32b_stage08_b08_formal_8772000c","quadratic__quadratic_int8_10e2__ba73a6649ec32f46","quadratic","INT8",,"actual_typed_x_native_same_dtype_output","1","x:INT8:[100]:bytes=100:sha256=decd7694ed55f9e08b60471fd7c78ca147fbafca3ccdecf06330d88b96e23434",,"[{""dtype"":""INT8"",""element_count"":""100"",""generator"":""bspline_modular_or_piecewise_ramp(seed=87400112,integral=true)"",""input_name"":""x"",""preview_head4_tail2"":""i=0:-1;i=1:0;i=2:1;i=3:2;i=98:-1;i=99:0"",""shape"":""[100]""}]","{""dtype"":""INT8"",""elements"":""100"",""operator"":""quadratic"",""order"":""-1"",""seed"":""87400112""}","ba73a6649ec32f4683d3f2a706272c2e9a251454d664381ad0b086ac8cc572b4","INT8",,"not_applicable","INT8",,,,,,,,"PASS","OK"
"stage08","stage08_input_preview_b08_quadratic_bdef73fce32b","formal","dtype_and_input_contract","runs/stage08_input_preview_b08_quadratic_bdef73fce32b/formal/20260810T091357Z_bdef73fce32b_stage08_b08_formal_8772000d/operator_dtype_evidence_quadratic_not_applicable_20260810T091357Z_bdef73fce32b_stage08_b08_formal_8772000d.csv","20260810T091357Z_bdef73fce32b_stage08_b08_formal_8772000d","quadratic__quadratic_int8_10e3__1948b336418b2c17","quadratic","INT8",,"actual_typed_x_native_same_dtype_output","1","x:INT8:[1024]:bytes=1024:sha256=70a1fd085a62b6c8ea98365c2e70579a8b8fc6f8501fb8a7fa0c95ec319ed31e",,"[{""dtype"":""INT8"",""element_count"":""1024"",""generator"":""bspline_modular_or_piecewise_ramp(seed=87400113,integral=true)"",""input_name"":""x"",""preview_head4_tail2"":""i=0:0;i=1:1;i=2:2;i=3:3;i=1022:0;i=1023:1"",""shape"":""[1024]""}]","{""dtype"":""INT8"",""elements"":""1024"",""operator"":""quadratic"",""order"":""-1"",""seed"":""87400113""}","1948b336418b2c1776d3f4d319a4cf5aa4689f866ae5891ec9417516e733f285","INT8",,"not_applicable","INT8",,,,,,,,"PASS","OK"
"stage08","stage08_input_preview_b08_quadratic_bdef73fce32b","formal","dtype_and_input_contract","runs/stage08_input_preview_b08_quadratic_bdef73fce32b/formal/20260810T091357Z_bdef73fce32b_stage08_b08_formal_8772000e/operator_dtype_evidence_quadratic_not_applicable_20260810T091357Z_bdef73fce32b_stage08_b08_formal_8772000e.csv","20260810T091357Z_bdef73fce32b_stage08_b08_formal_8772000e","quadratic__quadratic_int8_10e4__2affffb25b04a7d7","quadratic","INT8",,"actual_typed_x_native_same_dtype_output","1","x:INT8:[10000]:bytes=10000:sha256=be218b5a6ee4d99f88a43b168210da32de0b83c4122c1d400b39377c3057bb5a",,"[{""dtype"":""INT8"",""element_count"":""10000"",""generator"":""bspline_modular_or_piecewise_ramp(seed=87400114,integral=true)"",""input_name"":""x"",""preview_head4_tail2"":""i=0:1;i=1:2;i=2:3;i=3:-3;i=9998:3;i=9999:-3"",""shape"":""[10000]""}]","{""dtype"":""INT8"",""elements"":""10000"",""operator"":""quadratic"",""order"":""-1"",""seed"":""87400114""}","2affffb25b04a7d798f755aee2a9ae4a521e6f6979c2550ed49c492acc867427","INT8",,"not_applicable","INT8",,,,,,,,"PASS","OK"
"stage08","stage08_input_preview_b08_smoke_20260810T0935Z","smoke","dtype_and_input_contract","runs/stage08_input_preview_b08_smoke_20260810T0935Z/smoke/20260810T093500Z_88ef525db825_stage08_b08_smoke_87600001/operator_dtype_evidence_unit_impulse_not_applicable_20260810T093500Z_88ef525db825_stage08_b08_smoke_87600001.csv","20260810T093500Z_88ef525db825_stage08_b08_smoke_87600001","unit_impulse__unit_impulse_fp32_10e2__f4602dbd2e5d4fe2","unit_impulse","FP32",,"request_variant_no_typed_business_input_dtype_argument_ignored_fp64_output","0","request_variant:FP32:dtype_argument_ignored:shape=100:idx=0:mode=zero",,"[{""dtype"":""NO_TYPED_BUSINESS_INPUT"",""element_count"":""1"",""generator"":""unit_impulse_request(dtype_argument_ignored=true)"",""input_name"":""request_spec"",""preview_head4_tail2"":""i=0:shape=100,idx=0,mode=zero,request_variant=FP32"",""shape"":""scalar_parameters""}]","{""dtype"":""FP32"",""idx"":""0"",""idx-mode"":""zero"",""shape"":""100""}","f4602dbd2e5d4fe2d437ce71c953bd5b207182e4049e0a168b6990ed0e0cae07","bit_pattern_write",,"not_applicable","FP64",,,,,,,,"PASS","OK"
"stage08","stage08_input_preview_b08_unit_impulse_bdef73fce32b","formal","dtype_and_input_contract","runs/stage08_input_preview_b08_unit_impulse_bdef73fce32b/formal/20260810T091416Z_bdef73fce32b_stage08_b08_formal_87730000/operator_dtype_evidence_unit_impulse_not_applicable_20260810T091416Z_bdef73fce32b_stage08_b08_formal_87730000.csv","20260810T091416Z_bdef73fce32b_stage08_b08_formal_87730000","unit_impulse__unit_impulse_fp32_10e2__f4602dbd2e5d4fe2","unit_impulse","FP32",,"request_variant_no_typed_business_input_dtype_argument_ignored_fp64_output","0","request_variant:FP32:dtype_argument_ignored:shape=100:idx=0:mode=zero",,"[{""dtype"":""NO_TYPED_BUSINESS_INPUT"",""element_count"":""1"",""generator"":""unit_impulse_request(dtype_argument_ignored=true)"",""input_name"":""request_spec"",""preview_head4_tail2"":""i=0:shape=100,idx=0,mode=zero,request_variant=FP32"",""shape"":""scalar_parameters""}]","{""dtype"":""FP32"",""idx"":""0"",""idx-mode"":""zero"",""shape"":""100""}","f4602dbd2e5d4fe2d437ce71c953bd5b207182e4049e0a168b6990ed0e0cae07","bit_pattern_write",,"not_applicable","FP64",,,,,,,,"PASS","OK"
"stage08","stage08_input_preview_b08_unit_impulse_bdef73fce32b","formal","dtype_and_input_contract","runs/stage08_input_preview_b08_unit_impulse_bdef73fce32b/formal/20260810T091416Z_bdef73fce32b_stage08_b08_formal_87730001/operator_dtype_evidence_unit_impulse_not_applicable_20260810T091416Z_bdef73fce32b_stage08_b08_formal_87730001.csv","20260810T091416Z_bdef73fce32b_stage08_b08_formal_87730001","unit_impulse__unit_impulse_fp32_10e3__1f2979ecc66cbd57","unit_impulse","FP32",,"request_variant_no_typed_business_input_dtype_argument_ignored_fp64_output","0","request_variant:FP32:dtype_argument_ignored:shape=1024:idx=512:mode=mid",,"[{""dtype"":""NO_TYPED_BUSINESS_INPUT"",""element_count"":""1"",""generator"":""unit_impulse_request(dtype_argument_ignored=true)"",""input_name"":""request_spec"",""preview_head4_tail2"":""i=0:shape=1024,idx=512,mode=mid,request_variant=FP32"",""shape"":""scalar_parameters""}]","{""dtype"":""FP32"",""idx"":""512"",""idx-mode"":""mid"",""shape"":""1024""}","1f2979ecc66cbd57142aa763547a285cabc7b1fdbac113bceaa39745d15ec2ab","bit_pattern_write",,"not_applicable","FP64",,,,,,,,"PASS","OK"
"stage08","stage08_input_preview_b08_unit_impulse_bdef73fce32b","formal","dtype_and_input_contract","runs/stage08_input_preview_b08_unit_impulse_bdef73fce32b/formal/20260810T091416Z_bdef73fce32b_stage08_b08_formal_87730002/operator_dtype_evidence_unit_impulse_not_applicable_20260810T091416Z_bdef73fce32b_stage08_b08_formal_87730002.csv","20260810T091416Z_bdef73fce32b_stage08_b08_formal_87730002","unit_impulse__unit_impulse_fp32_10e4__ec62101a6c94fda0","unit_impulse","FP32",,"request_variant_no_typed_business_input_dtype_argument_ignored_fp64_output","0","request_variant:FP32:dtype_argument_ignored:shape=10000:idx=10000:mode=out_of_range",,"[{""dtype"":""NO_TYPED_BUSINESS_INPUT"",""element_count"":""1"",""generator"":""unit_impulse_request(dtype_argument_ignored=true)"",""input_name"":""request_spec"",""preview_head4_tail2"":""i=0:shape=10000,idx=10000,mode=out_of_range,request_variant=FP32"",""shape"":""scalar_parameters""}]","{""dtype"":""FP32"",""idx"":""10000"",""idx-mode"":""out_of_range"",""shape"":""10000""}","ec62101a6c94fda08e239f79ddbfe5aa28acc341765e9dd3194c23d87d9fba78","bit_pattern_write",,"not_applicable","FP64",,,,,,,,"PASS","OK"
"stage08","stage08_input_preview_b08_unit_impulse_bdef73fce32b","formal","dtype_and_input_contract","runs/stage08_input_preview_b08_unit_impulse_bdef73fce32b/formal/20260810T091417Z_bdef73fce32b_stage08_b08_formal_87730003/operator_dtype_evidence_unit_impulse_not_applicable_20260810T091417Z_bdef73fce32b_stage08_b08_formal_87730003.csv","20260810T091417Z_bdef73fce32b_stage08_b08_formal_87730003","unit_impulse__unit_impulse_fp16_10e2__303d7e21aecbad8f","unit_impulse","FP16",,"request_variant_no_typed_business_input_dtype_argument_ignored_fp64_output","0","request_variant:FP16:dtype_argument_ignored:shape=100:idx=0:mode=zero",,"[{""dtype"":""NO_TYPED_BUSINESS_INPUT"",""element_count"":""1"",""generator"":""unit_impulse_request(dtype_argument_ignored=true)"",""input_name"":""request_spec"",""preview_head4_tail2"":""i=0:shape=100,idx=0,mode=zero,request_variant=FP16"",""shape"":""scalar_parameters""}]","{""dtype"":""FP16"",""idx"":""0"",""idx-mode"":""zero"",""shape"":""100""}","303d7e21aecbad8fb4ecd2d114ace00e6a50f9eb76bcb37775c12e04c17452a5","bit_pattern_write",,"not_applicable","FP64",,,,,,,,"PASS","OK"
"stage08","stage08_input_preview_b08_unit_impulse_bdef73fce32b","formal","dtype_and_input_contract","runs/stage08_input_preview_b08_unit_impulse_bdef73fce32b/formal/20260810T091417Z_bdef73fce32b_stage08_b08_formal_87730004/operator_dtype_evidence_unit_impulse_not_applicable_20260810T091417Z_bdef73fce32b_stage08_b08_formal_87730004.csv","20260810T091417Z_bdef73fce32b_stage08_b08_formal_87730004","unit_impulse__unit_impulse_fp16_10e3__7b7fb54aadee3b85","unit_impulse","FP16",,"request_variant_no_typed_business_input_dtype_argument_ignored_fp64_output","0","request_variant:FP16:dtype_argument_ignored:shape=1024:idx=512:mode=mid",,"[{""dtype"":""NO_TYPED_BUSINESS_INPUT"",""element_count"":""1"",""generator"":""unit_impulse_request(dtype_argument_ignored=true)"",""input_name"":""request_spec"",""preview_head4_tail2"":""i=0:shape=1024,idx=512,mode=mid,request_variant=FP16"",""shape"":""scalar_parameters""}]","{""dtype"":""FP16"",""idx"":""512"",""idx-mode"":""mid"",""shape"":""1024""}","7b7fb54aadee3b8562dd39c745610e57d8529df39936cf295c51bfd76d9ff04c","bit_pattern_write",,"not_applicable","FP64",,,,,,,,"PASS","OK"
"stage08","stage08_input_preview_b08_unit_impulse_bdef73fce32b","formal","dtype_and_input_contract","runs/stage08_input_preview_b08_unit_impulse_bdef73fce32b/formal/20260810T091417Z_bdef73fce32b_stage08_b08_formal_87730005/operator_dtype_evidence_unit_impulse_not_applicable_20260810T091417Z_bdef73fce32b_stage08_b08_formal_87730005.csv","20260810T091417Z_bdef73fce32b_stage08_b08_formal_87730005","unit_impulse__unit_impulse_fp16_10e4__9d8fe8f1df684073","unit_impulse","FP16",,"request_variant_no_typed_business_input_dtype_argument_ignored_fp64_output","0","request_variant:FP16:dtype_argument_ignored:shape=10000:idx=10000:mode=out_of_range",,"[{""dtype"":""NO_TYPED_BUSINESS_INPUT"",""element_count"":""1"",""generator"":""unit_impulse_request(dtype_argument_ignored=true)"",""input_name"":""request_spec"",""preview_head4_tail2"":""i=0:shape=10000,idx=10000,mode=out_of_range,request_variant=FP16"",""shape"":""scalar_parameters""}]","{""dtype"":""FP16"",""idx"":""10000"",""idx-mode"":""out_of_range"",""shape"":""10000""}","9d8fe8f1df68407372fbd84a2abfcfcb6c31da2a6d29e40bb180fc2ab8ca38aa","bit_pattern_write",,"not_applicable","FP64",,,,,,,,"PASS","OK"
"stage08","stage08_input_preview_b08_unit_impulse_bdef73fce32b","formal","dtype_and_input_contract","runs/stage08_input_preview_b08_unit_impulse_bdef73fce32b/formal/20260810T091417Z_bdef73fce32b_stage08_b08_formal_87730006/operator_dtype_evidence_unit_impulse_not_applicable_20260810T091417Z_bdef73fce32b_stage08_b08_formal_87730006.csv","20260810T091417Z_bdef73fce32b_stage08_b08_formal_87730006","unit_impulse__unit_impulse_int32_10e2__b4dc181f4f061f1a","unit_impulse","INT32",,"request_variant_no_typed_business_input_dtype_argument_ignored_fp64_output","0","request_variant:INT32:dtype_argument_ignored:shape=100:idx=0:mode=zero",,"[{""dtype"":""NO_TYPED_BUSINESS_INPUT"",""element_count"":""1"",""generator"":""unit_impulse_request(dtype_argument_ignored=true)"",""input_name"":""request_spec"",""preview_head4_tail2"":""i=0:shape=100,idx=0,mode=zero,request_variant=INT32"",""shape"":""scalar_parameters""}]","{""dtype"":""INT32"",""idx"":""0"",""idx-mode"":""zero"",""shape"":""100""}","b4dc181f4f061f1adedd50c3d0410b95194b28126fb33ddd16af01e4ea68f970","bit_pattern_write",,"not_applicable","FP64",,,,,,,,"PASS","OK"
"stage08","stage08_input_preview_b08_unit_impulse_bdef73fce32b","formal","dtype_and_input_contract","runs/stage08_input_preview_b08_unit_impulse_bdef73fce32b/formal/20260810T091417Z_bdef73fce32b_stage08_b08_formal_87730007/operator_dtype_evidence_unit_impulse_not_applicable_20260810T091417Z_bdef73fce32b_stage08_b08_formal_87730007.csv","20260810T091417Z_bdef73fce32b_stage08_b08_formal_87730007","unit_impulse__unit_impulse_int32_10e3__c769fc8095e89351","unit_impulse","INT32",,"request_variant_no_typed_business_input_dtype_argument_ignored_fp64_output","0","request_variant:INT32:dtype_argument_ignored:shape=1024:idx=512:mode=mid",,"[{""dtype"":""NO_TYPED_BUSINESS_INPUT"",""element_count"":""1"",""generator"":""unit_impulse_request(dtype_argument_ignored=true)"",""input_name"":""request_spec"",""preview_head4_tail2"":""i=0:shape=1024,idx=512,mode=mid,request_variant=INT32"",""shape"":""scalar_parameters""}]","{""dtype"":""INT32"",""idx"":""512"",""idx-mode"":""mid"",""shape"":""1024""}","c769fc8095e893516bb13d7e117130dbd1d08ba3434e0f688d44b40e5b26c856","bit_pattern_write",,"not_applicable","FP64",,,,,,,,"PASS","OK"
"stage08","stage08_input_preview_b08_unit_impulse_bdef73fce32b","formal","dtype_and_input_contract","runs/stage08_input_preview_b08_unit_impulse_bdef73fce32b/formal/20260810T091417Z_bdef73fce32b_stage08_b08_formal_87730008/operator_dtype_evidence_unit_impulse_not_applicable_20260810T091417Z_bdef73fce32b_stage08_b08_formal_87730008.csv","20260810T091417Z_bdef73fce32b_stage08_b08_formal_87730008","unit_impulse__unit_impulse_int32_10e4__7acd50ebaf8c72e2","unit_impulse","INT32",,"request_variant_no_typed_business_input_dtype_argument_ignored_fp64_output","0","request_variant:INT32:dtype_argument_ignored:shape=10000:idx=10000:mode=out_of_range",,"[{""dtype"":""NO_TYPED_BUSINESS_INPUT"",""element_count"":""1"",""generator"":""unit_impulse_request(dtype_argument_ignored=true)"",""input_name"":""request_spec"",""preview_head4_tail2"":""i=0:shape=10000,idx=10000,mode=out_of_range,request_variant=INT32"",""shape"":""scalar_parameters""}]","{""dtype"":""INT32"",""idx"":""10000"",""idx-mode"":""out_of_range"",""shape"":""10000""}","7acd50ebaf8c72e2d4fc39b75d565f8e6c8be7927e77faea02f0a254830fabf1","bit_pattern_write",,"not_applicable","FP64",,,,,,,,"PASS","OK"
"stage08","stage08_input_preview_b08_unit_impulse_bdef73fce32b","formal","dtype_and_input_contract","runs/stage08_input_preview_b08_unit_impulse_bdef73fce32b/formal/20260810T091417Z_bdef73fce32b_stage08_b08_formal_87730009/operator_dtype_evidence_unit_impulse_not_applicable_20260810T091417Z_bdef73fce32b_stage08_b08_formal_87730009.csv","20260810T091417Z_bdef73fce32b_stage08_b08_formal_87730009","unit_impulse__unit_impulse_int16_10e2__85fd16b4b95c3dff","unit_impulse","INT16",,"request_variant_no_typed_business_input_dtype_argument_ignored_fp64_output","0","request_variant:INT16:dtype_argument_ignored:shape=100:idx=0:mode=zero",,"[{""dtype"":""NO_TYPED_BUSINESS_INPUT"",""element_count"":""1"",""generator"":""unit_impulse_request(dtype_argument_ignored=true)"",""input_name"":""request_spec"",""preview_head4_tail2"":""i=0:shape=100,idx=0,mode=zero,request_variant=INT16"",""shape"":""scalar_parameters""}]","{""dtype"":""INT16"",""idx"":""0"",""idx-mode"":""zero"",""shape"":""100""}","85fd16b4b95c3dffc24c55c49bea5a306d19c0bdf44e4442644b0eccf354aa1d","bit_pattern_write",,"not_applicable","FP64",,,,,,,,"PASS","OK"
"stage08","stage08_input_preview_b08_unit_impulse_bdef73fce32b","formal","dtype_and_input_contract","runs/stage08_input_preview_b08_unit_impulse_bdef73fce32b/formal/20260810T091417Z_bdef73fce32b_stage08_b08_formal_8773000a/operator_dtype_evidence_unit_impulse_not_applicable_20260810T091417Z_bdef73fce32b_stage08_b08_formal_8773000a.csv","20260810T091417Z_bdef73fce32b_stage08_b08_formal_8773000a","unit_impulse__unit_impulse_int16_10e3__fec9023306c82972","unit_impulse","INT16",,"request_variant_no_typed_business_input_dtype_argument_ignored_fp64_output","0","request_variant:INT16:dtype_argument_ignored:shape=1024:idx=512:mode=mid",,"[{""dtype"":""NO_TYPED_BUSINESS_INPUT"",""element_count"":""1"",""generator"":""unit_impulse_request(dtype_argument_ignored=true)"",""input_name"":""request_spec"",""preview_head4_tail2"":""i=0:shape=1024,idx=512,mode=mid,request_variant=INT16"",""shape"":""scalar_parameters""}]","{""dtype"":""INT16"",""idx"":""512"",""idx-mode"":""mid"",""shape"":""1024""}","fec9023306c829724010ea522d07ac668aa529f2d5761400292e050825b9f82e","bit_pattern_write",,"not_applicable","FP64",,,,,,,,"PASS","OK"
"stage08","stage08_input_preview_b08_unit_impulse_bdef73fce32b","formal","dtype_and_input_contract","runs/stage08_input_preview_b08_unit_impulse_bdef73fce32b/formal/20260810T091418Z_bdef73fce32b_stage08_b08_formal_8773000b/operator_dtype_evidence_unit_impulse_not_applicable_20260810T091418Z_bdef73fce32b_stage08_b08_formal_8773000b.csv","20260810T091418Z_bdef73fce32b_stage08_b08_formal_8773000b","unit_impulse__unit_impulse_int16_10e4__dc7d30267ad397c8","unit_impulse","INT16",,"request_variant_no_typed_business_input_dtype_argument_ignored_fp64_output","0","request_variant:INT16:dtype_argument_ignored:shape=10000:idx=10000:mode=out_of_range",,"[{""dtype"":""NO_TYPED_BUSINESS_INPUT"",""element_count"":""1"",""generator"":""unit_impulse_request(dtype_argument_ignored=true)"",""input_name"":""request_spec"",""preview_head4_tail2"":""i=0:shape=10000,idx=10000,mode=out_of_range,request_variant=INT16"",""shape"":""scalar_parameters""}]","{""dtype"":""INT16"",""idx"":""10000"",""idx-mode"":""out_of_range"",""shape"":""10000""}","dc7d30267ad397c8376568ff63a86bc438f9438ae78a8cfab7be98d630032a00","bit_pattern_write",,"not_applicable","FP64",,,,,,,,"PASS","OK"
"stage08","stage08_input_preview_b08_unit_impulse_bdef73fce32b","formal","dtype_and_input_contract","runs/stage08_input_preview_b08_unit_impulse_bdef73fce32b/formal/20260810T091418Z_bdef73fce32b_stage08_b08_formal_8773000c/operator_dtype_evidence_unit_impulse_not_applicable_20260810T091418Z_bdef73fce32b_stage08_b08_formal_8773000c.csv","20260810T091418Z_bdef73fce32b_stage08_b08_formal_8773000c","unit_impulse__unit_impulse_int8_10e2__17efe972682b3130","unit_impulse","INT8",,"request_variant_no_typed_business_input_dtype_argument_ignored_fp64_output","0","request_variant:INT8:dtype_argument_ignored:shape=100:idx=0:mode=zero",,"[{""dtype"":""NO_TYPED_BUSINESS_INPUT"",""element_count"":""1"",""generator"":""unit_impulse_request(dtype_argument_ignored=true)"",""input_name"":""request_spec"",""preview_head4_tail2"":""i=0:shape=100,idx=0,mode=zero,request_variant=INT8"",""shape"":""scalar_parameters""}]","{""dtype"":""INT8"",""idx"":""0"",""idx-mode"":""zero"",""shape"":""100""}","17efe972682b31307df45404c78122f1936be90634651530bdbfa10ac3e80e24","bit_pattern_write",,"not_applicable","FP64",,,,,,,,"PASS","OK"
"stage08","stage08_input_preview_b08_unit_impulse_bdef73fce32b","formal","dtype_and_input_contract","runs/stage08_input_preview_b08_unit_impulse_bdef73fce32b/formal/20260810T091418Z_bdef73fce32b_stage08_b08_formal_8773000d/operator_dtype_evidence_unit_impulse_not_applicable_20260810T091418Z_bdef73fce32b_stage08_b08_formal_8773000d.csv","20260810T091418Z_bdef73fce32b_stage08_b08_formal_8773000d","unit_impulse__unit_impulse_int8_10e3__d62d411ca3c523f5","unit_impulse","INT8",,"request_variant_no_typed_business_input_dtype_argument_ignored_fp64_output","0","request_variant:INT8:dtype_argument_ignored:shape=1024:idx=512:mode=mid",,"[{""dtype"":""NO_TYPED_BUSINESS_INPUT"",""element_count"":""1"",""generator"":""unit_impulse_request(dtype_argument_ignored=true)"",""input_name"":""request_spec"",""preview_head4_tail2"":""i=0:shape=1024,idx=512,mode=mid,request_variant=INT8"",""shape"":""scalar_parameters""}]","{""dtype"":""INT8"",""idx"":""512"",""idx-mode"":""mid"",""shape"":""1024""}","d62d411ca3c523f5800c841124a8c674a59124a9bca82577b518914f8212bac7","bit_pattern_write",,"not_applicable","FP64",,,,,,,,"PASS","OK"
"stage08","stage08_input_preview_b08_unit_impulse_bdef73fce32b","formal","dtype_and_input_contract","runs/stage08_input_preview_b08_unit_impulse_bdef73fce32b/formal/20260810T091418Z_bdef73fce32b_stage08_b08_formal_8773000e/operator_dtype_evidence_unit_impulse_not_applicable_20260810T091418Z_bdef73fce32b_stage08_b08_formal_8773000e.csv","20260810T091418Z_bdef73fce32b_stage08_b08_formal_8773000e","unit_impulse__unit_impulse_int8_10e4__f5f4e14d7481aa2c","unit_impulse","INT8",,"request_variant_no_typed_business_input_dtype_argument_ignored_fp64_output","0","request_variant:INT8:dtype_argument_ignored:shape=10000:idx=10000:mode=out_of_range",,"[{""dtype"":""NO_TYPED_BUSINESS_INPUT"",""element_count"":""1"",""generator"":""unit_impulse_request(dtype_argument_ignored=true)"",""input_name"":""request_spec"",""preview_head4_tail2"":""i=0:shape=10000,idx=10000,mode=out_of_range,request_variant=INT8"",""shape"":""scalar_parameters""}]","{""dtype"":""INT8"",""idx"":""10000"",""idx-mode"":""out_of_range"",""shape"":""10000""}","f5f4e14d7481aa2c074af814bb7ffceaedcc523481e47a6489d5d3abb2605f3b","bit_pattern_write",,"not_applicable","FP64",,,,,,,,"PASS","OK"
"stage08","stage08_input_preview_probe_channelize_poly_47ebe13410d3","formal","dtype_and_input_contract","runs/stage08_input_preview_probe_channelize_poly_47ebe13410d3/formal/20260810T074000Z_47ebe13410d3_stage08_b03_formal_99000001/operator_dtype_evidence_channelize_poly_fft_thrust_20260810T074000Z_47ebe13410d3_stage08_b03_formal_99000001.csv","20260810T074000Z_47ebe13410d3_stage08_b03_formal_99000001","channelize_poly__channelize_poly_fp16_10e2__2ff5778de9c3c0fa","channelize_poly","FP16",,"actual_typed_array_inputs_fp32_compute_extension","2","x:FP16:[128]:bytes=256:sha256=8f05f4fdaafa58338d030f784f85d0b81058f29b03cced1724be9dbdc81859eb|h:FP16:[32]:bytes=64:sha256=bf2d8cbcb4c2ab03b14bfec75204e314be5a973d94a72b138414c0cc2b770c67",,"[{""dtype"":""FP16"",""element_count"":""128"",""generator"":""modular_signal(seed=83020001,integral=false)"",""input_name"":""x"",""preview_head4_tail2"":""i=0:-1.25;i=1:-2.75;i=2:1.5;i=3:0;i=126:-0.5;i=127:-2"",""shape"":""[128]""},{""dtype"":""FP16"",""element_count"":""32"",""generator"":""modular_taps(seed=83020002,integral=false)"",""input_name"":""h"",""preview_head4_tail2"":""i=0:-0.5;i=1:0.375;i=2:0.125;i=3:-0.125;i=30:-0.125;i=31:-0.375"",""shape"":""[32]""}]","{""dtype"":""FP16"",""h-count"":""32"",""n-chans"":""8"",""seed"":""83020001"",""x-count"":""128""}","2ff5778de9c3c0fa3a604e20277d5a9a5922c2f935b1ce2584bd8b29946562d3","FP32",,"ComplexFP32","ComplexFP32",,,,,,,,"PASS","OK"
"stage08","stage08_input_preview_probe_correlate2d_6767e484d941","formal","dtype_and_input_contract","runs/stage08_input_preview_probe_correlate2d_6767e484d941/formal/20260810T084000Z_6767e484d941_stage08_b04_formal_a4000001/operator_dtype_evidence_correlate2d_not_applicable_20260810T084000Z_6767e484d941_stage08_b04_formal_a4000001.csv","20260810T084000Z_6767e484d941_stage08_b04_formal_a4000001","correlate2d__correlate2d_fp32_10e2__11d622e248c4eb6f","correlate2d","FP32",,"actual_same_dtype_arrays_native_direct","2","in1:FP32:[10x10]:bytes=400:sha256=69e4595433fdcbb3baf657e00e7ab3a034d6144f69755160999706982900bb7e|in2:FP32:[3x3]:bytes=36:sha256=b51378bbc01874e4479009726ecf36086a2c08ce03e9277044cf432aac878916",,"[{""dtype"":""FP32"",""element_count"":""100"",""generator"":""correlate_modular(seed=84010001,salt=3,integral=false)"",""input_name"":""in1"",""preview_head4_tail2"":""i=0:-1;i=1:0.5;i=2:-0.75;i=3:0.75;i=98:0.25;i=99:-1"",""shape"":""[10x10]""},{""dtype"":""FP32"",""element_count"":""9"",""generator"":""correlate_modular(seed=84010001,salt=7,integral=false)"",""input_name"":""in2"",""preview_head4_tail2"":""i=0:0;i=1:-1.25;i=2:0.25;i=3:-1;i=7:-0.5;i=8:1"",""shape"":""[3x3]""}]","{""boundary"":""fill"",""cols1"":""10"",""cols2"":""3"",""dtype"":""FP32"",""fillvalue"":""1"",""mode"":""same"",""rows1"":""10"",""rows2"":""3"",""seed"":""84010001""}","11d622e248c4eb6feb2d50c956b6ad821146c38d461e2f6ccc615e349c801118","FP32",,"not_applicable","FP32",,,,,,,,"PASS","OK"
"stage08","stage08_input_preview_probe_general_cosine_eaf30f1cad58","formal","dtype_and_input_contract","runs/stage08_input_preview_probe_general_cosine_eaf30f1cad58/formal/20260810T081000Z_eaf30f1cad58_stage08_b01_formal_99100001/operator_dtype_evidence_general_cosine_not_applicable_20260810T081000Z_eaf30f1cad58_stage08_b01_formal_99100001.csv","20260810T081000Z_eaf30f1cad58_stage08_b01_formal_99100001","general_cosine__general_cosine_fp32_10e2__7aea9ce1217a0525__sym","general_cosine","FP32","FP32","actual_typed_array_input","3","length:INT32=100|sym:BOOL=true|coefficient_values:FP32:bytes=0000803f;00000040;0000803f;",,"[{""input_name"":""window_positions"",""shape"":""[100]"",""dtype"":""INDEX_INT64"",""element_count"":""100"",""generator"":""implicit_window_index_domain(no_materialized_array)"",""preview_head4_tail2"":""i=0:position=0;i=1:position=1;i=2:position=2;i=3:position=3;i=98:position=98;i=99:position=99""},{""input_name"":""coefficient_values"",""shape"":""[3]"",""dtype"":""FP32"",""element_count"":""3"",""generator"":""exact_config_array"",""preview_head4_tail2"":""i=0:1;i=1:2;i=2:1""}]","{""length"":100,""requested_dtype"":""FP32"",""sym"":true,""coefficient_values"":[1,2,1]}","7aea9ce1217a052519180c6753897bccd990fec0c5b4981f1dfe2709bb981540",,,,"FP64",,,,,,,,"PASS","OK"
"stage08","stage08_input_preview_probe_general_cosine_eaf30f1cad58","formal","input_preview","runs/stage08_input_preview_probe_general_cosine_eaf30f1cad58/formal/20260810T081000Z_eaf30f1cad58_stage08_b01_formal_99100001/operator_input_evidence_general_cosine_not_applicable_20260810T081000Z_eaf30f1cad58_stage08_b01_formal_99100001.csv","20260810T081000Z_eaf30f1cad58_stage08_b01_formal_99100001","general_cosine__general_cosine_fp32_10e2__7aea9ce1217a0525__sym","general_cosine",,,,,,,,,,,,,,,"window_positions","[100]","INDEX_INT64","100","implicit_window_index_domain(no_materialized_array)","i=0:position=0;i=1:position=1;i=2:position=2;i=3:position=3;i=98:position=98;i=99:position=99","PASS","OK"
"stage08","stage08_input_preview_probe_general_cosine_eaf30f1cad58","formal","input_preview","runs/stage08_input_preview_probe_general_cosine_eaf30f1cad58/formal/20260810T081000Z_eaf30f1cad58_stage08_b01_formal_99100001/operator_input_evidence_general_cosine_not_applicable_20260810T081000Z_eaf30f1cad58_stage08_b01_formal_99100001.csv","20260810T081000Z_eaf30f1cad58_stage08_b01_formal_99100001","general_cosine__general_cosine_fp32_10e2__7aea9ce1217a0525__sym","general_cosine",,,,,,,,,,,,,,,"coefficient_values","[3]","FP32","3","exact_config_array","i=0:1;i=1:2;i=2:1","PASS","OK"
"stage08","stage08_table_rerun_channelize_poly_47ebe13410d3","formal","dtype_and_input_contract","runs/stage08_table_rerun_channelize_poly_47ebe13410d3/formal/20260810T032154Z_47ebe13410d3_stage08_b03_formal_88300000/operator_dtype_evidence_channelize_poly_fft_thrust_20260810T032154Z_47ebe13410d3_stage08_b03_formal_88300000.csv","20260810T032154Z_47ebe13410d3_stage08_b03_formal_88300000","channelize_poly__channelize_poly_fp32_10e2__b6e2f353c8853cdd","channelize_poly","FP32",,"actual_typed_array_inputs_fp32_compute_extension","2","x:FP32:[128]:bytes=512:sha256=a77bf42e2c86562f8cfd734074f488b4350e3e3126ca2459470b118f5801366a|h:FP32:[32]:bytes=128:sha256=aad063f70d4795d46dda4bdd3a4ff1f1a1b6c0337ba403c3a232a38b759c87a3",,,,"b6e2f353c8853cddcf85e3c02d052280d158379ab9b9c415f42db9ed5e61d864","FP32",,"ComplexFP32","ComplexFP32",,,,,,,,"PASS","OK"
"stage08","stage08_table_rerun_channelize_poly_47ebe13410d3","formal","dtype_and_input_contract","runs/stage08_table_rerun_channelize_poly_47ebe13410d3/formal/20260810T032154Z_47ebe13410d3_stage08_b03_formal_88300001/operator_dtype_evidence_channelize_poly_fft_thrust_20260810T032154Z_47ebe13410d3_stage08_b03_formal_88300001.csv","20260810T032154Z_47ebe13410d3_stage08_b03_formal_88300001","channelize_poly__channelize_poly_fp32_10e3__b71186f739fb4d74","channelize_poly","FP32",,"actual_typed_array_inputs_fp32_compute_extension","2","x:FP32:[1024]:bytes=4096:sha256=9d81eec7d1bce7aad6c9b919ec6908bdca9d2efd961e5317b3f23444671ca775|h:FP32:[64]:bytes=256:sha256=eca02de6e2ffa503b43e393c45ffc8b071fec6e11d17e88515d53a6418507ab3",,,,"b71186f739fb4d74e354dfb4c54ecc3f4eacbaf1254621470c3c8d3165e1c401","FP32",,"ComplexFP32","ComplexFP32",,,,,,,,"PASS","OK"
"stage08","stage08_table_rerun_channelize_poly_47ebe13410d3","formal","dtype_and_input_contract","runs/stage08_table_rerun_channelize_poly_47ebe13410d3/formal/20260810T032154Z_47ebe13410d3_stage08_b03_formal_88300002/operator_dtype_evidence_channelize_poly_fft_thrust_20260810T032154Z_47ebe13410d3_stage08_b03_formal_88300002.csv","20260810T032154Z_47ebe13410d3_stage08_b03_formal_88300002","channelize_poly__channelize_poly_fp32_10e4__0b2c8ae2bdb0a103","channelize_poly","FP32",,"actual_typed_array_inputs_fp32_compute_extension","2","x:FP32:[16384]:bytes=65536:sha256=f7285680be2f6ffd990a8c328b27ee89acea5f228f8a667d01e13d2c1d7dbca3|h:FP32:[256]:bytes=1024:sha256=7948f4abffaddf89a66e7caf9ac271cfa2ab461100283f2e7a3b9708f46c4e48",,,,"0b2c8ae2bdb0a103e6f264429c0e32b57591d75c9c92231f24f1dba29d470834","FP32",,"ComplexFP32","ComplexFP32",,,,,,,,"PASS","OK"
"stage08","stage08_table_rerun_channelize_poly_47ebe13410d3","formal","dtype_and_input_contract","runs/stage08_table_rerun_channelize_poly_47ebe13410d3/formal/20260810T032204Z_47ebe13410d3_stage08_b03_formal_88300003/operator_dtype_evidence_channelize_poly_fft_thrust_20260810T032204Z_47ebe13410d3_stage08_b03_formal_88300003.csv","20260810T032204Z_47ebe13410d3_stage08_b03_formal_88300003","channelize_poly__channelize_poly_fp16_10e2__2ff5778de9c3c0fa","channelize_poly","FP16",,"actual_typed_array_inputs_fp32_compute_extension","2","x:FP16:[128]:bytes=256:sha256=8f05f4fdaafa58338d030f784f85d0b81058f29b03cced1724be9dbdc81859eb|h:FP16:[32]:bytes=64:sha256=bf2d8cbcb4c2ab03b14bfec75204e314be5a973d94a72b138414c0cc2b770c67",,,,"2ff5778de9c3c0fa3a604e20277d5a9a5922c2f935b1ce2584bd8b29946562d3","FP32",,"ComplexFP32","ComplexFP32",,,,,,,,"PASS","OK"
"stage08","stage08_table_rerun_channelize_poly_47ebe13410d3","formal","dtype_and_input_contract","runs/stage08_table_rerun_channelize_poly_47ebe13410d3/formal/20260810T032204Z_47ebe13410d3_stage08_b03_formal_88300004/operator_dtype_evidence_channelize_poly_fft_thrust_20260810T032204Z_47ebe13410d3_stage08_b03_formal_88300004.csv","20260810T032204Z_47ebe13410d3_stage08_b03_formal_88300004","channelize_poly__channelize_poly_fp16_10e3__d33e5a79a136f9ef","channelize_poly","FP16",,"actual_typed_array_inputs_fp32_compute_extension","2","x:FP16:[1024]:bytes=2048:sha256=fa9dd069e5bb755b401e6920fe3d03cb5397a9c54ae1fe59338d6b394ab99d8a|h:FP16:[64]:bytes=128:sha256=c00e35a85526d72d4964bda10503a045374491bd3b680e96bc0a61ffe67c570e",,,,"d33e5a79a136f9ef1e87982d6250c836e6470981430db1c7d9708b08a67c9c08","FP32",,"ComplexFP32","ComplexFP32",,,,,,,,"PASS","OK"
"stage08","stage08_table_rerun_channelize_poly_47ebe13410d3","formal","dtype_and_input_contract","runs/stage08_table_rerun_channelize_poly_47ebe13410d3/formal/20260810T032205Z_47ebe13410d3_stage08_b03_formal_88300005/operator_dtype_evidence_channelize_poly_fft_thrust_20260810T032205Z_47ebe13410d3_stage08_b03_formal_88300005.csv","20260810T032205Z_47ebe13410d3_stage08_b03_formal_88300005","channelize_poly__channelize_poly_fp16_10e4__d8ee7bb4fec58752","channelize_poly","FP16",,"actual_typed_array_inputs_fp32_compute_extension","2","x:FP16:[16384]:bytes=32768:sha256=4a3b652e09d21e47e4c1b27ec83382207a2066cd99721fd2d8a29021841e640b|h:FP16:[256]:bytes=512:sha256=786f069c223ecb27a0c2b5d6b3ac5cfad33b290c2d2bd94450c16035e8928290",,,,"d8ee7bb4fec5875201220876224d7a3e234c661196ddfeafd609b775e9365021","FP32",,"ComplexFP32","ComplexFP32",,,,,,,,"PASS","OK"
"stage08","stage08_table_rerun_channelize_poly_47ebe13410d3","formal","dtype_and_input_contract","runs/stage08_table_rerun_channelize_poly_47ebe13410d3/formal/20260810T032231Z_47ebe13410d3_stage08_b03_formal_88300006/operator_dtype_evidence_channelize_poly_fft_thrust_20260810T032231Z_47ebe13410d3_stage08_b03_formal_88300006.csv","20260810T032231Z_47ebe13410d3_stage08_b03_formal_88300006","channelize_poly__channelize_poly_int32_10e2__97f3ee30cd9ac943","channelize_poly","INT32",,"actual_typed_array_inputs_fp32_compute_extension","2","x:INT32:[128]:bytes=512:sha256=58e964a5c6b4087e524736df73b4d473207d113075a20ef1f645575b2dffb3a3|h:INT32:[32]:bytes=128:sha256=a535eea0719763e773297f2a8d0ee0994c9846b0a504b953a1d5768ed626ee1e",,,,"97f3ee30cd9ac943635144f243d175a37a9677b97c0ee08dbc680376b830e092","FP32",,"ComplexFP32","ComplexFP32",,,,,,,,"PASS","OK"
"stage08","stage08_table_rerun_channelize_poly_47ebe13410d3","formal","dtype_and_input_contract","runs/stage08_table_rerun_channelize_poly_47ebe13410d3/formal/20260810T032232Z_47ebe13410d3_stage08_b03_formal_88300007/operator_dtype_evidence_channelize_poly_fft_thrust_20260810T032232Z_47ebe13410d3_stage08_b03_formal_88300007.csv","20260810T032232Z_47ebe13410d3_stage08_b03_formal_88300007","channelize_poly__channelize_poly_int32_10e3__3419666f653392f3","channelize_poly","INT32",,"actual_typed_array_inputs_fp32_compute_extension","2","x:INT32:[1024]:bytes=4096:sha256=e6d86123520f0503b1468868f9f663935a8616f7f9b3e2579a481aaccab586e7|h:INT32:[64]:bytes=256:sha256=2de2b8fc87f56302bd35a6a45e82633a6312a34d31941026b5cd1b0567adcf08",,,,"3419666f653392f315509f9f102e8df95fed833a38f83df6d548ec1fd8d3d718","FP32",,"ComplexFP32","ComplexFP32",,,,,,,,"PASS","OK"
"stage08","stage08_table_rerun_channelize_poly_47ebe13410d3","formal","dtype_and_input_contract","runs/stage08_table_rerun_channelize_poly_47ebe13410d3/formal/20260810T032232Z_47ebe13410d3_stage08_b03_formal_88300008/operator_dtype_evidence_channelize_poly_fft_thrust_20260810T032232Z_47ebe13410d3_stage08_b03_formal_88300008.csv","20260810T032232Z_47ebe13410d3_stage08_b03_formal_88300008","channelize_poly__channelize_poly_int32_10e4__31494cf4c7cb69ba","channelize_poly","INT32",,"actual_typed_array_inputs_fp32_compute_extension","2","x:INT32:[16384]:bytes=65536:sha256=2cb2c1301bae099cfc404784f3e269b1f7f70e1a5990a7742cd468844b19d31d|h:INT32:[256]:bytes=1024:sha256=f2d0746ee7781cb32a5ae6c88203ea72433a5a1b6cc1671b0efb37002dff9d58",,,,"31494cf4c7cb69ba94b21b1b50a7368854b396eb8c2447dfa4175fd94164dfd8","FP32",,"ComplexFP32","ComplexFP32",,,,,,,,"PASS","OK"
"stage08","stage08_table_rerun_channelize_poly_47ebe13410d3","formal","dtype_and_input_contract","runs/stage08_table_rerun_channelize_poly_47ebe13410d3/formal/20260810T032241Z_47ebe13410d3_stage08_b03_formal_88300009/operator_dtype_evidence_channelize_poly_fft_thrust_20260810T032241Z_47ebe13410d3_stage08_b03_formal_88300009.csv","20260810T032241Z_47ebe13410d3_stage08_b03_formal_88300009","channelize_poly__channelize_poly_int16_10e2__1464f14c428bbf20","channelize_poly","INT16",,"actual_typed_array_inputs_fp32_compute_extension","2","x:INT16:[128]:bytes=256:sha256=0bc4e75a9f8018d0c9717ed039d3015bb10e922314dd3820a1b5837a0ed6e129|h:INT16:[32]:bytes=64:sha256=e26287a42972e722d0024ef1cc0542b5720b4d1afa872357c9b4bf3916e1428e",,,,"1464f14c428bbf20b9d1450dc3ad00ac09f034e4d64fe85f907aaa6785d38bcc","FP32",,"ComplexFP32","ComplexFP32",,,,,,,,"PASS","OK"
"stage08","stage08_table_rerun_channelize_poly_47ebe13410d3","formal","dtype_and_input_contract","runs/stage08_table_rerun_channelize_poly_47ebe13410d3/formal/20260810T032241Z_47ebe13410d3_stage08_b03_formal_8830000a/operator_dtype_evidence_channelize_poly_fft_thrust_20260810T032241Z_47ebe13410d3_stage08_b03_formal_8830000a.csv","20260810T032241Z_47ebe13410d3_stage08_b03_formal_8830000a","channelize_poly__channelize_poly_int16_10e3__68cdb28285c70a32","channelize_poly","INT16",,"actual_typed_array_inputs_fp32_compute_extension","2","x:INT16:[1024]:bytes=2048:sha256=348067d5425035ab8d7defef858d35b2fa2755d77f59a5a1c5da8da899f418ad|h:INT16:[64]:bytes=128:sha256=c095b247368fd0b59971ba9764b077b67837a81c324e4584d98832f76a075c4e",,,,"68cdb28285c70a32c31cef15c7eecdc697106d25f369548d72d94894589122f8","FP32",,"ComplexFP32","ComplexFP32",,,,,,,,"PASS","OK"
"stage08","stage08_table_rerun_channelize_poly_47ebe13410d3","formal","dtype_and_input_contract","runs/stage08_table_rerun_channelize_poly_47ebe13410d3/formal/20260810T032242Z_47ebe13410d3_stage08_b03_formal_8830000b/operator_dtype_evidence_channelize_poly_fft_thrust_20260810T032242Z_47ebe13410d3_stage08_b03_formal_8830000b.csv","20260810T032242Z_47ebe13410d3_stage08_b03_formal_8830000b","channelize_poly__channelize_poly_int16_10e4__808b2d4a7005878f","channelize_poly","INT16",,"actual_typed_array_inputs_fp32_compute_extension","2","x:INT16:[16384]:bytes=32768:sha256=1ced302ea825ab3aef92ceede835cd53d5ab27c43daac4ca5cd1ad87135dd939|h:INT16:[256]:bytes=512:sha256=43cdefd497ad88215837ca55900239fcbefb24a2721c169fdf68effe292a5224",,,,"808b2d4a7005878fd57f7633044f7f3e94cd0c2c887c32c7f2ccf8c22f2f4f53","FP32",,"ComplexFP32","ComplexFP32",,,,,,,,"PASS","OK"
"stage08","stage08_table_rerun_channelize_poly_47ebe13410d3","formal","dtype_and_input_contract","runs/stage08_table_rerun_channelize_poly_47ebe13410d3/formal/20260810T032251Z_47ebe13410d3_stage08_b03_formal_8830000c/operator_dtype_evidence_channelize_poly_fft_thrust_20260810T032251Z_47ebe13410d3_stage08_b03_formal_8830000c.csv","20260810T032251Z_47ebe13410d3_stage08_b03_formal_8830000c","channelize_poly__channelize_poly_int8_10e2__630349d9c47b1bf9","channelize_poly","INT8",,"actual_typed_array_inputs_fp32_compute_extension","2","x:INT8:[128]:bytes=128:sha256=d4a1b02d6496c9dc4ed7edf8ea0e7339cec582cc74089848a81d07c8b3df85b6|h:INT8:[32]:bytes=32:sha256=cdb21eb3de7c5ddbc5956a086ca32d880c123dfea9574ebf8f6ba59f4d36c58a",,,,"630349d9c47b1bf9d98e1d65a49269ade37fd420f07651579646246ba3b65fff","FP32",,"ComplexFP32","ComplexFP32",,,,,,,,"PASS","OK"
"stage08","stage08_table_rerun_channelize_poly_47ebe13410d3","formal","dtype_and_input_contract","runs/stage08_table_rerun_channelize_poly_47ebe13410d3/formal/20260810T032251Z_47ebe13410d3_stage08_b03_formal_8830000d/operator_dtype_evidence_channelize_poly_fft_thrust_20260810T032251Z_47ebe13410d3_stage08_b03_formal_8830000d.csv","20260810T032251Z_47ebe13410d3_stage08_b03_formal_8830000d","channelize_poly__channelize_poly_int8_10e3__3220346b7d93596c","channelize_poly","INT8",,"actual_typed_array_inputs_fp32_compute_extension","2","x:INT8:[1024]:bytes=1024:sha256=1b62793517ed50ce58dbc3d41d76870dcd68210488959029142a8c3393e42cd5|h:INT8:[64]:bytes=64:sha256=bfc8e717aeb0cfa9d781b97748d933812638fedf88267420da3b0d3c9f3f1f93",,,,"3220346b7d93596c61ca45590c1af2aedd012f87343b566b81aa3429ef662b09","FP32",,"ComplexFP32","ComplexFP32",,,,,,,,"PASS","OK"
"stage08","stage08_table_rerun_channelize_poly_47ebe13410d3","formal","dtype_and_input_contract","runs/stage08_table_rerun_channelize_poly_47ebe13410d3/formal/20260810T032252Z_47ebe13410d3_stage08_b03_formal_8830000e/operator_dtype_evidence_channelize_poly_fft_thrust_20260810T032252Z_47ebe13410d3_stage08_b03_formal_8830000e.csv","20260810T032252Z_47ebe13410d3_stage08_b03_formal_8830000e","channelize_poly__channelize_poly_int8_10e4__9cf0a62e2c587aae","channelize_poly","INT8",,"actual_typed_array_inputs_fp32_compute_extension","2","x:INT8:[16384]:bytes=16384:sha256=a4d48df603e53df33f6f863583dd71476c29dea05774663e8f1f04e48b72b4e3|h:INT8:[256]:bytes=256:sha256=eb7d61784ef395904e4690288a95f5a2e91a4f0b3eab4e77980020e14bfbf670",,,,"9cf0a62e2c587aae7237ffb3f68c6b50beab3ba10f6f3f0cd89bc90a7133ef4c","FP32",,"ComplexFP32","ComplexFP32",,,,,,,,"PASS","OK"
"stage08","stage08_table_rerun_chebwin_47ebe13410d3","formal","dtype_and_input_contract","runs/stage08_table_rerun_chebwin_47ebe13410d3/formal/20260810T031835Z_47ebe13410d3_stage08_b01_formal_88100000/operator_dtype_evidence_chebwin_fft_thrust_20260810T031835Z_47ebe13410d3_stage08_b01_formal_88100000.csv","20260810T031835Z_47ebe13410d3_stage08_b01_formal_88100000","chebwin__chebwin_fp32_10e2__37f607f8470837ce__sym","chebwin","FP32","FP32","actual_typed_scalar_input","1","length:INT32=100|sym:BOOL=true|attenuation_db:FP32:bytes=0000a042",,,,"37f607f8470837cec7654ff6bc53e232897f3290174c1e7eb004ee8f2413f934",,,,"FP64",,,,,,,,"PASS","OK"
"stage08","stage08_table_rerun_chebwin_47ebe13410d3","formal","dtype_and_input_contract","runs/stage08_table_rerun_chebwin_47ebe13410d3/formal/20260810T031835Z_47ebe13410d3_stage08_b01_formal_88100001/operator_dtype_evidence_chebwin_fft_thrust_20260810T031835Z_47ebe13410d3_stage08_b01_formal_88100001.csv","20260810T031835Z_47ebe13410d3_stage08_b01_formal_88100001","chebwin__chebwin_fp32_10e2__de6e3209bcd5075b__periodic","chebwin","FP32","FP32","actual_typed_scalar_input","1","length:INT32=100|sym:BOOL=false|attenuation_db:FP32:bytes=0000a042",,,,"de6e3209bcd5075baaff1536c3ee3eefd4bc80ff68bca3a0816dd8438a3545bc",,,,"FP64",,,,,,,,"PASS","OK"
"stage08","stage08_table_rerun_chebwin_47ebe13410d3","formal","dtype_and_input_contract","runs/stage08_table_rerun_chebwin_47ebe13410d3/formal/20260810T031835Z_47ebe13410d3_stage08_b01_formal_88100002/operator_dtype_evidence_chebwin_fft_thrust_20260810T031835Z_47ebe13410d3_stage08_b01_formal_88100002.csv","20260810T031835Z_47ebe13410d3_stage08_b01_formal_88100002","chebwin__chebwin_fp32_10e3__2d3bd4477d72df14__sym","chebwin","FP32","FP32","actual_typed_scalar_input","1","length:INT32=1000|sym:BOOL=true|attenuation_db:FP32:bytes=0000a042",,,,"2d3bd4477d72df14c8e8b1ffdf107e3d82e5734db3b368e3a55a97a18743303a",,,,"FP64",,,,,,,,"PASS","OK"
"stage08","stage08_table_rerun_chebwin_47ebe13410d3","formal","dtype_and_input_contract","runs/stage08_table_rerun_chebwin_47ebe13410d3/formal/20260810T031836Z_47ebe13410d3_stage08_b01_formal_88100003/operator_dtype_evidence_chebwin_fft_thrust_20260810T031836Z_47ebe13410d3_stage08_b01_formal_88100003.csv","20260810T031836Z_47ebe13410d3_stage08_b01_formal_88100003","chebwin__chebwin_fp32_10e3__8bf0445b00675f8b__periodic","chebwin","FP32","FP32","actual_typed_scalar_input","1","length:INT32=1000|sym:BOOL=false|attenuation_db:FP32:bytes=0000a042",,,,"8bf0445b00675f8b42dc71b75c9240f96a386131b00cde740641e8a55769475b",,,,"FP64",,,,,,,,"PASS","OK"
"stage08","stage08_table_rerun_chebwin_47ebe13410d3","formal","dtype_and_input_contract","runs/stage08_table_rerun_chebwin_47ebe13410d3/formal/20260810T031836Z_47ebe13410d3_stage08_b01_formal_88100004/operator_dtype_evidence_chebwin_fft_thrust_20260810T031836Z_47ebe13410d3_stage08_b01_formal_88100004.csv","20260810T031836Z_47ebe13410d3_stage08_b01_formal_88100004","chebwin__chebwin_fp32_10e4__80c7c57cc423e4a9__sym","chebwin","FP32","FP32","actual_typed_scalar_input","1","length:INT32=10000|sym:BOOL=true|attenuation_db:FP32:bytes=0000a042",,,,"80c7c57cc423e4a9900db3a7f6233952058ed1b846cf35f7ae6d0615b0d51c09",,,,"FP64",,,,,,,,"PASS","OK"
"stage08","stage08_table_rerun_chebwin_47ebe13410d3","formal","dtype_and_input_contract","runs/stage08_table_rerun_chebwin_47ebe13410d3/formal/20260810T031843Z_47ebe13410d3_stage08_b01_formal_88100005/operator_dtype_evidence_chebwin_fft_thrust_20260810T031843Z_47ebe13410d3_stage08_b01_formal_88100005.csv","20260810T031843Z_47ebe13410d3_stage08_b01_formal_88100005","chebwin__chebwin_fp32_10e4__b9947a1e8fa67ec5__periodic","chebwin","FP32","FP32","actual_typed_scalar_input","1","length:INT32=10000|sym:BOOL=false|attenuation_db:FP32:bytes=0000a042",,,,"b9947a1e8fa67ec584441617aebb4882207c38613dd81e7860b166abe38eeead",,,,"FP64",,,,,,,,"PASS","OK"
"stage08","stage08_table_rerun_chebwin_47ebe13410d3","formal","dtype_and_input_contract","runs/stage08_table_rerun_chebwin_47ebe13410d3/formal/20260810T031849Z_47ebe13410d3_stage08_b01_formal_88100006/operator_dtype_evidence_chebwin_fft_thrust_20260810T031849Z_47ebe13410d3_stage08_b01_formal_88100006.csv","20260810T031849Z_47ebe13410d3_stage08_b01_formal_88100006","chebwin__chebwin_fp16_10e2__17a4f44a1aba3dbe__sym","chebwin","FP16","FP16","actual_typed_scalar_input","1","length:INT32=100|sym:BOOL=true|attenuation_db:FP16:bytes=0055",,,,"17a4f44a1aba3dbe359a6ad8abc9a70cb86499f1496fd25d572038b04fa654b4",,,,"FP64",,,,,,,,"PASS","OK"
"stage08","stage08_table_rerun_chebwin_47ebe13410d3","formal","dtype_and_input_contract","runs/stage08_table_rerun_chebwin_47ebe13410d3/formal/20260810T031849Z_47ebe13410d3_stage08_b01_formal_88100007/operator_dtype_evidence_chebwin_fft_thrust_20260810T031849Z_47ebe13410d3_stage08_b01_formal_88100007.csv","20260810T031849Z_47ebe13410d3_stage08_b01_formal_88100007","chebwin__chebwin_fp16_10e2__ec81a8ff7b4ac7c4__periodic","chebwin","FP16","FP16","actual_typed_scalar_input","1","length:INT32=100|sym:BOOL=false|attenuation_db:FP16:bytes=0055",,,,"ec81a8ff7b4ac7c4bb272d41b2e9c093f4390ffb1541c920bce7f670d4e2dc10",,,,"FP64",,,,,,,,"PASS","OK"
"stage08","stage08_table_rerun_chebwin_47ebe13410d3","formal","dtype_and_input_contract","runs/stage08_table_rerun_chebwin_47ebe13410d3/formal/20260810T031849Z_47ebe13410d3_stage08_b01_formal_88100008/operator_dtype_evidence_chebwin_fft_thrust_20260810T031849Z_47ebe13410d3_stage08_b01_formal_88100008.csv","20260810T031849Z_47ebe13410d3_stage08_b01_formal_88100008","chebwin__chebwin_fp16_10e3__cb2810da22b08443__sym","chebwin","FP16","FP16","actual_typed_scalar_input","1","length:INT32=1000|sym:BOOL=true|attenuation_db:FP16:bytes=0055",,,,"cb2810da22b084433895cac5d32fbf30c04431e0bae69eb3775ff5656bc167db",,,,"FP64",,,,,,,,"PASS","OK"
"stage08","stage08_table_rerun_chebwin_47ebe13410d3","formal","dtype_and_input_contract","runs/stage08_table_rerun_chebwin_47ebe13410d3/formal/20260810T031850Z_47ebe13410d3_stage08_b01_formal_88100009/operator_dtype_evidence_chebwin_fft_thrust_20260810T031850Z_47ebe13410d3_stage08_b01_formal_88100009.csv","20260810T031850Z_47ebe13410d3_stage08_b01_formal_88100009","chebwin__chebwin_fp16_10e3__e62fae54eb073c8a__periodic","chebwin","FP16","FP16","actual_typed_scalar_input","1","length:INT32=1000|sym:BOOL=false|attenuation_db:FP16:bytes=0055",,,,"e62fae54eb073c8a7a2cb6a0cf27998cf257a8ef7a1b176352d5d7a22c397ee4",,,,"FP64",,,,,,,,"PASS","OK"
"stage08","stage08_table_rerun_chebwin_47ebe13410d3","formal","dtype_and_input_contract","runs/stage08_table_rerun_chebwin_47ebe13410d3/formal/20260810T031851Z_47ebe13410d3_stage08_b01_formal_8810000a/operator_dtype_evidence_chebwin_fft_thrust_20260810T031851Z_47ebe13410d3_stage08_b01_formal_8810000a.csv","20260810T031851Z_47ebe13410d3_stage08_b01_formal_8810000a","chebwin__chebwin_fp16_10e4__f38390ff054a4fff__sym","chebwin","FP16","FP16","actual_typed_scalar_input","1","length:INT32=10000|sym:BOOL=true|attenuation_db:FP16:bytes=0055",,,,"f38390ff054a4fff7b8c58f029033e9cc8ff550444bee1b7fcf361818060adcd",,,,"FP64",,,,,,,,"PASS","OK"
"stage08","stage08_table_rerun_chebwin_47ebe13410d3","formal","dtype_and_input_contract","runs/stage08_table_rerun_chebwin_47ebe13410d3/formal/20260810T031857Z_47ebe13410d3_stage08_b01_formal_8810000b/operator_dtype_evidence_chebwin_fft_thrust_20260810T031857Z_47ebe13410d3_stage08_b01_formal_8810000b.csv","20260810T031857Z_47ebe13410d3_stage08_b01_formal_8810000b","chebwin__chebwin_fp16_10e4__873e547f85695604__periodic","chebwin","FP16","FP16","actual_typed_scalar_input","1","length:INT32=10000|sym:BOOL=false|attenuation_db:FP16:bytes=0055",,,,"873e547f8569560419384877bf0752aaea232e2d82e146b3dbab1ed95c37cf37",,,,"FP64",,,,,,,,"PASS","OK"
"stage08","stage08_table_rerun_chebwin_47ebe13410d3","formal","dtype_and_input_contract","runs/stage08_table_rerun_chebwin_47ebe13410d3/formal/20260810T031903Z_47ebe13410d3_stage08_b01_formal_8810000c/operator_dtype_evidence_chebwin_fft_thrust_20260810T031903Z_47ebe13410d3_stage08_b01_formal_8810000c.csv","20260810T031903Z_47ebe13410d3_stage08_b01_formal_8810000c","chebwin__chebwin_int32_10e2__5a8da06ace1f450e__sym","chebwin","INT32","INT32","actual_typed_scalar_input","1","length:INT32=100|sym:BOOL=true|attenuation_db:INT32:bytes=50000000",,,,"5a8da06ace1f450e45f59b4ff6e2523fa72e51c4c255d29375112efdc7eebdd7",,,,"FP64",,,,,,,,"PASS","OK"
"stage08","stage08_table_rerun_chebwin_47ebe13410d3","formal","dtype_and_input_contract","runs/stage08_table_rerun_chebwin_47ebe13410d3/formal/20260810T031903Z_47ebe13410d3_stage08_b01_formal_8810000d/operator_dtype_evidence_chebwin_fft_thrust_20260810T031903Z_47ebe13410d3_stage08_b01_formal_8810000d.csv","20260810T031903Z_47ebe13410d3_stage08_b01_formal_8810000d","chebwin__chebwin_int32_10e2__e9b3c9a67cf57302__periodic","chebwin","INT32","INT32","actual_typed_scalar_input","1","length:INT32=100|sym:BOOL=false|attenuation_db:INT32:bytes=50000000",,,,"e9b3c9a67cf573027c3ef8b6a1cc5d776c8801982a505286b3dcd4dda37d987e",,,,"FP64",,,,,,,,"PASS","OK"
"stage08","stage08_table_rerun_chebwin_47ebe13410d3","formal","dtype_and_input_contract","runs/stage08_table_rerun_chebwin_47ebe13410d3/formal/20260810T031904Z_47ebe13410d3_stage08_b01_formal_8810000e/operator_dtype_evidence_chebwin_fft_thrust_20260810T031904Z_47ebe13410d3_stage08_b01_formal_8810000e.csv","20260810T031904Z_47ebe13410d3_stage08_b01_formal_8810000e","chebwin__chebwin_int32_10e3__ae560294278e1695__sym","chebwin","INT32","INT32","actual_typed_scalar_input","1","length:INT32=1000|sym:BOOL=true|attenuation_db:INT32:bytes=50000000",,,,"ae560294278e16954f6bc32858422de5204e2ad11e6764aa2bb9105d845a4a8c",,,,"FP64",,,,,,,,"PASS","OK"
"stage08","stage08_table_rerun_chebwin_47ebe13410d3","formal","dtype_and_input_contract","runs/stage08_table_rerun_chebwin_47ebe13410d3/formal/20260810T031904Z_47ebe13410d3_stage08_b01_formal_8810000f/operator_dtype_evidence_chebwin_fft_thrust_20260810T031904Z_47ebe13410d3_stage08_b01_formal_8810000f.csv","20260810T031904Z_47ebe13410d3_stage08_b01_formal_8810000f","chebwin__chebwin_int32_10e3__3a39e86e3532fa2f__periodic","chebwin","INT32","INT32","actual_typed_scalar_input","1","length:INT32=1000|sym:BOOL=false|attenuation_db:INT32:bytes=50000000",,,,"3a39e86e3532fa2f9b35dd881a7b654f863e20cef0c98a9b7220b5aa9abf1eb8",,,,"FP64",,,,,,,,"PASS","OK"
"stage08","stage08_table_rerun_chebwin_47ebe13410d3","formal","dtype_and_input_contract","runs/stage08_table_rerun_chebwin_47ebe13410d3/formal/20260810T031905Z_47ebe13410d3_stage08_b01_formal_88100010/operator_dtype_evidence_chebwin_fft_thrust_20260810T031905Z_47ebe13410d3_stage08_b01_formal_88100010.csv","20260810T031905Z_47ebe13410d3_stage08_b01_formal_88100010","chebwin__chebwin_int32_10e4__b073d3d1217d94e5__sym","chebwin","INT32","INT32","actual_typed_scalar_input","1","length:INT32=10000|sym:BOOL=true|attenuation_db:INT32:bytes=50000000",,,,"b073d3d1217d94e53c799853257c0bd4354d30a02285fb8c5be8b2c0394265d4",,,,"FP64",,,,,,,,"PASS","OK"
"stage08","stage08_table_rerun_chebwin_47ebe13410d3","formal","dtype_and_input_contract","runs/stage08_table_rerun_chebwin_47ebe13410d3/formal/20260810T031911Z_47ebe13410d3_stage08_b01_formal_88100011/operator_dtype_evidence_chebwin_fft_thrust_20260810T031911Z_47ebe13410d3_stage08_b01_formal_88100011.csv","20260810T031911Z_47ebe13410d3_stage08_b01_formal_88100011","chebwin__chebwin_int32_10e4__1ba8a7fc4d622b65__periodic","chebwin","INT32","INT32","actual_typed_scalar_input","1","length:INT32=10000|sym:BOOL=false|attenuation_db:INT32:bytes=50000000",,,,"1ba8a7fc4d622b654cd1a803b216f99c1323cf45a7d6f499aa692b1fddd747c1",,,,"FP64",,,,,,,,"PASS","OK"
"stage08","stage08_table_rerun_chebwin_47ebe13410d3","formal","dtype_and_input_contract","runs/stage08_table_rerun_chebwin_47ebe13410d3/formal/20260810T031917Z_47ebe13410d3_stage08_b01_formal_88100012/operator_dtype_evidence_chebwin_fft_thrust_20260810T031917Z_47ebe13410d3_stage08_b01_formal_88100012.csv","20260810T031917Z_47ebe13410d3_stage08_b01_formal_88100012","chebwin__chebwin_int16_10e2__ad4c0b8fac821e0e__sym","chebwin","INT16","INT16","actual_typed_scalar_input","1","length:INT32=100|sym:BOOL=true|attenuation_db:INT16:bytes=5000",,,,"ad4c0b8fac821e0e97b19164bb3fcf2e029dd17253ea50cf20366c2280b48a7a",,,,"FP64",,,,,,,,"PASS","OK"
"stage08","stage08_table_rerun_chebwin_47ebe13410d3","formal","dtype_and_input_contract","runs/stage08_table_rerun_chebwin_47ebe13410d3/formal/20260810T031918Z_47ebe13410d3_stage08_b01_formal_88100013/operator_dtype_evidence_chebwin_fft_thrust_20260810T031918Z_47ebe13410d3_stage08_b01_formal_88100013.csv","20260810T031918Z_47ebe13410d3_stage08_b01_formal_88100013","chebwin__chebwin_int16_10e2__2d7869025924cd07__periodic","chebwin","INT16","INT16","actual_typed_scalar_input","1","length:INT32=100|sym:BOOL=false|attenuation_db:INT16:bytes=5000",,,,"2d7869025924cd076760189f2e018ff35a5914e86d747350f6668cc0e2133f03",,,,"FP64",,,,,,,,"PASS","OK"
"stage08","stage08_table_rerun_chebwin_47ebe13410d3","formal","dtype_and_input_contract","runs/stage08_table_rerun_chebwin_47ebe13410d3/formal/20260810T031918Z_47ebe13410d3_stage08_b01_formal_88100014/operator_dtype_evidence_chebwin_fft_thrust_20260810T031918Z_47ebe13410d3_stage08_b01_formal_88100014.csv","20260810T031918Z_47ebe13410d3_stage08_b01_formal_88100014","chebwin__chebwin_int16_10e3__2bd6556ea2c25c06__sym","chebwin","INT16","INT16","actual_typed_scalar_input","1","length:INT32=1000|sym:BOOL=true|attenuation_db:INT16:bytes=5000",,,,"2bd6556ea2c25c06a2b333e24aa10c2e97a21c313254fad6b82a5fb4ca7bf415",,,,"FP64",,,,,,,,"PASS","OK"
"stage08","stage08_table_rerun_chebwin_47ebe13410d3","formal","dtype_and_input_contract","runs/stage08_table_rerun_chebwin_47ebe13410d3/formal/20260810T031919Z_47ebe13410d3_stage08_b01_formal_88100015/operator_dtype_evidence_chebwin_fft_thrust_20260810T031919Z_47ebe13410d3_stage08_b01_formal_88100015.csv","20260810T031919Z_47ebe13410d3_stage08_b01_formal_88100015","chebwin__chebwin_int16_10e3__7e3cd92367bd1436__periodic","chebwin","INT16","INT16","actual_typed_scalar_input","1","length:INT32=1000|sym:BOOL=false|attenuation_db:INT16:bytes=5000",,,,"7e3cd92367bd14367b9f3a18b925bd36453848f095f8137ff9494209a27b8d37",,,,"FP64",,,,,,,,"PASS","OK"
"stage08","stage08_table_rerun_chebwin_47ebe13410d3","formal","dtype_and_input_contract","runs/stage08_table_rerun_chebwin_47ebe13410d3/formal/20260810T031919Z_47ebe13410d3_stage08_b01_formal_88100016/operator_dtype_evidence_chebwin_fft_thrust_20260810T031919Z_47ebe13410d3_stage08_b01_formal_88100016.csv","20260810T031919Z_47ebe13410d3_stage08_b01_formal_88100016","chebwin__chebwin_int16_10e4__38f2e4980de120a0__sym","chebwin","INT16","INT16","actual_typed_scalar_input","1","length:INT32=10000|sym:BOOL=true|attenuation_db:INT16:bytes=5000",,,,"38f2e4980de120a0dc68dc1f2811892f5bde050a895ca3182c640dd4ac50b9f7",,,,"FP64",,,,,,,,"PASS","OK"
"stage08","stage08_table_rerun_chebwin_47ebe13410d3","formal","dtype_and_input_contract","runs/stage08_table_rerun_chebwin_47ebe13410d3/formal/20260810T031925Z_47ebe13410d3_stage08_b01_formal_88100017/operator_dtype_evidence_chebwin_fft_thrust_20260810T031925Z_47ebe13410d3_stage08_b01_formal_88100017.csv","20260810T031925Z_47ebe13410d3_stage08_b01_formal_88100017","chebwin__chebwin_int16_10e4__3b0050110043e7cd__periodic","chebwin","INT16","INT16","actual_typed_scalar_input","1","length:INT32=10000|sym:BOOL=false|attenuation_db:INT16:bytes=5000",,,,"3b0050110043e7cd4b079e1470bdb7c7a8cccb1c02c25b643494967b36361eed",,,,"FP64",,,,,,,,"PASS","OK"
"stage08","stage08_table_rerun_chebwin_47ebe13410d3","formal","dtype_and_input_contract","runs/stage08_table_rerun_chebwin_47ebe13410d3/formal/20260810T031932Z_47ebe13410d3_stage08_b01_formal_88100018/operator_dtype_evidence_chebwin_fft_thrust_20260810T031932Z_47ebe13410d3_stage08_b01_formal_88100018.csv","20260810T031932Z_47ebe13410d3_stage08_b01_formal_88100018","chebwin__chebwin_int8_10e2__a2db05d294329fa9__sym","chebwin","INT8","INT8","actual_typed_scalar_input","1","length:INT32=100|sym:BOOL=true|attenuation_db:INT8:bytes=50",,,,"a2db05d294329fa9ae7fbf13986de5d9df54d108546ec727139161662d690792",,,,"FP64",,,,,,,,"PASS","OK"
"stage08","stage08_table_rerun_chebwin_47ebe13410d3","formal","dtype_and_input_contract","runs/stage08_table_rerun_chebwin_47ebe13410d3/formal/20260810T031932Z_47ebe13410d3_stage08_b01_formal_88100019/operator_dtype_evidence_chebwin_fft_thrust_20260810T031932Z_47ebe13410d3_stage08_b01_formal_88100019.csv","20260810T031932Z_47ebe13410d3_stage08_b01_formal_88100019","chebwin__chebwin_int8_10e2__29458e34ccdf657d__periodic","chebwin","INT8","INT8","actual_typed_scalar_input","1","length:INT32=100|sym:BOOL=false|attenuation_db:INT8:bytes=50",,,,"29458e34ccdf657d7725aace20115cb68be211715560d9c17921043defa1017b",,,,"FP64",,,,,,,,"PASS","OK"
"stage08","stage08_table_rerun_chebwin_47ebe13410d3","formal","dtype_and_input_contract","runs/stage08_table_rerun_chebwin_47ebe13410d3/formal/20260810T031932Z_47ebe13410d3_stage08_b01_formal_8810001a/operator_dtype_evidence_chebwin_fft_thrust_20260810T031932Z_47ebe13410d3_stage08_b01_formal_8810001a.csv","20260810T031932Z_47ebe13410d3_stage08_b01_formal_8810001a","chebwin__chebwin_int8_10e3__38ca565c850299ea__sym","chebwin","INT8","INT8","actual_typed_scalar_input","1","length:INT32=1000|sym:BOOL=true|attenuation_db:INT8:bytes=50",,,,"38ca565c850299eadb5de664af212d93bcd7b7b68d570521f5704e1467924857",,,,"FP64",,,,,,,,"PASS","OK"
"stage08","stage08_table_rerun_chebwin_47ebe13410d3","formal","dtype_and_input_contract","runs/stage08_table_rerun_chebwin_47ebe13410d3/formal/20260810T031933Z_47ebe13410d3_stage08_b01_formal_8810001b/operator_dtype_evidence_chebwin_fft_thrust_20260810T031933Z_47ebe13410d3_stage08_b01_formal_8810001b.csv","20260810T031933Z_47ebe13410d3_stage08_b01_formal_8810001b","chebwin__chebwin_int8_10e3__91c480d438f67a9d__periodic","chebwin","INT8","INT8","actual_typed_scalar_input","1","length:INT32=1000|sym:BOOL=false|attenuation_db:INT8:bytes=50",,,,"91c480d438f67a9dd8e82e8a87a39f8b9829f4daae70305902059e4309b40b6b",,,,"FP64",,,,,,,,"PASS","OK"
"stage08","stage08_table_rerun_chebwin_47ebe13410d3","formal","dtype_and_input_contract","runs/stage08_table_rerun_chebwin_47ebe13410d3/formal/20260810T031933Z_47ebe13410d3_stage08_b01_formal_8810001c/operator_dtype_evidence_chebwin_fft_thrust_20260810T031933Z_47ebe13410d3_stage08_b01_formal_8810001c.csv","20260810T031933Z_47ebe13410d3_stage08_b01_formal_8810001c","chebwin__chebwin_int8_10e4__d9fb3c03f5bd4e1e__sym","chebwin","INT8","INT8","actual_typed_scalar_input","1","length:INT32=10000|sym:BOOL=true|attenuation_db:INT8:bytes=50",,,,"d9fb3c03f5bd4e1ee98846770a6ff91c8c360d24681cb96921d5d72696a5d140",,,,"FP64",,,,,,,,"PASS","OK"
"stage08","stage08_table_rerun_chebwin_47ebe13410d3","formal","dtype_and_input_contract","runs/stage08_table_rerun_chebwin_47ebe13410d3/formal/20260810T031940Z_47ebe13410d3_stage08_b01_formal_8810001d/operator_dtype_evidence_chebwin_fft_thrust_20260810T031940Z_47ebe13410d3_stage08_b01_formal_8810001d.csv","20260810T031940Z_47ebe13410d3_stage08_b01_formal_8810001d","chebwin__chebwin_int8_10e4__72856d381d1d5251__periodic","chebwin","INT8","INT8","actual_typed_scalar_input","1","length:INT32=10000|sym:BOOL=false|attenuation_db:INT8:bytes=50",,,,"72856d381d1d5251809da70968db2f463ca8a4c57aed8dffb7e5178f81864075",,,,"FP64",,,,,,,,"PASS","OK"
"stage08","stage08_table_rerun_general_cosine_47ebe13410d3","formal","dtype_and_input_contract","runs/stage08_table_rerun_general_cosine_47ebe13410d3/formal/20260810T031949Z_47ebe13410d3_stage08_b01_formal_88110000/operator_dtype_evidence_general_cosine_not_applicable_20260810T031949Z_47ebe13410d3_stage08_b01_formal_88110000.csv","20260810T031949Z_47ebe13410d3_stage08_b01_formal_88110000","general_cosine__general_cosine_fp32_10e2__7aea9ce1217a0525__sym","general_cosine","FP32","FP32","actual_typed_array_input","3","length:INT32=100|sym:BOOL=true|coefficient_values:FP32:bytes=0000803f;00000040;0000803f;",,,,"7aea9ce1217a052519180c6753897bccd990fec0c5b4981f1dfe2709bb981540",,,,"FP64",,,,,,,,"PASS","OK"
"stage08","stage08_table_rerun_general_cosine_47ebe13410d3","formal","dtype_and_input_contract","runs/stage08_table_rerun_general_cosine_47ebe13410d3/formal/20260810T031949Z_47ebe13410d3_stage08_b01_formal_88110001/operator_dtype_evidence_general_cosine_not_applicable_20260810T031949Z_47ebe13410d3_stage08_b01_formal_88110001.csv","20260810T031949Z_47ebe13410d3_stage08_b01_formal_88110001","general_cosine__general_cosine_fp32_10e2__ac11ae94c983f490__periodic","general_cosine","FP32","FP32","actual_typed_array_input","3","length:INT32=100|sym:BOOL=false|coefficient_values:FP32:bytes=0000803f;00000040;0000803f;",,,,"ac11ae94c983f4900269967b5eb4ecee8ce7e369f7d8286effc18232087ce59d",,,,"FP64",,,,,,,,"PASS","OK"
"stage08","stage08_table_rerun_general_cosine_47ebe13410d3","formal","dtype_and_input_contract","runs/stage08_table_rerun_general_cosine_47ebe13410d3/formal/20260810T031949Z_47ebe13410d3_stage08_b01_formal_88110002/operator_dtype_evidence_general_cosine_not_applicable_20260810T031949Z_47ebe13410d3_stage08_b01_formal_88110002.csv","20260810T031949Z_47ebe13410d3_stage08_b01_formal_88110002","general_cosine__general_cosine_fp32_10e3__3371f01af8a20862__sym","general_cosine","FP32","FP32","actual_typed_array_input","3","length:INT32=1000|sym:BOOL=true|coefficient_values:FP32:bytes=0000803f;00000040;0000803f;",,,,"3371f01af8a20862c86d233046b7cbd6d1a130d16136c6ad414b3e0fe7878c92",,,,"FP64",,,,,,,,"PASS","OK"
"stage08","stage08_table_rerun_general_cosine_47ebe13410d3","formal","dtype_and_input_contract","runs/stage08_table_rerun_general_cosine_47ebe13410d3/formal/20260810T031949Z_47ebe13410d3_stage08_b01_formal_88110003/operator_dtype_evidence_general_cosine_not_applicable_20260810T031949Z_47ebe13410d3_stage08_b01_formal_88110003.csv","20260810T031949Z_47ebe13410d3_stage08_b01_formal_88110003","general_cosine__general_cosine_fp32_10e3__edf6c19a3f837d3b__periodic","general_cosine","FP32","FP32","actual_typed_array_input","3","length:INT32=1000|sym:BOOL=false|coefficient_values:FP32:bytes=0000803f;00000040;0000803f;",,,,"edf6c19a3f837d3bfaaf3bff17cb21d93195b71c7bd51bbd28117cb793ed0489",,,,"FP64",,,,,,,,"PASS","OK"
"stage08","stage08_table_rerun_general_cosine_47ebe13410d3","formal","dtype_and_input_contract","runs/stage08_table_rerun_general_cosine_47ebe13410d3/formal/20260810T031949Z_47ebe13410d3_stage08_b01_formal_88110004/operator_dtype_evidence_general_cosine_not_applicable_20260810T031949Z_47ebe13410d3_stage08_b01_formal_88110004.csv","20260810T031949Z_47ebe13410d3_stage08_b01_formal_88110004","general_cosine__general_cosine_fp32_10e4__543f4ff0b4bfb4cd__sym","general_cosine","FP32","FP32","actual_typed_array_input","3","length:INT32=10000|sym:BOOL=true|coefficient_values:FP32:bytes=0000803f;00000040;0000803f;",,,,"543f4ff0b4bfb4cd16116c89ec5676af64b91226e5b22241af7affd650aae9d2",,,,"FP64",,,,,,,,"PASS","OK"
"stage08","stage08_table_rerun_general_cosine_47ebe13410d3","formal","dtype_and_input_contract","runs/stage08_table_rerun_general_cosine_47ebe13410d3/formal/20260810T031950Z_47ebe13410d3_stage08_b01_formal_88110005/operator_dtype_evidence_general_cosine_not_applicable_20260810T031950Z_47ebe13410d3_stage08_b01_formal_88110005.csv","20260810T031950Z_47ebe13410d3_stage08_b01_formal_88110005","general_cosine__general_cosine_fp32_10e4__c4af90d29b5e55e9__periodic","general_cosine","FP32","FP32","actual_typed_array_input","3","length:INT32=10000|sym:BOOL=false|coefficient_values:FP32:bytes=0000803f;00000040;0000803f;",,,,"c4af90d29b5e55e9349980ec3bb3e62907c8719913c733eeb27ecaadae46ea8f",,,,"FP64",,,,,,,,"PASS","OK"
"stage08","stage08_table_rerun_general_cosine_47ebe13410d3","formal","dtype_and_input_contract","runs/stage08_table_rerun_general_cosine_47ebe13410d3/formal/20260810T031950Z_47ebe13410d3_stage08_b01_formal_88110006/operator_dtype_evidence_general_cosine_not_applicable_20260810T031950Z_47ebe13410d3_stage08_b01_formal_88110006.csv","20260810T031950Z_47ebe13410d3_stage08_b01_formal_88110006","general_cosine__general_cosine_fp16_10e2__2d573d30973df350__sym","general_cosine","FP16","FP16","actual_typed_array_input","3","length:INT32=100|sym:BOOL=true|coefficient_values:FP16:bytes=003c;0040;003c;",,,,"2d573d30973df3507302e62ed5c5e2880408f50e6f8792619cbef3e57c71834e",,,,"FP64",,,,,,,,"PASS","OK"
"stage08","stage08_table_rerun_general_cosine_47ebe13410d3","formal","dtype_and_input_contract","runs/stage08_table_rerun_general_cosine_47ebe13410d3/formal/20260810T031950Z_47ebe13410d3_stage08_b01_formal_88110007/operator_dtype_evidence_general_cosine_not_applicable_20260810T031950Z_47ebe13410d3_stage08_b01_formal_88110007.csv","20260810T031950Z_47ebe13410d3_stage08_b01_formal_88110007","general_cosine__general_cosine_fp16_10e2__7d4ddcac9625e11a__periodic","general_cosine","FP16","FP16","actual_typed_array_input","3","length:INT32=100|sym:BOOL=false|coefficient_values:FP16:bytes=003c;0040;003c;",,,,"7d4ddcac9625e11a9859bfa908c12d23067696ff11f438c857cb4e16daf5848f",,,,"FP64",,,,,,,,"PASS","OK"
"stage08","stage08_table_rerun_general_cosine_47ebe13410d3","formal","dtype_and_input_contract","runs/stage08_table_rerun_general_cosine_47ebe13410d3/formal/20260810T031950Z_47ebe13410d3_stage08_b01_formal_88110008/operator_dtype_evidence_general_cosine_not_applicable_20260810T031950Z_47ebe13410d3_stage08_b01_formal_88110008.csv","20260810T031950Z_47ebe13410d3_stage08_b01_formal_88110008","general_cosine__general_cosine_fp16_10e3__8e3a195c7bfa638e__sym","general_cosine","FP16","FP16","actual_typed_array_input","3","length:INT32=1000|sym:BOOL=true|coefficient_values:FP16:bytes=003c;0040;003c;",,,,"8e3a195c7bfa638e58e37f1b76ea1968b7563c467a2e6ee8c054a260c53959a5",,,,"FP64",,,,,,,,"PASS","OK"
"stage08","stage08_table_rerun_general_cosine_47ebe13410d3","formal","dtype_and_input_contract","runs/stage08_table_rerun_general_cosine_47ebe13410d3/formal/20260810T031950Z_47ebe13410d3_stage08_b01_formal_88110009/operator_dtype_evidence_general_cosine_not_applicable_20260810T031950Z_47ebe13410d3_stage08_b01_formal_88110009.csv","20260810T031950Z_47ebe13410d3_stage08_b01_formal_88110009","general_cosine__general_cosine_fp16_10e3__7b8144a5e7c1b55a__periodic","general_cosine","FP16","FP16","actual_typed_array_input","3","length:INT32=1000|sym:BOOL=false|coefficient_values:FP16:bytes=003c;0040;003c;",,,,"7b8144a5e7c1b55aad5c396833657eacbfdae91301c71740d5494551c5b69872",,,,"FP64",,,,,,,,"PASS","OK"
"stage08","stage08_table_rerun_general_cosine_47ebe13410d3","formal","dtype_and_input_contract","runs/stage08_table_rerun_general_cosine_47ebe13410d3/formal/20260810T031950Z_47ebe13410d3_stage08_b01_formal_8811000a/operator_dtype_evidence_general_cosine_not_applicable_20260810T031950Z_47ebe13410d3_stage08_b01_formal_8811000a.csv","20260810T031950Z_47ebe13410d3_stage08_b01_formal_8811000a","general_cosine__general_cosine_fp16_10e4__994f1addb16df798__sym","general_cosine","FP16","FP16","actual_typed_array_input","3","length:INT32=10000|sym:BOOL=true|coefficient_values:FP16:bytes=003c;0040;003c;",,,,"994f1addb16df798b8d259f081585a576b7ee190408cdc07cda3e6323d0a57d6",,,,"FP64",,,,,,,,"PASS","OK"
"stage08","stage08_table_rerun_general_cosine_47ebe13410d3","formal","dtype_and_input_contract","runs/stage08_table_rerun_general_cosine_47ebe13410d3/formal/20260810T031951Z_47ebe13410d3_stage08_b01_formal_8811000b/operator_dtype_evidence_general_cosine_not_applicable_20260810T031951Z_47ebe13410d3_stage08_b01_formal_8811000b.csv","20260810T031951Z_47ebe13410d3_stage08_b01_formal_8811000b","general_cosine__general_cosine_fp16_10e4__f7d4c50b089ead29__periodic","general_cosine","FP16","FP16","actual_typed_array_input","3","length:INT32=10000|sym:BOOL=false|coefficient_values:FP16:bytes=003c;0040;003c;",,,,"f7d4c50b089ead2967f578ae39454710b645e1332e08eee51129010cb4fc8528",,,,"FP64",,,,,,,,"PASS","OK"
"stage08","stage08_table_rerun_general_cosine_47ebe13410d3","formal","dtype_and_input_contract","runs/stage08_table_rerun_general_cosine_47ebe13410d3/formal/20260810T031951Z_47ebe13410d3_stage08_b01_formal_8811000c/operator_dtype_evidence_general_cosine_not_applicable_20260810T031951Z_47ebe13410d3_stage08_b01_formal_8811000c.csv","20260810T031951Z_47ebe13410d3_stage08_b01_formal_8811000c","general_cosine__general_cosine_int32_10e2__3750a6ec96cd0818__sym","general_cosine","INT32","INT32","actual_typed_array_input","3","length:INT32=100|sym:BOOL=true|coefficient_values:INT32:bytes=01000000;02000000;01000000;",,,,"3750a6ec96cd08182dbe26794032421003e837907ae310991b0af2265cb93f97",,,,"FP64",,,,,,,,"PASS","OK"
"stage08","stage08_table_rerun_general_cosine_47ebe13410d3","formal","dtype_and_input_contract","runs/stage08_table_rerun_general_cosine_47ebe13410d3/formal/20260810T031951Z_47ebe13410d3_stage08_b01_formal_8811000d/operator_dtype_evidence_general_cosine_not_applicable_20260810T031951Z_47ebe13410d3_stage08_b01_formal_8811000d.csv","20260810T031951Z_47ebe13410d3_stage08_b01_formal_8811000d","general_cosine__general_cosine_int32_10e2__8408efbb516368c6__periodic","general_cosine","INT32","INT32","actual_typed_array_input","3","length:INT32=100|sym:BOOL=false|coefficient_values:INT32:bytes=01000000;02000000;01000000;",,,,"8408efbb516368c699f9a6180f5099b88f66c827028044bad34287ca22433a7d",,,,"FP64",,,,,,,,"PASS","OK"
"stage08","stage08_table_rerun_general_cosine_47ebe13410d3","formal","dtype_and_input_contract","runs/stage08_table_rerun_general_cosine_47ebe13410d3/formal/20260810T031951Z_47ebe13410d3_stage08_b01_formal_8811000e/operator_dtype_evidence_general_cosine_not_applicable_20260810T031951Z_47ebe13410d3_stage08_b01_formal_8811000e.csv","20260810T031951Z_47ebe13410d3_stage08_b01_formal_8811000e","general_cosine__general_cosine_int32_10e3__b96876cf375b4231__sym","general_cosine","INT32","INT32","actual_typed_array_input","3","length:INT32=1000|sym:BOOL=true|coefficient_values:INT32:bytes=01000000;02000000;01000000;",,,,"b96876cf375b42319f98fd4a889e25a4a0121440c5d78f1bbc3dcc70fee9bf4b",,,,"FP64",,,,,,,,"PASS","OK"
"stage08","stage08_table_rerun_general_cosine_47ebe13410d3","formal","dtype_and_input_contract","runs/stage08_table_rerun_general_cosine_47ebe13410d3/formal/20260810T031951Z_47ebe13410d3_stage08_b01_formal_8811000f/operator_dtype_evidence_general_cosine_not_applicable_20260810T031951Z_47ebe13410d3_stage08_b01_formal_8811000f.csv","20260810T031951Z_47ebe13410d3_stage08_b01_formal_8811000f","general_cosine__general_cosine_int32_10e3__b1be76fd77128c1b__periodic","general_cosine","INT32","INT32","actual_typed_array_input","3","length:INT32=1000|sym:BOOL=false|coefficient_values:INT32:bytes=01000000;02000000;01000000;",,,,"b1be76fd77128c1be7e20be112a97dea0806e5187316be1a03f45bd2450ba1fa",,,,"FP64",,,,,,,,"PASS","OK"
"stage08","stage08_table_rerun_general_cosine_47ebe13410d3","formal","dtype_and_input_contract","runs/stage08_table_rerun_general_cosine_47ebe13410d3/formal/20260810T031951Z_47ebe13410d3_stage08_b01_formal_88110010/operator_dtype_evidence_general_cosine_not_applicable_20260810T031951Z_47ebe13410d3_stage08_b01_formal_88110010.csv","20260810T031951Z_47ebe13410d3_stage08_b01_formal_88110010","general_cosine__general_cosine_int32_10e4__a578e584249da81c__sym","general_cosine","INT32","INT32","actual_typed_array_input","3","length:INT32=10000|sym:BOOL=true|coefficient_values:INT32:bytes=01000000;02000000;01000000;",,,,"a578e584249da81c23b0e768bf9257121b160233828a48c34c2b0f6e26c9e256",,,,"FP64",,,,,,,,"PASS","OK"
"stage08","stage08_table_rerun_general_cosine_47ebe13410d3","formal","dtype_and_input_contract","runs/stage08_table_rerun_general_cosine_47ebe13410d3/formal/20260810T031952Z_47ebe13410d3_stage08_b01_formal_88110011/operator_dtype_evidence_general_cosine_not_applicable_20260810T031952Z_47ebe13410d3_stage08_b01_formal_88110011.csv","20260810T031952Z_47ebe13410d3_stage08_b01_formal_88110011","general_cosine__general_cosine_int32_10e4__79bc0500db6ba6ef__periodic","general_cosine","INT32","INT32","actual_typed_array_input","3","length:INT32=10000|sym:BOOL=false|coefficient_values:INT32:bytes=01000000;02000000;01000000;",,,,"79bc0500db6ba6ef7a4a94266dce2a3ac7a9dc96a6dc664ea15e607f5f099da9",,,,"FP64",,,,,,,,"PASS","OK"
"stage08","stage08_table_rerun_general_cosine_47ebe13410d3","formal","dtype_and_input_contract","runs/stage08_table_rerun_general_cosine_47ebe13410d3/formal/20260810T031952Z_47ebe13410d3_stage08_b01_formal_88110012/operator_dtype_evidence_general_cosine_not_applicable_20260810T031952Z_47ebe13410d3_stage08_b01_formal_88110012.csv","20260810T031952Z_47ebe13410d3_stage08_b01_formal_88110012","general_cosine__general_cosine_int16_10e2__8c49df377462ab44__sym","general_cosine","INT16","INT16","actual_typed_array_input","3","length:INT32=100|sym:BOOL=true|coefficient_values:INT16:bytes=0100;0200;0100;",,,,"8c49df377462ab443205036722e52905efb4620c8de3ea02c00cf2a3e4f083f7",,,,"FP64",,,,,,,,"PASS","OK"
"stage08","stage08_table_rerun_general_cosine_47ebe13410d3","formal","dtype_and_input_contract","runs/stage08_table_rerun_general_cosine_47ebe13410d3/formal/20260810T031952Z_47ebe13410d3_stage08_b01_formal_88110013/operator_dtype_evidence_general_cosine_not_applicable_20260810T031952Z_47ebe13410d3_stage08_b01_formal_88110013.csv","20260810T031952Z_47ebe13410d3_stage08_b01_formal_88110013","general_cosine__general_cosine_int16_10e2__91756d0fdb5fe9f0__periodic","general_cosine","INT16","INT16","actual_typed_array_input","3","length:INT32=100|sym:BOOL=false|coefficient_values:INT16:bytes=0100;0200;0100;",,,,"91756d0fdb5fe9f0c3a144739b703ec45ceac9885a4df852dce2a4b1f7850f8f",,,,"FP64",,,,,,,,"PASS","OK"
"stage08","stage08_table_rerun_general_cosine_47ebe13410d3","formal","dtype_and_input_contract","runs/stage08_table_rerun_general_cosine_47ebe13410d3/formal/20260810T031952Z_47ebe13410d3_stage08_b01_formal_88110014/operator_dtype_evidence_general_cosine_not_applicable_20260810T031952Z_47ebe13410d3_stage08_b01_formal_88110014.csv","20260810T031952Z_47ebe13410d3_stage08_b01_formal_88110014","general_cosine__general_cosine_int16_10e3__2ab8bf648d251348__sym","general_cosine","INT16","INT16","actual_typed_array_input","3","length:INT32=1000|sym:BOOL=true|coefficient_values:INT16:bytes=0100;0200;0100;",,,,"2ab8bf648d2513484e7e676e1da2902c1085e20afa5121621ba7ec9e9d20d9a9",,,,"FP64",,,,,,,,"PASS","OK"
"stage08","stage08_table_rerun_general_cosine_47ebe13410d3","formal","dtype_and_input_contract","runs/stage08_table_rerun_general_cosine_47ebe13410d3/formal/20260810T031952Z_47ebe13410d3_stage08_b01_formal_88110015/operator_dtype_evidence_general_cosine_not_applicable_20260810T031952Z_47ebe13410d3_stage08_b01_formal_88110015.csv","20260810T031952Z_47ebe13410d3_stage08_b01_formal_88110015","general_cosine__general_cosine_int16_10e3__2290cc905e44f7d0__periodic","general_cosine","INT16","INT16","actual_typed_array_input","3","length:INT32=1000|sym:BOOL=false|coefficient_values:INT16:bytes=0100;0200;0100;",,,,"2290cc905e44f7d0eaed4f509a6f371a74b47d1179bdbd2ec9ad45e61eca2561",,,,"FP64",,,,,,,,"PASS","OK"
"stage08","stage08_table_rerun_general_cosine_47ebe13410d3","formal","dtype_and_input_contract","runs/stage08_table_rerun_general_cosine_47ebe13410d3/formal/20260810T031952Z_47ebe13410d3_stage08_b01_formal_88110016/operator_dtype_evidence_general_cosine_not_applicable_20260810T031952Z_47ebe13410d3_stage08_b01_formal_88110016.csv","20260810T031952Z_47ebe13410d3_stage08_b01_formal_88110016","general_cosine__general_cosine_int16_10e4__630325cd2c9dc733__sym","general_cosine","INT16","INT16","actual_typed_array_input","3","length:INT32=10000|sym:BOOL=true|coefficient_values:INT16:bytes=0100;0200;0100;",,,,"630325cd2c9dc73346ae2ad93f4a850af159a61ec74bd43c126daed0d9cf1f8c",,,,"FP64",,,,,,,,"PASS","OK"
"stage08","stage08_table_rerun_general_cosine_47ebe13410d3","formal","dtype_and_input_contract","runs/stage08_table_rerun_general_cosine_47ebe13410d3/formal/20260810T031953Z_47ebe13410d3_stage08_b01_formal_88110017/operator_dtype_evidence_general_cosine_not_applicable_20260810T031953Z_47ebe13410d3_stage08_b01_formal_88110017.csv","20260810T031953Z_47ebe13410d3_stage08_b01_formal_88110017","general_cosine__general_cosine_int16_10e4__37395836812dff9a__periodic","general_cosine","INT16","INT16","actual_typed_array_input","3","length:INT32=10000|sym:BOOL=false|coefficient_values:INT16:bytes=0100;0200;0100;",,,,"37395836812dff9a5c3c04af70cada3cb252ea9f01a0031e9fabbea3bd12292e",,,,"FP64",,,,,,,,"PASS","OK"
"stage08","stage08_table_rerun_general_cosine_47ebe13410d3","formal","dtype_and_input_contract","runs/stage08_table_rerun_general_cosine_47ebe13410d3/formal/20260810T031953Z_47ebe13410d3_stage08_b01_formal_88110018/operator_dtype_evidence_general_cosine_not_applicable_20260810T031953Z_47ebe13410d3_stage08_b01_formal_88110018.csv","20260810T031953Z_47ebe13410d3_stage08_b01_formal_88110018","general_cosine__general_cosine_int8_10e2__8e9a16f935e44dac__sym","general_cosine","INT8","INT8","actual_typed_array_input","3","length:INT32=100|sym:BOOL=true|coefficient_values:INT8:bytes=01;02;01;",,,,"8e9a16f935e44dac72abeb6dadf549286ddd680d32a9117b1be63ff6d52ce0a6",,,,"FP64",,,,,,,,"PASS","OK"
"stage08","stage08_table_rerun_general_cosine_47ebe13410d3","formal","dtype_and_input_contract","runs/stage08_table_rerun_general_cosine_47ebe13410d3/formal/20260810T031953Z_47ebe13410d3_stage08_b01_formal_88110019/operator_dtype_evidence_general_cosine_not_applicable_20260810T031953Z_47ebe13410d3_stage08_b01_formal_88110019.csv","20260810T031953Z_47ebe13410d3_stage08_b01_formal_88110019","general_cosine__general_cosine_int8_10e2__5b9425eb38e20845__periodic","general_cosine","INT8","INT8","actual_typed_array_input","3","length:INT32=100|sym:BOOL=false|coefficient_values:INT8:bytes=01;02;01;",,,,"5b9425eb38e208454273db148ba0d644406dce06b3b60cb7c356c770f691e60a",,,,"FP64",,,,,,,,"PASS","OK"
"stage08","stage08_table_rerun_general_cosine_47ebe13410d3","formal","dtype_and_input_contract","runs/stage08_table_rerun_general_cosine_47ebe13410d3/formal/20260810T031953Z_47ebe13410d3_stage08_b01_formal_8811001a/operator_dtype_evidence_general_cosine_not_applicable_20260810T031953Z_47ebe13410d3_stage08_b01_formal_8811001a.csv","20260810T031953Z_47ebe13410d3_stage08_b01_formal_8811001a","general_cosine__general_cosine_int8_10e3__4545a78e99dcf00b__sym","general_cosine","INT8","INT8","actual_typed_array_input","3","length:INT32=1000|sym:BOOL=true|coefficient_values:INT8:bytes=01;02;01;",,,,"4545a78e99dcf00b4b1fe295d5987f51490d93105cf8ded91e7d4e15bd66ac27",,,,"FP64",,,,,,,,"PASS","OK"
"stage08","stage08_table_rerun_general_cosine_47ebe13410d3","formal","dtype_and_input_contract","runs/stage08_table_rerun_general_cosine_47ebe13410d3/formal/20260810T031953Z_47ebe13410d3_stage08_b01_formal_8811001b/operator_dtype_evidence_general_cosine_not_applicable_20260810T031953Z_47ebe13410d3_stage08_b01_formal_8811001b.csv","20260810T031953Z_47ebe13410d3_stage08_b01_formal_8811001b","general_cosine__general_cosine_int8_10e3__098b8df988c3da79__periodic","general_cosine","INT8","INT8","actual_typed_array_input","3","length:INT32=1000|sym:BOOL=false|coefficient_values:INT8:bytes=01;02;01;",,,,"098b8df988c3da79ba50c409b1268036aad62847d46c893bc3d44bae8dec39ad",,,,"FP64",,,,,,,,"PASS","OK"
"stage08","stage08_table_rerun_general_cosine_47ebe13410d3","formal","dtype_and_input_contract","runs/stage08_table_rerun_general_cosine_47ebe13410d3/formal/20260810T031953Z_47ebe13410d3_stage08_b01_formal_8811001c/operator_dtype_evidence_general_cosine_not_applicable_20260810T031953Z_47ebe13410d3_stage08_b01_formal_8811001c.csv","20260810T031953Z_47ebe13410d3_stage08_b01_formal_8811001c","general_cosine__general_cosine_int8_10e4__6759536e6cd07700__sym","general_cosine","INT8","INT8","actual_typed_array_input","3","length:INT32=10000|sym:BOOL=true|coefficient_values:INT8:bytes=01;02;01;",,,,"6759536e6cd07700ba06803e016147c83c39d5bea1c479b148819e93686c283a",,,,"FP64",,,,,,,,"PASS","OK"
"stage08","stage08_table_rerun_general_cosine_47ebe13410d3","formal","dtype_and_input_contract","runs/stage08_table_rerun_general_cosine_47ebe13410d3/formal/20260810T031954Z_47ebe13410d3_stage08_b01_formal_8811001d/operator_dtype_evidence_general_cosine_not_applicable_20260810T031954Z_47ebe13410d3_stage08_b01_formal_8811001d.csv","20260810T031954Z_47ebe13410d3_stage08_b01_formal_8811001d","general_cosine__general_cosine_int8_10e4__7011a33c6006cb29__periodic","general_cosine","INT8","INT8","actual_typed_array_input","3","length:INT32=10000|sym:BOOL=false|coefficient_values:INT8:bytes=01;02;01;",,,,"7011a33c6006cb2947464aa99afad26aa2fdc55e50ed6de056bcb07651567047",,,,"FP64",,,,,,,,"PASS","OK"
"stage08","stage08_table_rerun_general_gaussian_47ebe13410d3","formal","dtype_and_input_contract","runs/stage08_table_rerun_general_gaussian_47ebe13410d3/formal/20260810T031957Z_47ebe13410d3_stage08_b01_formal_88120000/operator_dtype_evidence_general_gaussian_not_applicable_20260810T031957Z_47ebe13410d3_stage08_b01_formal_88120000.csv","20260810T031957Z_47ebe13410d3_stage08_b01_formal_88120000","general_gaussian__general_gaussian_fp32_10e2__7bdf918aed3a2f9b__sym","general_gaussian","FP32","FP32","actual_typed_scalar_inputs","2","length:INT32=100|sym:BOOL=true|power:FP32:bytes=00000040|width:FP32:bytes=00008041",,,,"7bdf918aed3a2f9b3589cfdc2a0ca865adb56a81ded95d4ad71ce6015918ff5e",,,,"FP64",,,,,,,,"PASS","OK"
"stage08","stage08_table_rerun_general_gaussian_47ebe13410d3","formal","dtype_and_input_contract","runs/stage08_table_rerun_general_gaussian_47ebe13410d3/formal/20260810T031957Z_47ebe13410d3_stage08_b01_formal_88120001/operator_dtype_evidence_general_gaussian_not_applicable_20260810T031957Z_47ebe13410d3_stage08_b01_formal_88120001.csv","20260810T031957Z_47ebe13410d3_stage08_b01_formal_88120001","general_gaussian__general_gaussian_fp32_10e2__8aec9bb5b1530e49__periodic","general_gaussian","FP32","FP32","actual_typed_scalar_inputs","2","length:INT32=100|sym:BOOL=false|power:FP32:bytes=00000040|width:FP32:bytes=00008041",,,,"8aec9bb5b1530e4944429ffd7145504b4c8cec4e467e1b7d7f6b065486278d59",,,,"FP64",,,,,,,,"PASS","OK"
"stage08","stage08_table_rerun_general_gaussian_47ebe13410d3","formal","dtype_and_input_contract","runs/stage08_table_rerun_general_gaussian_47ebe13410d3/formal/20260810T031957Z_47ebe13410d3_stage08_b01_formal_88120002/operator_dtype_evidence_general_gaussian_not_applicable_20260810T031957Z_47ebe13410d3_stage08_b01_formal_88120002.csv","20260810T031957Z_47ebe13410d3_stage08_b01_formal_88120002","general_gaussian__general_gaussian_fp32_10e3__36431b6a5db87e67__sym","general_gaussian","FP32","FP32","actual_typed_scalar_inputs","2","length:INT32=1000|sym:BOOL=true|power:FP32:bytes=00000040|width:FP32:bytes=00000043",,,,"36431b6a5db87e6799b98210f3fc506bd7a99689addbed6419ef383bb2adb60a",,,,"FP64",,,,,,,,"PASS","OK"
"stage08","stage08_table_rerun_general_gaussian_47ebe13410d3","formal","dtype_and_input_contract","runs/stage08_table_rerun_general_gaussian_47ebe13410d3/formal/20260810T031957Z_47ebe13410d3_stage08_b01_formal_88120003/operator_dtype_evidence_general_gaussian_not_applicable_20260810T031957Z_47ebe13410d3_stage08_b01_formal_88120003.csv","20260810T031957Z_47ebe13410d3_stage08_b01_formal_88120003","general_gaussian__general_gaussian_fp32_10e3__b606b53598615675__periodic","general_gaussian","FP32","FP32","actual_typed_scalar_inputs","2","length:INT32=1000|sym:BOOL=false|power:FP32:bytes=00000040|width:FP32:bytes=00000043",,,,"b606b53598615675e091325df07c4bacac2bc332fa79d365481203651147fbdb",,,,"FP64",,,,,,,,"PASS","OK"
"stage08","stage08_table_rerun_general_gaussian_47ebe13410d3","formal","dtype_and_input_contract","runs/stage08_table_rerun_general_gaussian_47ebe13410d3/formal/20260810T031957Z_47ebe13410d3_stage08_b01_formal_88120004/operator_dtype_evidence_general_gaussian_not_applicable_20260810T031957Z_47ebe13410d3_stage08_b01_formal_88120004.csv","20260810T031957Z_47ebe13410d3_stage08_b01_formal_88120004","general_gaussian__general_gaussian_fp32_10e4__c19cdc5682dd4cb3__sym","general_gaussian","FP32","FP32","actual_typed_scalar_inputs","2","length:INT32=10000|sym:BOOL=true|power:FP32:bytes=00000040|width:FP32:bytes=00000045",,,,"c19cdc5682dd4cb37ef8d8c2c19919dbdde489ea1b734ecf7ab6d4423ebb6bdf",,,,"FP64",,,,,,,,"PASS","OK"
"stage08","stage08_table_rerun_general_gaussian_47ebe13410d3","formal","dtype_and_input_contract","runs/stage08_table_rerun_general_gaussian_47ebe13410d3/formal/20260810T031958Z_47ebe13410d3_stage08_b01_formal_88120005/operator_dtype_evidence_general_gaussian_not_applicable_20260810T031958Z_47ebe13410d3_stage08_b01_formal_88120005.csv","20260810T031958Z_47ebe13410d3_stage08_b01_formal_88120005","general_gaussian__general_gaussian_fp32_10e4__d1276480094534b5__periodic","general_gaussian","FP32","FP32","actual_typed_scalar_inputs","2","length:INT32=10000|sym:BOOL=false|power:FP32:bytes=00000040|width:FP32:bytes=00000045",,,,"d1276480094534b5694875cb40cdad821829e02017766a1301df07ca3174db89",,,,"FP64",,,,,,,,"PASS","OK"
"stage08","stage08_table_rerun_general_gaussian_47ebe13410d3","formal","dtype_and_input_contract","runs/stage08_table_rerun_general_gaussian_47ebe13410d3/formal/20260810T031958Z_47ebe13410d3_stage08_b01_formal_88120006/operator_dtype_evidence_general_gaussian_not_applicable_20260810T031958Z_47ebe13410d3_stage08_b01_formal_88120006.csv","20260810T031958Z_47ebe13410d3_stage08_b01_formal_88120006","general_gaussian__general_gaussian_fp16_10e2__509e4259d17315c5__sym","general_gaussian","FP16","FP16","actual_typed_scalar_inputs","2","length:INT32=100|sym:BOOL=true|power:FP16:bytes=0040|width:FP16:bytes=004c",,,,"509e4259d17315c5dce1bbea357f0df536c178a42fdd074742ee09e01cf8b5b0",,,,"FP64",,,,,,,,"PASS","OK"
"stage08","stage08_table_rerun_general_gaussian_47ebe13410d3","formal","dtype_and_input_contract","runs/stage08_table_rerun_general_gaussian_47ebe13410d3/formal/20260810T031958Z_47ebe13410d3_stage08_b01_formal_88120007/operator_dtype_evidence_general_gaussian_not_applicable_20260810T031958Z_47ebe13410d3_stage08_b01_formal_88120007.csv","20260810T031958Z_47ebe13410d3_stage08_b01_formal_88120007","general_gaussian__general_gaussian_fp16_10e2__4e0914cbce5fdaa1__periodic","general_gaussian","FP16","FP16","actual_typed_scalar_inputs","2","length:INT32=100|sym:BOOL=false|power:FP16:bytes=0040|width:FP16:bytes=004c",,,,"4e0914cbce5fdaa1cb5ca7475fe81e96e3813102dce79942910e753bc6357b64",,,,"FP64",,,,,,,,"PASS","OK"
"stage08","stage08_table_rerun_general_gaussian_47ebe13410d3","formal","dtype_and_input_contract","runs/stage08_table_rerun_general_gaussian_47ebe13410d3/formal/20260810T031958Z_47ebe13410d3_stage08_b01_formal_88120008/operator_dtype_evidence_general_gaussian_not_applicable_20260810T031958Z_47ebe13410d3_stage08_b01_formal_88120008.csv","20260810T031958Z_47ebe13410d3_stage08_b01_formal_88120008","general_gaussian__general_gaussian_fp16_10e3__ccf7087fd5325465__sym","general_gaussian","FP16","FP16","actual_typed_scalar_inputs","2","length:INT32=1000|sym:BOOL=true|power:FP16:bytes=0040|width:FP16:bytes=0058",,,,"ccf7087fd5325465c41f346236d60da0e3859b6964b260665920d711e0a750d6",,,,"FP64",,,,,,,,"PASS","OK"
"stage08","stage08_table_rerun_general_gaussian_47ebe13410d3","formal","dtype_and_input_contract","runs/stage08_table_rerun_general_gaussian_47ebe13410d3/formal/20260810T031958Z_47ebe13410d3_stage08_b01_formal_88120009/operator_dtype_evidence_general_gaussian_not_applicable_20260810T031958Z_47ebe13410d3_stage08_b01_formal_88120009.csv","20260810T031958Z_47ebe13410d3_stage08_b01_formal_88120009","general_gaussian__general_gaussian_fp16_10e3__49bcbe0d4729849f__periodic","general_gaussian","FP16","FP16","actual_typed_scalar_inputs","2","length:INT32=1000|sym:BOOL=false|power:FP16:bytes=0040|width:FP16:bytes=0058",,,,"49bcbe0d4729849fd26e8d6b6ee3607898534608d32b14af89b10b5c40187e1e",,,,"FP64",,,,,,,,"PASS","OK"
"stage08","stage08_table_rerun_general_gaussian_47ebe13410d3","formal","dtype_and_input_contract","runs/stage08_table_rerun_general_gaussian_47ebe13410d3/formal/20260810T031958Z_47ebe13410d3_stage08_b01_formal_8812000a/operator_dtype_evidence_general_gaussian_not_applicable_20260810T031958Z_47ebe13410d3_stage08_b01_formal_8812000a.csv","20260810T031958Z_47ebe13410d3_stage08_b01_formal_8812000a","general_gaussian__general_gaussian_fp16_10e4__a3fa2928708492c4__sym","general_gaussian","FP16","FP16","actual_typed_scalar_inputs","2","length:INT32=10000|sym:BOOL=true|power:FP16:bytes=0040|width:FP16:bytes=0068",,,,"a3fa2928708492c4632f8d6329124df3b70bb74fff8093b62f682ab5083868ae",,,,"FP64",,,,,,,,"PASS","OK"
"stage08","stage08_table_rerun_general_gaussian_47ebe13410d3","formal","dtype_and_input_contract","runs/stage08_table_rerun_general_gaussian_47ebe13410d3/formal/20260810T031958Z_47ebe13410d3_stage08_b01_formal_8812000b/operator_dtype_evidence_general_gaussian_not_applicable_20260810T031958Z_47ebe13410d3_stage08_b01_formal_8812000b.csv","20260810T031958Z_47ebe13410d3_stage08_b01_formal_8812000b","general_gaussian__general_gaussian_fp16_10e4__f43b5a724b7a4487__periodic","general_gaussian","FP16","FP16","actual_typed_scalar_inputs","2","length:INT32=10000|sym:BOOL=false|power:FP16:bytes=0040|width:FP16:bytes=0068",,,,"f43b5a724b7a4487afea4f55db06f99e47b48fb17d98d7b3ad2b5907ebb10ccd",,,,"FP64",,,,,,,,"PASS","OK"
"stage08","stage08_table_rerun_general_gaussian_47ebe13410d3","formal","dtype_and_input_contract","runs/stage08_table_rerun_general_gaussian_47ebe13410d3/formal/20260810T031958Z_47ebe13410d3_stage08_b01_formal_8812000c/operator_dtype_evidence_general_gaussian_not_applicable_20260810T031958Z_47ebe13410d3_stage08_b01_formal_8812000c.csv","20260810T031958Z_47ebe13410d3_stage08_b01_formal_8812000c","general_gaussian__general_gaussian_int32_10e2__c2604dadf54d5871__sym","general_gaussian","INT32","INT32","actual_typed_scalar_inputs","2","length:INT32=100|sym:BOOL=true|power:INT32:bytes=02000000|width:INT32:bytes=10000000",,,,"c2604dadf54d5871ca08391fc1ddeb26446bc9c606af08e9718a4591a914f565",,,,"FP64",,,,,,,,"PASS","OK"
"stage08","stage08_table_rerun_general_gaussian_47ebe13410d3","formal","dtype_and_input_contract","runs/stage08_table_rerun_general_gaussian_47ebe13410d3/formal/20260810T031959Z_47ebe13410d3_stage08_b01_formal_8812000d/operator_dtype_evidence_general_gaussian_not_applicable_20260810T031959Z_47ebe13410d3_stage08_b01_formal_8812000d.csv","20260810T031959Z_47ebe13410d3_stage08_b01_formal_8812000d","general_gaussian__general_gaussian_int32_10e2__b2149b94e4a2457f__periodic","general_gaussian","INT32","INT32","actual_typed_scalar_inputs","2","length:INT32=100|sym:BOOL=false|power:INT32:bytes=02000000|width:INT32:bytes=10000000",,,,"b2149b94e4a2457ff6813ad2d918849c682481b22a0b9a29fb26a8d4c10e80c9",,,,"FP64",,,,,,,,"PASS","OK"
"stage08","stage08_table_rerun_general_gaussian_47ebe13410d3","formal","dtype_and_input_contract","runs/stage08_table_rerun_general_gaussian_47ebe13410d3/formal/20260810T031959Z_47ebe13410d3_stage08_b01_formal_8812000e/operator_dtype_evidence_general_gaussian_not_applicable_20260810T031959Z_47ebe13410d3_stage08_b01_formal_8812000e.csv","20260810T031959Z_47ebe13410d3_stage08_b01_formal_8812000e","general_gaussian__general_gaussian_int32_10e3__ea7259d7a65d6047__sym","general_gaussian","INT32","INT32","actual_typed_scalar_inputs","2","length:INT32=1000|sym:BOOL=true|power:INT32:bytes=02000000|width:INT32:bytes=80000000",,,,"ea7259d7a65d6047de9990a56166202b3bd99bf8396807773b8b708627ec1002",,,,"FP64",,,,,,,,"PASS","OK"
"stage08","stage08_table_rerun_general_gaussian_47ebe13410d3","formal","dtype_and_input_contract","runs/stage08_table_rerun_general_gaussian_47ebe13410d3/formal/20260810T031959Z_47ebe13410d3_stage08_b01_formal_8812000f/operator_dtype_evidence_general_gaussian_not_applicable_20260810T031959Z_47ebe13410d3_stage08_b01_formal_8812000f.csv","20260810T031959Z_47ebe13410d3_stage08_b01_formal_8812000f","general_gaussian__general_gaussian_int32_10e3__2ab8205e55747d10__periodic","general_gaussian","INT32","INT32","actual_typed_scalar_inputs","2","length:INT32=1000|sym:BOOL=false|power:INT32:bytes=02000000|width:INT32:bytes=80000000",,,,"2ab8205e55747d102d7fdcd05fbcdfc1058648e02a6e35433b5269f0195b8041",,,,"FP64",,,,,,,,"PASS","OK"
"stage08","stage08_table_rerun_general_gaussian_47ebe13410d3","formal","dtype_and_input_contract","runs/stage08_table_rerun_general_gaussian_47ebe13410d3/formal/20260810T031959Z_47ebe13410d3_stage08_b01_formal_88120010/operator_dtype_evidence_general_gaussian_not_applicable_20260810T031959Z_47ebe13410d3_stage08_b01_formal_88120010.csv","20260810T031959Z_47ebe13410d3_stage08_b01_formal_88120010","general_gaussian__general_gaussian_int32_10e4__c35f5b65eaf07102__sym","general_gaussian","INT32","INT32","actual_typed_scalar_inputs","2","length:INT32=10000|sym:BOOL=true|power:INT32:bytes=02000000|width:INT32:bytes=00080000",,,,"c35f5b65eaf07102d8b6a59740873600859d855295acdd17afebb0463c9469cd",,,,"FP64",,,,,,,,"PASS","OK"
"stage08","stage08_table_rerun_general_gaussian_47ebe13410d3","formal","dtype_and_input_contract","runs/stage08_table_rerun_general_gaussian_47ebe13410d3/formal/20260810T031959Z_47ebe13410d3_stage08_b01_formal_88120011/operator_dtype_evidence_general_gaussian_not_applicable_20260810T031959Z_47ebe13410d3_stage08_b01_formal_88120011.csv","20260810T031959Z_47ebe13410d3_stage08_b01_formal_88120011","general_gaussian__general_gaussian_int32_10e4__6acdde2b2e355a96__periodic","general_gaussian","INT32","INT32","actual_typed_scalar_inputs","2","length:INT32=10000|sym:BOOL=false|power:INT32:bytes=02000000|width:INT32:bytes=00080000",,,,"6acdde2b2e355a9601ead0f98fb54db2f7b6192c989aedaf69a07d6128819053",,,,"FP64",,,,,,,,"PASS","OK"
"stage08","stage08_table_rerun_general_gaussian_47ebe13410d3","formal","dtype_and_input_contract","runs/stage08_table_rerun_general_gaussian_47ebe13410d3/formal/20260810T031959Z_47ebe13410d3_stage08_b01_formal_88120012/operator_dtype_evidence_general_gaussian_not_applicable_20260810T031959Z_47ebe13410d3_stage08_b01_formal_88120012.csv","20260810T031959Z_47ebe13410d3_stage08_b01_formal_88120012","general_gaussian__general_gaussian_int16_10e2__9460e38edceb9354__sym","general_gaussian","INT16","INT16","actual_typed_scalar_inputs","2","length:INT32=100|sym:BOOL=true|power:INT16:bytes=0200|width:INT16:bytes=1000",,,,"9460e38edceb93545ff18a26bac4e8125c408a06d8e80486c8c6d9d187dc6f81",,,,"FP64",,,,,,,,"PASS","OK"
"stage08","stage08_table_rerun_general_gaussian_47ebe13410d3","formal","dtype_and_input_contract","runs/stage08_table_rerun_general_gaussian_47ebe13410d3/formal/20260810T031959Z_47ebe13410d3_stage08_b01_formal_88120013/operator_dtype_evidence_general_gaussian_not_applicable_20260810T031959Z_47ebe13410d3_stage08_b01_formal_88120013.csv","20260810T031959Z_47ebe13410d3_stage08_b01_formal_88120013","general_gaussian__general_gaussian_int16_10e2__d741e1b8c6e10aa4__periodic","general_gaussian","INT16","INT16","actual_typed_scalar_inputs","2","length:INT32=100|sym:BOOL=false|power:INT16:bytes=0200|width:INT16:bytes=1000",,,,"d741e1b8c6e10aa47724f824c9b7cc640998fa05eea3bbb1005564a0687cdd20",,,,"FP64",,,,,,,,"PASS","OK"
"stage08","stage08_table_rerun_general_gaussian_47ebe13410d3","formal","dtype_and_input_contract","runs/stage08_table_rerun_general_gaussian_47ebe13410d3/formal/20260810T031959Z_47ebe13410d3_stage08_b01_formal_88120014/operator_dtype_evidence_general_gaussian_not_applicable_20260810T031959Z_47ebe13410d3_stage08_b01_formal_88120014.csv","20260810T031959Z_47ebe13410d3_stage08_b01_formal_88120014","general_gaussian__general_gaussian_int16_10e3__ee307b618ba510db__sym","general_gaussian","INT16","INT16","actual_typed_scalar_inputs","2","length:INT32=1000|sym:BOOL=true|power:INT16:bytes=0200|width:INT16:bytes=8000",,,,"ee307b618ba510dbfa4ff3def4e119e680639c15dce1b6e3360a752a25951021",,,,"FP64",,,,,,,,"PASS","OK"
"stage08","stage08_table_rerun_general_gaussian_47ebe13410d3","formal","dtype_and_input_contract","runs/stage08_table_rerun_general_gaussian_47ebe13410d3/formal/20260810T032000Z_47ebe13410d3_stage08_b01_formal_88120015/operator_dtype_evidence_general_gaussian_not_applicable_20260810T032000Z_47ebe13410d3_stage08_b01_formal_88120015.csv","20260810T032000Z_47ebe13410d3_stage08_b01_formal_88120015","general_gaussian__general_gaussian_int16_10e3__b3aa640507c3fe75__periodic","general_gaussian","INT16","INT16","actual_typed_scalar_inputs","2","length:INT32=1000|sym:BOOL=false|power:INT16:bytes=0200|width:INT16:bytes=8000",,,,"b3aa640507c3fe751b9d0a48b892f1af5aa6dbeb019c06540f7a372241d7445f",,,,"FP64",,,,,,,,"PASS","OK"
"stage08","stage08_table_rerun_general_gaussian_47ebe13410d3","formal","dtype_and_input_contract","runs/stage08_table_rerun_general_gaussian_47ebe13410d3/formal/20260810T032000Z_47ebe13410d3_stage08_b01_formal_88120016/operator_dtype_evidence_general_gaussian_not_applicable_20260810T032000Z_47ebe13410d3_stage08_b01_formal_88120016.csv","20260810T032000Z_47ebe13410d3_stage08_b01_formal_88120016","general_gaussian__general_gaussian_int16_10e4__c36167e78ea45bb6__sym","general_gaussian","INT16","INT16","actual_typed_scalar_inputs","2","length:INT32=10000|sym:BOOL=true|power:INT16:bytes=0200|width:INT16:bytes=0008",,,,"c36167e78ea45bb60f22a7915c1b7412ea4c987195c333e4077391e91736a3e0",,,,"FP64",,,,,,,,"PASS","OK"
"stage08","stage08_table_rerun_general_gaussian_47ebe13410d3","formal","dtype_and_input_contract","runs/stage08_table_rerun_general_gaussian_47ebe13410d3/formal/20260810T032000Z_47ebe13410d3_stage08_b01_formal_88120017/operator_dtype_evidence_general_gaussian_not_applicable_20260810T032000Z_47ebe13410d3_stage08_b01_formal_88120017.csv","20260810T032000Z_47ebe13410d3_stage08_b01_formal_88120017","general_gaussian__general_gaussian_int16_10e4__c5bf2661af588f30__periodic","general_gaussian","INT16","INT16","actual_typed_scalar_inputs","2","length:INT32=10000|sym:BOOL=false|power:INT16:bytes=0200|width:INT16:bytes=0008",,,,"c5bf2661af588f300ff07343e21cc17890e711c8381f948eb5af3eb6e8708c93",,,,"FP64",,,,,,,,"PASS","OK"
"stage08","stage08_table_rerun_general_gaussian_47ebe13410d3","formal","dtype_and_input_contract","runs/stage08_table_rerun_general_gaussian_47ebe13410d3/formal/20260810T032000Z_47ebe13410d3_stage08_b01_formal_88120018/operator_dtype_evidence_general_gaussian_not_applicable_20260810T032000Z_47ebe13410d3_stage08_b01_formal_88120018.csv","20260810T032000Z_47ebe13410d3_stage08_b01_formal_88120018","general_gaussian__general_gaussian_int8_10e2__7ec7b619afd9b3b3__sym","general_gaussian","INT8","INT8","actual_typed_scalar_inputs","2","length:INT32=100|sym:BOOL=true|power:INT8:bytes=02|width:INT8:bytes=10",,,,"7ec7b619afd9b3b3c3922a3b2694f332c0fc75a60cc0809c53ca0da9a65468b0",,,,"FP64",,,,,,,,"PASS","OK"
"stage08","stage08_table_rerun_general_gaussian_47ebe13410d3","formal","dtype_and_input_contract","runs/stage08_table_rerun_general_gaussian_47ebe13410d3/formal/20260810T032000Z_47ebe13410d3_stage08_b01_formal_88120019/operator_dtype_evidence_general_gaussian_not_applicable_20260810T032000Z_47ebe13410d3_stage08_b01_formal_88120019.csv","20260810T032000Z_47ebe13410d3_stage08_b01_formal_88120019","general_gaussian__general_gaussian_int8_10e2__4794fd005d76b8b0__periodic","general_gaussian","INT8","INT8","actual_typed_scalar_inputs","2","length:INT32=100|sym:BOOL=false|power:INT8:bytes=02|width:INT8:bytes=10",,,,"4794fd005d76b8b0fa93cccdc324617c9d08c54f085b600a28cd455bd8184583",,,,"FP64",,,,,,,,"PASS","OK"
"stage08","stage08_table_rerun_general_gaussian_47ebe13410d3","formal","dtype_and_input_contract","runs/stage08_table_rerun_general_gaussian_47ebe13410d3/formal/20260810T032000Z_47ebe13410d3_stage08_b01_formal_8812001a/operator_dtype_evidence_general_gaussian_not_applicable_20260810T032000Z_47ebe13410d3_stage08_b01_formal_8812001a.csv","20260810T032000Z_47ebe13410d3_stage08_b01_formal_8812001a","general_gaussian__general_gaussian_int8_10e3__6c20ceabea23cfc6__sym","general_gaussian","INT8","INT8","actual_typed_scalar_inputs","2","length:INT32=1000|sym:BOOL=true|power:INT8:bytes=02|width:INT8:bytes=40",,,,"6c20ceabea23cfc62057b9b9cd8e83657cd43320b119d3dde9e68d86277cd40f",,,,"FP64",,,,,,,,"PASS","OK"
"stage08","stage08_table_rerun_general_gaussian_47ebe13410d3","formal","dtype_and_input_contract","runs/stage08_table_rerun_general_gaussian_47ebe13410d3/formal/20260810T032000Z_47ebe13410d3_stage08_b01_formal_8812001b/operator_dtype_evidence_general_gaussian_not_applicable_20260810T032000Z_47ebe13410d3_stage08_b01_formal_8812001b.csv","20260810T032000Z_47ebe13410d3_stage08_b01_formal_8812001b","general_gaussian__general_gaussian_int8_10e3__40fc220f97cf5f40__periodic","general_gaussian","INT8","INT8","actual_typed_scalar_inputs","2","length:INT32=1000|sym:BOOL=false|power:INT8:bytes=02|width:INT8:bytes=40",,,,"40fc220f97cf5f40821c34700668db354a3ef2da34d79a2f053424018a0599a4",,,,"FP64",,,,,,,,"PASS","OK"
"stage08","stage08_table_rerun_general_gaussian_47ebe13410d3","formal","dtype_and_input_contract","runs/stage08_table_rerun_general_gaussian_47ebe13410d3/formal/20260810T032000Z_47ebe13410d3_stage08_b01_formal_8812001c/operator_dtype_evidence_general_gaussian_not_applicable_20260810T032000Z_47ebe13410d3_stage08_b01_formal_8812001c.csv","20260810T032000Z_47ebe13410d3_stage08_b01_formal_8812001c","general_gaussian__general_gaussian_int8_10e4__151b58dac73e7aef__sym","general_gaussian","INT8","INT8","actual_typed_scalar_inputs","2","length:INT32=10000|sym:BOOL=true|power:INT8:bytes=02|width:INT8:bytes=40",,,,"151b58dac73e7aef30a9fd7a99de79a04ef3db255c3ace2e379e5ce1e62a61bb",,,,"FP64",,,,,,,,"PASS","OK"
"stage08","stage08_table_rerun_general_gaussian_47ebe13410d3","formal","dtype_and_input_contract","runs/stage08_table_rerun_general_gaussian_47ebe13410d3/formal/20260810T032001Z_47ebe13410d3_stage08_b01_formal_8812001d/operator_dtype_evidence_general_gaussian_not_applicable_20260810T032001Z_47ebe13410d3_stage08_b01_formal_8812001d.csv","20260810T032001Z_47ebe13410d3_stage08_b01_formal_8812001d","general_gaussian__general_gaussian_int8_10e4__89bd99f7d67f054d__periodic","general_gaussian","INT8","INT8","actual_typed_scalar_inputs","2","length:INT32=10000|sym:BOOL=false|power:INT8:bytes=02|width:INT8:bytes=40",,,,"89bd99f7d67f054d4ab2a556718c89c530574584a396982d2bb0f73fac20a651",,,,"FP64",,,,,,,,"PASS","OK"
"stage08","stage08_table_rerun_hilbert2_47ebe13410d3","formal","dtype_and_input_contract","runs/stage08_table_rerun_hilbert2_47ebe13410d3/formal/20260810T032605Z_47ebe13410d3_stage08_b03_formal_88320000/operator_dtype_evidence_hilbert2_fft_thrust_20260810T032605Z_47ebe13410d3_stage08_b03_formal_88320000.csv","20260810T032605Z_47ebe13410d3_stage08_b03_formal_88320000","hilbert2__hilbert2_fp32_10e2__ccf7eacb1dac767e","hilbert2","FP32",,"actual_typed_array_input_fp32_fft2d_extension","1","x:FP32:[100]:bytes=400:sha256=ccf7eacb1dac767e72b62f6f88088c8845c58991ef87d59f96811d3798e0c06f",,,,"ccf7eacb1dac767e72b62f6f88088c8845c58991ef87d59f96811d3798e0c06f","FP32",,"ComplexFP32","ComplexFP32",,,,,,,,"PASS","OK"
"stage08","stage08_table_rerun_hilbert2_47ebe13410d3","formal","dtype_and_input_contract","runs/stage08_table_rerun_hilbert2_47ebe13410d3/formal/20260810T032608Z_47ebe13410d3_stage08_b03_formal_88320001/operator_dtype_evidence_hilbert2_fft_thrust_20260810T032608Z_47ebe13410d3_stage08_b03_formal_88320001.csv","20260810T032608Z_47ebe13410d3_stage08_b03_formal_88320001","hilbert2__hilbert2_fp32_10e3__03eeae29ceb6af2a","hilbert2","FP32",,"actual_typed_array_input_fp32_fft2d_extension","1","x:FP32:[1024]:bytes=4096:sha256=03eeae29ceb6af2a24724eaf0f1ccb8040ab5554d3d42e793e239dfd07c1b1db",,,,"03eeae29ceb6af2a24724eaf0f1ccb8040ab5554d3d42e793e239dfd07c1b1db","FP32",,"ComplexFP32","ComplexFP32",,,,,,,,"PASS","OK"
"stage08","stage08_table_rerun_hilbert2_47ebe13410d3","formal","dtype_and_input_contract","runs/stage08_table_rerun_hilbert2_47ebe13410d3/formal/20260810T032609Z_47ebe13410d3_stage08_b03_formal_88320002/operator_dtype_evidence_hilbert2_fft_thrust_20260810T032609Z_47ebe13410d3_stage08_b03_formal_88320002.csv","20260810T032609Z_47ebe13410d3_stage08_b03_formal_88320002","hilbert2__hilbert2_fp32_10e4__b1daf2887b5684b2","hilbert2","FP32",,"actual_typed_array_input_fp32_fft2d_extension","1","x:FP32:[10000]:bytes=40000:sha256=b1daf2887b5684b246d09ccbba2a4b6292d07232cdd4e2c488bb381c5977f076",,,,"b1daf2887b5684b246d09ccbba2a4b6292d07232cdd4e2c488bb381c5977f076","FP32",,"ComplexFP32","ComplexFP32",,,,,,,,"PASS","OK"
"stage08","stage08_table_rerun_hilbert2_47ebe13410d3","formal","dtype_and_input_contract","runs/stage08_table_rerun_hilbert2_47ebe13410d3/formal/20260810T032656Z_47ebe13410d3_stage08_b03_formal_88320003/operator_dtype_evidence_hilbert2_fft_thrust_20260810T032656Z_47ebe13410d3_stage08_b03_formal_88320003.csv","20260810T032656Z_47ebe13410d3_stage08_b03_formal_88320003","hilbert2__hilbert2_fp16_10e2__7bf3d9dd871afcc5","hilbert2","FP16",,"actual_typed_array_input_fp32_fft2d_extension","1","x:FP16:[100]:bytes=200:sha256=7bf3d9dd871afcc5ed4712c3b535f21bbc4885ebf592d4d20f1626c388a26cdf",,,,"7bf3d9dd871afcc5ed4712c3b535f21bbc4885ebf592d4d20f1626c388a26cdf","FP32",,"ComplexFP32","ComplexFP32",,,,,,,,"PASS","OK"
"stage08","stage08_table_rerun_hilbert2_47ebe13410d3","formal","dtype_and_input_contract","runs/stage08_table_rerun_hilbert2_47ebe13410d3/formal/20260810T032659Z_47ebe13410d3_stage08_b03_formal_88320004/operator_dtype_evidence_hilbert2_fft_thrust_20260810T032659Z_47ebe13410d3_stage08_b03_formal_88320004.csv","20260810T032659Z_47ebe13410d3_stage08_b03_formal_88320004","hilbert2__hilbert2_fp16_10e3__855a7d09ccce4146","hilbert2","FP16",,"actual_typed_array_input_fp32_fft2d_extension","1","x:FP16:[1024]:bytes=2048:sha256=855a7d09ccce41469ed606af8ff4e99aa15896b79ebc3e3b92e2b3a7cd403108",,,,"855a7d09ccce41469ed606af8ff4e99aa15896b79ebc3e3b92e2b3a7cd403108","FP32",,"ComplexFP32","ComplexFP32",,,,,,,,"PASS","OK"
"stage08","stage08_table_rerun_hilbert2_47ebe13410d3","formal","dtype_and_input_contract","runs/stage08_table_rerun_hilbert2_47ebe13410d3/formal/20260810T032700Z_47ebe13410d3_stage08_b03_formal_88320005/operator_dtype_evidence_hilbert2_fft_thrust_20260810T032700Z_47ebe13410d3_stage08_b03_formal_88320005.csv","20260810T032700Z_47ebe13410d3_stage08_b03_formal_88320005","hilbert2__hilbert2_fp16_10e4__e711f64af46b911c","hilbert2","FP16",,"actual_typed_array_input_fp32_fft2d_extension","1","x:FP16:[10000]:bytes=20000:sha256=e711f64af46b911c2f3879a6b5393cf5a88d01866952885e58b584b0ae39b268",,,,"e711f64af46b911c2f3879a6b5393cf5a88d01866952885e58b584b0ae39b268","FP32",,"ComplexFP32","ComplexFP32",,,,,,,,"PASS","OK"
"stage08","stage08_table_rerun_hilbert2_47ebe13410d3","formal","dtype_and_input_contract","runs/stage08_table_rerun_hilbert2_47ebe13410d3/formal/20260810T032747Z_47ebe13410d3_stage08_b03_formal_88320006/operator_dtype_evidence_hilbert2_fft_thrust_20260810T032747Z_47ebe13410d3_stage08_b03_formal_88320006.csv","20260810T032747Z_47ebe13410d3_stage08_b03_formal_88320006","hilbert2__hilbert2_int32_10e2__ac379d0b6fafd601","hilbert2","INT32",,"actual_typed_array_input_fp32_fft2d_extension","1","x:INT32:[100]:bytes=400:sha256=ac379d0b6fafd60195913d8e60fb36522c9e9c4180640cbaa46aa9e45cb0e2a7",,,,"ac379d0b6fafd60195913d8e60fb36522c9e9c4180640cbaa46aa9e45cb0e2a7","FP32",,"ComplexFP32","ComplexFP64",,,,,,,,"PASS","OK"
"stage08","stage08_table_rerun_hilbert2_47ebe13410d3","formal","dtype_and_input_contract","runs/stage08_table_rerun_hilbert2_47ebe13410d3/formal/20260810T032751Z_47ebe13410d3_stage08_b03_formal_88320007/operator_dtype_evidence_hilbert2_fft_thrust_20260810T032751Z_47ebe13410d3_stage08_b03_formal_88320007.csv","20260810T032751Z_47ebe13410d3_stage08_b03_formal_88320007","hilbert2__hilbert2_int32_10e3__1c7dbb94abd0e997","hilbert2","INT32",,"actual_typed_array_input_fp32_fft2d_extension","1","x:INT32:[1024]:bytes=4096:sha256=1c7dbb94abd0e9973646c00f7f10e2fc2396533ef10db138f17263842098f0cf",,,,"1c7dbb94abd0e9973646c00f7f10e2fc2396533ef10db138f17263842098f0cf","FP32",,"ComplexFP32","ComplexFP64",,,,,,,,"PASS","OK"
"stage08","stage08_table_rerun_hilbert2_47ebe13410d3","formal","dtype_and_input_contract","runs/stage08_table_rerun_hilbert2_47ebe13410d3/formal/20260810T032751Z_47ebe13410d3_stage08_b03_formal_88320008/operator_dtype_evidence_hilbert2_fft_thrust_20260810T032751Z_47ebe13410d3_stage08_b03_formal_88320008.csv","20260810T032751Z_47ebe13410d3_stage08_b03_formal_88320008","hilbert2__hilbert2_int32_10e4__fc2b53acda3b5186","hilbert2","INT32",,"actual_typed_array_input_fp32_fft2d_extension","1","x:INT32:[10000]:bytes=40000:sha256=fc2b53acda3b5186aa6c7b1c00d491de58c9fa26bcbc37d377d4cc6cd0f5b355",,,,"fc2b53acda3b5186aa6c7b1c00d491de58c9fa26bcbc37d377d4cc6cd0f5b355","FP32",,"ComplexFP32","ComplexFP64",,,,,,,,"PASS","OK"
"stage08","stage08_table_rerun_hilbert2_47ebe13410d3","formal","dtype_and_input_contract","runs/stage08_table_rerun_hilbert2_47ebe13410d3/formal/20260810T032839Z_47ebe13410d3_stage08_b03_formal_88320009/operator_dtype_evidence_hilbert2_fft_thrust_20260810T032839Z_47ebe13410d3_stage08_b03_formal_88320009.csv","20260810T032839Z_47ebe13410d3_stage08_b03_formal_88320009","hilbert2__hilbert2_int16_10e2__26daf1f2a0f56dca","hilbert2","INT16",,"actual_typed_array_input_fp32_fft2d_extension","1","x:INT16:[100]:bytes=200:sha256=26daf1f2a0f56dca7b17af77cd9bb5fe64e553bc742b598bba37d04982fc64e8",,,,"26daf1f2a0f56dca7b17af77cd9bb5fe64e553bc742b598bba37d04982fc64e8","FP32",,"ComplexFP32","ComplexFP64",,,,,,,,"PASS","OK"
"stage08","stage08_table_rerun_hilbert2_47ebe13410d3","formal","dtype_and_input_contract","runs/stage08_table_rerun_hilbert2_47ebe13410d3/formal/20260810T032842Z_47ebe13410d3_stage08_b03_formal_8832000a/operator_dtype_evidence_hilbert2_fft_thrust_20260810T032842Z_47ebe13410d3_stage08_b03_formal_8832000a.csv","20260810T032842Z_47ebe13410d3_stage08_b03_formal_8832000a","hilbert2__hilbert2_int16_10e3__1f591fa742872b60","hilbert2","INT16",,"actual_typed_array_input_fp32_fft2d_extension","1","x:INT16:[1024]:bytes=2048:sha256=1f591fa742872b6083bc963a7ea5dc5ad64984c042726a97d21f9f40800e97e4",,,,"1f591fa742872b6083bc963a7ea5dc5ad64984c042726a97d21f9f40800e97e4","FP32",,"ComplexFP32","ComplexFP64",,,,,,,,"PASS","OK"
"stage08","stage08_table_rerun_hilbert2_47ebe13410d3","formal","dtype_and_input_contract","runs/stage08_table_rerun_hilbert2_47ebe13410d3/formal/20260810T032842Z_47ebe13410d3_stage08_b03_formal_8832000b/operator_dtype_evidence_hilbert2_fft_thrust_20260810T032842Z_47ebe13410d3_stage08_b03_formal_8832000b.csv","20260810T032842Z_47ebe13410d3_stage08_b03_formal_8832000b","hilbert2__hilbert2_int16_10e4__9a91638886f26261","hilbert2","INT16",,"actual_typed_array_input_fp32_fft2d_extension","1","x:INT16:[10000]:bytes=20000:sha256=9a91638886f26261de3c03402a1e6fac8a4a48d2ba6a4048739a0e9950b32e89",,,,"9a91638886f26261de3c03402a1e6fac8a4a48d2ba6a4048739a0e9950b32e89","FP32",,"ComplexFP32","ComplexFP64",,,,,,,,"PASS","OK"
"stage08","stage08_table_rerun_hilbert2_47ebe13410d3","formal","dtype_and_input_contract","runs/stage08_table_rerun_hilbert2_47ebe13410d3/formal/20260810T032930Z_47ebe13410d3_stage08_b03_formal_8832000c/operator_dtype_evidence_hilbert2_fft_thrust_20260810T032930Z_47ebe13410d3_stage08_b03_formal_8832000c.csv","20260810T032930Z_47ebe13410d3_stage08_b03_formal_8832000c","hilbert2__hilbert2_int8_10e2__0d31780bc88d3035","hilbert2","INT8",,"actual_typed_array_input_fp32_fft2d_extension","1","x:INT8:[100]:bytes=100:sha256=0d31780bc88d30358abf2ce62c453574eaddd1371ef3c0fc9f538ee70604b748",,,,"0d31780bc88d30358abf2ce62c453574eaddd1371ef3c0fc9f538ee70604b748","FP32",,"ComplexFP32","ComplexFP64",,,,,,,,"PASS","OK"
"stage08","stage08_table_rerun_hilbert2_47ebe13410d3","formal","dtype_and_input_contract","runs/stage08_table_rerun_hilbert2_47ebe13410d3/formal/20260810T032933Z_47ebe13410d3_stage08_b03_formal_8832000d/operator_dtype_evidence_hilbert2_fft_thrust_20260810T032933Z_47ebe13410d3_stage08_b03_formal_8832000d.csv","20260810T032933Z_47ebe13410d3_stage08_b03_formal_8832000d","hilbert2__hilbert2_int8_10e3__f1631d3549f3e9fd","hilbert2","INT8",,"actual_typed_array_input_fp32_fft2d_extension","1","x:INT8:[1024]:bytes=1024:sha256=f1631d3549f3e9fda941dcb2b9fb47259c18b38a1fa0dbe460a64854bd869311",,,,"f1631d3549f3e9fda941dcb2b9fb47259c18b38a1fa0dbe460a64854bd869311","FP32",,"ComplexFP32","ComplexFP64",,,,,,,,"PASS","OK"
"stage08","stage08_table_rerun_hilbert2_47ebe13410d3","formal","dtype_and_input_contract","runs/stage08_table_rerun_hilbert2_47ebe13410d3/formal/20260810T032933Z_47ebe13410d3_stage08_b03_formal_8832000e/operator_dtype_evidence_hilbert2_fft_thrust_20260810T032933Z_47ebe13410d3_stage08_b03_formal_8832000e.csv","20260810T032933Z_47ebe13410d3_stage08_b03_formal_8832000e","hilbert2__hilbert2_int8_10e4__6d503966d7565534","hilbert2","INT8",,"actual_typed_array_input_fp32_fft2d_extension","1","x:INT8:[10000]:bytes=10000:sha256=6d503966d75655343fa71f0ca019ff4e9a4a8aa5ceb94b072ec9342f6a749062",,,,"6d503966d75655343fa71f0ca019ff4e9a4a8aa5ceb94b072ec9342f6a749062","FP32",,"ComplexFP32","ComplexFP64",,,,,,,,"PASS","OK"
"stage08","stage08_table_rerun_hilbert_47ebe13410d3","formal","dtype_and_input_contract","runs/stage08_table_rerun_hilbert_47ebe13410d3/formal/20260810T032304Z_47ebe13410d3_stage08_b03_formal_88310000/operator_dtype_evidence_hilbert_fft_thrust_20260810T032304Z_47ebe13410d3_stage08_b03_formal_88310000.csv","20260810T032304Z_47ebe13410d3_stage08_b03_formal_88310000","hilbert__hilbert_fp32_10e2__0a52a67e4b4ece5b","hilbert","FP32",,"actual_typed_array_input_fp32_fft_extension","1","x:FP32:[100]:bytes=400:sha256=0a52a67e4b4ece5b6a10b93273431491beb7698c371407d127fa409393648b9d",,,,"0a52a67e4b4ece5b6a10b93273431491beb7698c371407d127fa409393648b9d","FP32",,"ComplexFP32","ComplexFP32",,,,,,,,"PASS","OK"
"stage08","stage08_table_rerun_hilbert_47ebe13410d3","formal","dtype_and_input_contract","runs/stage08_table_rerun_hilbert_47ebe13410d3/formal/20260810T032306Z_47ebe13410d3_stage08_b03_formal_88310001/operator_dtype_evidence_hilbert_fft_thrust_20260810T032306Z_47ebe13410d3_stage08_b03_formal_88310001.csv","20260810T032306Z_47ebe13410d3_stage08_b03_formal_88310001","hilbert__hilbert_fp32_10e3__0c76a6bf97b295b2","hilbert","FP32",,"actual_typed_array_input_fp32_fft_extension","1","x:FP32:[1024]:bytes=4096:sha256=0c76a6bf97b295b2eb4c0b1129981e6cc6ed789d5e30dcb939c3dfd733213d53",,,,"0c76a6bf97b295b2eb4c0b1129981e6cc6ed789d5e30dcb939c3dfd733213d53","FP32",,"ComplexFP32","ComplexFP32",,,,,,,,"PASS","OK"
"stage08","stage08_table_rerun_hilbert_47ebe13410d3","formal","dtype_and_input_contract","runs/stage08_table_rerun_hilbert_47ebe13410d3/formal/20260810T032306Z_47ebe13410d3_stage08_b03_formal_88310002/operator_dtype_evidence_hilbert_fft_thrust_20260810T032306Z_47ebe13410d3_stage08_b03_formal_88310002.csv","20260810T032306Z_47ebe13410d3_stage08_b03_formal_88310002","hilbert__hilbert_fp32_10e4__c40f4b70335cb956","hilbert","FP32",,"actual_typed_array_input_fp32_fft_extension","1","x:FP32:[10000]:bytes=40000:sha256=c40f4b70335cb956425c5400b2cb34f43f9bed0e7fdb429eebb4c5b771799d9d",,,,"c40f4b70335cb956425c5400b2cb34f43f9bed0e7fdb429eebb4c5b771799d9d","FP32",,"ComplexFP32","ComplexFP32",,,,,,,,"PASS","OK"
"stage08","stage08_table_rerun_hilbert_47ebe13410d3","formal","dtype_and_input_contract","runs/stage08_table_rerun_hilbert_47ebe13410d3/formal/20260810T032339Z_47ebe13410d3_stage08_b03_formal_88310003/operator_dtype_evidence_hilbert_fft_thrust_20260810T032339Z_47ebe13410d3_stage08_b03_formal_88310003.csv","20260810T032339Z_47ebe13410d3_stage08_b03_formal_88310003","hilbert__hilbert_fp16_10e2__54b8f215be31029c","hilbert","FP16",,"actual_typed_array_input_fp32_fft_extension","1","x:FP16:[100]:bytes=200:sha256=54b8f215be31029c6d8c68a5b2e9ff48fb47adfb2d8fb66646ff0f776985af03",,,,"54b8f215be31029c6d8c68a5b2e9ff48fb47adfb2d8fb66646ff0f776985af03","FP32",,"ComplexFP32","ComplexFP32",,,,,,,,"PASS","OK"
"stage08","stage08_table_rerun_hilbert_47ebe13410d3","formal","dtype_and_input_contract","runs/stage08_table_rerun_hilbert_47ebe13410d3/formal/20260810T032341Z_47ebe13410d3_stage08_b03_formal_88310004/operator_dtype_evidence_hilbert_fft_thrust_20260810T032341Z_47ebe13410d3_stage08_b03_formal_88310004.csv","20260810T032341Z_47ebe13410d3_stage08_b03_formal_88310004","hilbert__hilbert_fp16_10e3__57d9986cca1580d6","hilbert","FP16",,"actual_typed_array_input_fp32_fft_extension","1","x:FP16:[1024]:bytes=2048:sha256=57d9986cca1580d62eecf425491e852723d5c0f8a67c99bf59444162adc9bebc",,,,"57d9986cca1580d62eecf425491e852723d5c0f8a67c99bf59444162adc9bebc","FP32",,"ComplexFP32","ComplexFP32",,,,,,,,"PASS","OK"
"stage08","stage08_table_rerun_hilbert_47ebe13410d3","formal","dtype_and_input_contract","runs/stage08_table_rerun_hilbert_47ebe13410d3/formal/20260810T032342Z_47ebe13410d3_stage08_b03_formal_88310005/operator_dtype_evidence_hilbert_fft_thrust_20260810T032342Z_47ebe13410d3_stage08_b03_formal_88310005.csv","20260810T032342Z_47ebe13410d3_stage08_b03_formal_88310005","hilbert__hilbert_fp16_10e4__eac802065c4eb57e","hilbert","FP16",,"actual_typed_array_input_fp32_fft_extension","1","x:FP16:[10000]:bytes=20000:sha256=eac802065c4eb57e31f4d4d502fd1f58c0220901d56f8dbb3d5000e7698837e9",,,,"eac802065c4eb57e31f4d4d502fd1f58c0220901d56f8dbb3d5000e7698837e9","FP32",,"ComplexFP32","ComplexFP32",,,,,,,,"PASS","OK"
"stage08","stage08_table_rerun_hilbert_47ebe13410d3","formal","dtype_and_input_contract","runs/stage08_table_rerun_hilbert_47ebe13410d3/formal/20260810T032417Z_47ebe13410d3_stage08_b03_formal_88310006/operator_dtype_evidence_hilbert_fft_thrust_20260810T032417Z_47ebe13410d3_stage08_b03_formal_88310006.csv","20260810T032417Z_47ebe13410d3_stage08_b03_formal_88310006","hilbert__hilbert_int32_10e2__45638d447e78dc1d","hilbert","INT32",,"actual_typed_array_input_fp32_fft_extension","1","x:INT32:[100]:bytes=400:sha256=45638d447e78dc1d8e3fcbf78659c8ba0b903712284f5447ff835fc02b3d25de",,,,"45638d447e78dc1d8e3fcbf78659c8ba0b903712284f5447ff835fc02b3d25de","FP32",,"ComplexFP32","ComplexFP64",,,,,,,,"PASS","OK"
"stage08","stage08_table_rerun_hilbert_47ebe13410d3","formal","dtype_and_input_contract","runs/stage08_table_rerun_hilbert_47ebe13410d3/formal/20260810T032419Z_47ebe13410d3_stage08_b03_formal_88310007/operator_dtype_evidence_hilbert_fft_thrust_20260810T032419Z_47ebe13410d3_stage08_b03_formal_88310007.csv","20260810T032419Z_47ebe13410d3_stage08_b03_formal_88310007","hilbert__hilbert_int32_10e3__2113748f449be343","hilbert","INT32",,"actual_typed_array_input_fp32_fft_extension","1","x:INT32:[1024]:bytes=4096:sha256=2113748f449be34390aec139b64399c9fb070984e745e1d3769efdf61a48615d",,,,"2113748f449be34390aec139b64399c9fb070984e745e1d3769efdf61a48615d","FP32",,"ComplexFP32","ComplexFP64",,,,,,,,"PASS","OK"
"stage08","stage08_table_rerun_hilbert_47ebe13410d3","formal","dtype_and_input_contract","runs/stage08_table_rerun_hilbert_47ebe13410d3/formal/20260810T032419Z_47ebe13410d3_stage08_b03_formal_88310008/operator_dtype_evidence_hilbert_fft_thrust_20260810T032419Z_47ebe13410d3_stage08_b03_formal_88310008.csv","20260810T032419Z_47ebe13410d3_stage08_b03_formal_88310008","hilbert__hilbert_int32_10e4__7d7a44904b161280","hilbert","INT32",,"actual_typed_array_input_fp32_fft_extension","1","x:INT32:[10000]:bytes=40000:sha256=7d7a44904b161280838ef4ddc4eae3d2e744bc99ab6fc59a381e38ee414815b5",,,,"7d7a44904b161280838ef4ddc4eae3d2e744bc99ab6fc59a381e38ee414815b5","FP32",,"ComplexFP32","ComplexFP64",,,,,,,,"PASS","OK"
"stage08","stage08_table_rerun_hilbert_47ebe13410d3","formal","dtype_and_input_contract","runs/stage08_table_rerun_hilbert_47ebe13410d3/formal/20260810T032452Z_47ebe13410d3_stage08_b03_formal_88310009/operator_dtype_evidence_hilbert_fft_thrust_20260810T032452Z_47ebe13410d3_stage08_b03_formal_88310009.csv","20260810T032452Z_47ebe13410d3_stage08_b03_formal_88310009","hilbert__hilbert_int16_10e2__c48517dc9f9ef49d","hilbert","INT16",,"actual_typed_array_input_fp32_fft_extension","1","x:INT16:[100]:bytes=200:sha256=c48517dc9f9ef49de46b728c2c0f04c37a8086d876891bd5dfcac6e7587a5fc5",,,,"c48517dc9f9ef49de46b728c2c0f04c37a8086d876891bd5dfcac6e7587a5fc5","FP32",,"ComplexFP32","ComplexFP64",,,,,,,,"PASS","OK"
"stage08","stage08_table_rerun_hilbert_47ebe13410d3","formal","dtype_and_input_contract","runs/stage08_table_rerun_hilbert_47ebe13410d3/formal/20260810T032454Z_47ebe13410d3_stage08_b03_formal_8831000a/operator_dtype_evidence_hilbert_fft_thrust_20260810T032454Z_47ebe13410d3_stage08_b03_formal_8831000a.csv","20260810T032454Z_47ebe13410d3_stage08_b03_formal_8831000a","hilbert__hilbert_int16_10e3__89c4162345453f33","hilbert","INT16",,"actual_typed_array_input_fp32_fft_extension","1","x:INT16:[1024]:bytes=2048:sha256=89c4162345453f333bff24f58cf85e617107e659220efb48164aaf41cf712cec",,,,"89c4162345453f333bff24f58cf85e617107e659220efb48164aaf41cf712cec","FP32",,"ComplexFP32","ComplexFP64",,,,,,,,"PASS","OK"
"stage08","stage08_table_rerun_hilbert_47ebe13410d3","formal","dtype_and_input_contract","runs/stage08_table_rerun_hilbert_47ebe13410d3/formal/20260810T032454Z_47ebe13410d3_stage08_b03_formal_8831000b/operator_dtype_evidence_hilbert_fft_thrust_20260810T032454Z_47ebe13410d3_stage08_b03_formal_8831000b.csv","20260810T032454Z_47ebe13410d3_stage08_b03_formal_8831000b","hilbert__hilbert_int16_10e4__b733871be1a76494","hilbert","INT16",,"actual_typed_array_input_fp32_fft_extension","1","x:INT16:[10000]:bytes=20000:sha256=b733871be1a76494b559688c775a04723f6bcc6a92f9ec18ee55559577976090",,,,"b733871be1a76494b559688c775a04723f6bcc6a92f9ec18ee55559577976090","FP32",,"ComplexFP32","ComplexFP64",,,,,,,,"PASS","OK"
"stage08","stage08_table_rerun_hilbert_47ebe13410d3","formal","dtype_and_input_contract","runs/stage08_table_rerun_hilbert_47ebe13410d3/formal/20260810T032527Z_47ebe13410d3_stage08_b03_formal_8831000c/operator_dtype_evidence_hilbert_fft_thrust_20260810T032527Z_47ebe13410d3_stage08_b03_formal_8831000c.csv","20260810T032527Z_47ebe13410d3_stage08_b03_formal_8831000c","hilbert__hilbert_int8_10e2__f50011e297b914ba","hilbert","INT8",,"actual_typed_array_input_fp32_fft_extension","1","x:INT8:[100]:bytes=100:sha256=f50011e297b914ba146422ba246dec997220cdbba67107aa1068778d4e8be8b8",,,,"f50011e297b914ba146422ba246dec997220cdbba67107aa1068778d4e8be8b8","FP32",,"ComplexFP32","ComplexFP64",,,,,,,,"PASS","OK"
"stage08","stage08_table_rerun_hilbert_47ebe13410d3","formal","dtype_and_input_contract","runs/stage08_table_rerun_hilbert_47ebe13410d3/formal/20260810T032529Z_47ebe13410d3_stage08_b03_formal_8831000d/operator_dtype_evidence_hilbert_fft_thrust_20260810T032529Z_47ebe13410d3_stage08_b03_formal_8831000d.csv","20260810T032529Z_47ebe13410d3_stage08_b03_formal_8831000d","hilbert__hilbert_int8_10e3__0f809128d43f90aa","hilbert","INT8",,"actual_typed_array_input_fp32_fft_extension","1","x:INT8:[1024]:bytes=1024:sha256=0f809128d43f90aa86acc1f409215f1bff251dc1cd577dffb925235bf4b54057",,,,"0f809128d43f90aa86acc1f409215f1bff251dc1cd577dffb925235bf4b54057","FP32",,"ComplexFP32","ComplexFP64",,,,,,,,"PASS","OK"
"stage08","stage08_table_rerun_hilbert_47ebe13410d3","formal","dtype_and_input_contract","runs/stage08_table_rerun_hilbert_47ebe13410d3/formal/20260810T032529Z_47ebe13410d3_stage08_b03_formal_8831000e/operator_dtype_evidence_hilbert_fft_thrust_20260810T032529Z_47ebe13410d3_stage08_b03_formal_8831000e.csv","20260810T032529Z_47ebe13410d3_stage08_b03_formal_8831000e","hilbert__hilbert_int8_10e4__4b9f958588d8a446","hilbert","INT8",,"actual_typed_array_input_fp32_fft_extension","1","x:INT8:[10000]:bytes=10000:sha256=4b9f958588d8a44615df4fc8aabf314a67a5a2bc9284fddc796c7af1002e11d6",,,,"4b9f958588d8a44615df4fc8aabf314a67a5a2bc9284fddc796c7af1002e11d6","FP32",,"ComplexFP32","ComplexFP64",,,,,,,,"PASS","OK"
"stage08","stage08_table_rerun_kaiser_47ebe13410d3","formal","dtype_and_input_contract","runs/stage08_table_rerun_kaiser_47ebe13410d3/formal/20260810T032004Z_47ebe13410d3_stage08_b01_formal_88130000/operator_dtype_evidence_kaiser_not_applicable_20260810T032004Z_47ebe13410d3_stage08_b01_formal_88130000.csv","20260810T032004Z_47ebe13410d3_stage08_b01_formal_88130000","kaiser__kaiser_fp32_10e2__97b191a1423cac55__sym","kaiser","FP32","FP32","actual_typed_scalar_input","1","length:INT32=100|sym:BOOL=true|beta:FP32:bytes=00000041",,,,"97b191a1423cac55ba538f5bac52d3c607cc00f29bf22db513ef518baa234884",,,,"FP64",,,,,,,,"PASS","OK"
"stage08","stage08_table_rerun_kaiser_47ebe13410d3","formal","dtype_and_input_contract","runs/stage08_table_rerun_kaiser_47ebe13410d3/formal/20260810T032004Z_47ebe13410d3_stage08_b01_formal_88130001/operator_dtype_evidence_kaiser_not_applicable_20260810T032004Z_47ebe13410d3_stage08_b01_formal_88130001.csv","20260810T032004Z_47ebe13410d3_stage08_b01_formal_88130001","kaiser__kaiser_fp32_10e2__9f9188fb10cdde69__periodic","kaiser","FP32","FP32","actual_typed_scalar_input","1","length:INT32=100|sym:BOOL=false|beta:FP32:bytes=00000041",,,,"9f9188fb10cdde69376056924e6d82a98ed6b4a9a781789e5601ae71abfd0aa0",,,,"FP64",,,,,,,,"PASS","OK"
"stage08","stage08_table_rerun_kaiser_47ebe13410d3","formal","dtype_and_input_contract","runs/stage08_table_rerun_kaiser_47ebe13410d3/formal/20260810T032005Z_47ebe13410d3_stage08_b01_formal_88130002/operator_dtype_evidence_kaiser_not_applicable_20260810T032005Z_47ebe13410d3_stage08_b01_formal_88130002.csv","20260810T032005Z_47ebe13410d3_stage08_b01_formal_88130002","kaiser__kaiser_fp32_10e3__abdc51a55d501fc8__sym","kaiser","FP32","FP32","actual_typed_scalar_input","1","length:INT32=1000|sym:BOOL=true|beta:FP32:bytes=00000041",,,,"abdc51a55d501fc8398a1711948192c2d32fff9dc42b9b124ced19b288234424",,,,"FP64",,,,,,,,"PASS","OK"
"stage08","stage08_table_rerun_kaiser_47ebe13410d3","formal","dtype_and_input_contract","runs/stage08_table_rerun_kaiser_47ebe13410d3/formal/20260810T032005Z_47ebe13410d3_stage08_b01_formal_88130003/operator_dtype_evidence_kaiser_not_applicable_20260810T032005Z_47ebe13410d3_stage08_b01_formal_88130003.csv","20260810T032005Z_47ebe13410d3_stage08_b01_formal_88130003","kaiser__kaiser_fp32_10e3__30db896a6a0b8c60__periodic","kaiser","FP32","FP32","actual_typed_scalar_input","1","length:INT32=1000|sym:BOOL=false|beta:FP32:bytes=00000041",,,,"30db896a6a0b8c60ac83daf3edcbe4e29a842b5d39a049eae84eb4dffc3a51ae",,,,"FP64",,,,,,,,"PASS","OK"
"stage08","stage08_table_rerun_kaiser_47ebe13410d3","formal","dtype_and_input_contract","runs/stage08_table_rerun_kaiser_47ebe13410d3/formal/20260810T032005Z_47ebe13410d3_stage08_b01_formal_88130004/operator_dtype_evidence_kaiser_not_applicable_20260810T032005Z_47ebe13410d3_stage08_b01_formal_88130004.csv","20260810T032005Z_47ebe13410d3_stage08_b01_formal_88130004","kaiser__kaiser_fp32_10e4__5df4d510a7cd7f3f__sym","kaiser","FP32","FP32","actual_typed_scalar_input","1","length:INT32=10000|sym:BOOL=true|beta:FP32:bytes=00000041",,,,"5df4d510a7cd7f3f462ad6fd6adf527cba31b865b4581673304bf71b76f9136a",,,,"FP64",,,,,,,,"PASS","OK"
"stage08","stage08_table_rerun_kaiser_47ebe13410d3","formal","dtype_and_input_contract","runs/stage08_table_rerun_kaiser_47ebe13410d3/formal/20260810T032005Z_47ebe13410d3_stage08_b01_formal_88130005/operator_dtype_evidence_kaiser_not_applicable_20260810T032005Z_47ebe13410d3_stage08_b01_formal_88130005.csv","20260810T032005Z_47ebe13410d3_stage08_b01_formal_88130005","kaiser__kaiser_fp32_10e4__d9db3967f8d54a3b__periodic","kaiser","FP32","FP32","actual_typed_scalar_input","1","length:INT32=10000|sym:BOOL=false|beta:FP32:bytes=00000041",,,,"d9db3967f8d54a3be3bb08bf90195c6d1d876bea1fa8dcad5b6bac3d9e3ee8ce",,,,"FP64",,,,,,,,"PASS","OK"
"stage08","stage08_table_rerun_kaiser_47ebe13410d3","formal","dtype_and_input_contract","runs/stage08_table_rerun_kaiser_47ebe13410d3/formal/20260810T032005Z_47ebe13410d3_stage08_b01_formal_88130006/operator_dtype_evidence_kaiser_not_applicable_20260810T032005Z_47ebe13410d3_stage08_b01_formal_88130006.csv","20260810T032005Z_47ebe13410d3_stage08_b01_formal_88130006","kaiser__kaiser_fp16_10e2__0e0a266328d2397d__sym","kaiser","FP16","FP16","actual_typed_scalar_input","1","length:INT32=100|sym:BOOL=true|beta:FP16:bytes=0048",,,,"0e0a266328d2397dcae881fc58e1b854ff71d61398cabc138b1d857459c30b39",,,,"FP64",,,,,,,,"PASS","OK"
"stage08","stage08_table_rerun_kaiser_47ebe13410d3","formal","dtype_and_input_contract","runs/stage08_table_rerun_kaiser_47ebe13410d3/formal/20260810T032005Z_47ebe13410d3_stage08_b01_formal_88130007/operator_dtype_evidence_kaiser_not_applicable_20260810T032005Z_47ebe13410d3_stage08_b01_formal_88130007.csv","20260810T032005Z_47ebe13410d3_stage08_b01_formal_88130007","kaiser__kaiser_fp16_10e2__92a4dc87d61c9534__periodic","kaiser","FP16","FP16","actual_typed_scalar_input","1","length:INT32=100|sym:BOOL=false|beta:FP16:bytes=0048",,,,"92a4dc87d61c9534bf22f65760d1cc9d4c23ddbc87d7ffd96b898074aad9a04f",,,,"FP64",,,,,,,,"PASS","OK"
"stage08","stage08_table_rerun_kaiser_47ebe13410d3","formal","dtype_and_input_contract","runs/stage08_table_rerun_kaiser_47ebe13410d3/formal/20260810T032005Z_47ebe13410d3_stage08_b01_formal_88130008/operator_dtype_evidence_kaiser_not_applicable_20260810T032005Z_47ebe13410d3_stage08_b01_formal_88130008.csv","20260810T032005Z_47ebe13410d3_stage08_b01_formal_88130008","kaiser__kaiser_fp16_10e3__95c9c9fac7a71572__sym","kaiser","FP16","FP16","actual_typed_scalar_input","1","length:INT32=1000|sym:BOOL=true|beta:FP16:bytes=0048",,,,"95c9c9fac7a7157285e64338463de0c051aa4728ee6c180befae510abea8c58c",,,,"FP64",,,,,,,,"PASS","OK"
"stage08","stage08_table_rerun_kaiser_47ebe13410d3","formal","dtype_and_input_contract","runs/stage08_table_rerun_kaiser_47ebe13410d3/formal/20260810T032005Z_47ebe13410d3_stage08_b01_formal_88130009/operator_dtype_evidence_kaiser_not_applicable_20260810T032005Z_47ebe13410d3_stage08_b01_formal_88130009.csv","20260810T032005Z_47ebe13410d3_stage08_b01_formal_88130009","kaiser__kaiser_fp16_10e3__2f8463fda0960fbf__periodic","kaiser","FP16","FP16","actual_typed_scalar_input","1","length:INT32=1000|sym:BOOL=false|beta:FP16:bytes=0048",,,,"2f8463fda0960fbff40765a7f5a1cb3a6fd545174de19e0654e0eb7bb379916b",,,,"FP64",,,,,,,,"PASS","OK"
"stage08","stage08_table_rerun_kaiser_47ebe13410d3","formal","dtype_and_input_contract","runs/stage08_table_rerun_kaiser_47ebe13410d3/formal/20260810T032006Z_47ebe13410d3_stage08_b01_formal_8813000a/operator_dtype_evidence_kaiser_not_applicable_20260810T032006Z_47ebe13410d3_stage08_b01_formal_8813000a.csv","20260810T032006Z_47ebe13410d3_stage08_b01_formal_8813000a","kaiser__kaiser_fp16_10e4__3b1dfe279e528031__sym","kaiser","FP16","FP16","actual_typed_scalar_input","1","length:INT32=10000|sym:BOOL=true|beta:FP16:bytes=0048",,,,"3b1dfe279e528031f5143a51b0237b9cd23d24414e92896c38b7b3175a8988d8",,,,"FP64",,,,,,,,"PASS","OK"
"stage08","stage08_table_rerun_kaiser_47ebe13410d3","formal","dtype_and_input_contract","runs/stage08_table_rerun_kaiser_47ebe13410d3/formal/20260810T032006Z_47ebe13410d3_stage08_b01_formal_8813000b/operator_dtype_evidence_kaiser_not_applicable_20260810T032006Z_47ebe13410d3_stage08_b01_formal_8813000b.csv","20260810T032006Z_47ebe13410d3_stage08_b01_formal_8813000b","kaiser__kaiser_fp16_10e4__ea31d229d43c188c__periodic","kaiser","FP16","FP16","actual_typed_scalar_input","1","length:INT32=10000|sym:BOOL=false|beta:FP16:bytes=0048",,,,"ea31d229d43c188c5733940ac7e39651e5606565bb64b1cbb1c37e3cbb18e317",,,,"FP64",,,,,,,,"PASS","OK"
"stage08","stage08_table_rerun_kaiser_47ebe13410d3","formal","dtype_and_input_contract","runs/stage08_table_rerun_kaiser_47ebe13410d3/formal/20260810T032006Z_47ebe13410d3_stage08_b01_formal_8813000c/operator_dtype_evidence_kaiser_not_applicable_20260810T032006Z_47ebe13410d3_stage08_b01_formal_8813000c.csv","20260810T032006Z_47ebe13410d3_stage08_b01_formal_8813000c","kaiser__kaiser_int32_10e2__6bec05d54eb4e77e__sym","kaiser","INT32","INT32","actual_typed_scalar_input","1","length:INT32=100|sym:BOOL=true|beta:INT32:bytes=08000000",,,,"6bec05d54eb4e77e2f24d19e72827a92603493cb864bc354ffcb80f9d8112aba",,,,"FP64",,,,,,,,"PASS","OK"
"stage08","stage08_table_rerun_kaiser_47ebe13410d3","formal","dtype_and_input_contract","runs/stage08_table_rerun_kaiser_47ebe13410d3/formal/20260810T032006Z_47ebe13410d3_stage08_b01_formal_8813000d/operator_dtype_evidence_kaiser_not_applicable_20260810T032006Z_47ebe13410d3_stage08_b01_formal_8813000d.csv","20260810T032006Z_47ebe13410d3_stage08_b01_formal_8813000d","kaiser__kaiser_int32_10e2__dc847291cb775b0e__periodic","kaiser","INT32","INT32","actual_typed_scalar_input","1","length:INT32=100|sym:BOOL=false|beta:INT32:bytes=08000000",,,,"dc847291cb775b0e649a6974df3ce12ec601614366d5185cb5700ed9df1866d0",,,,"FP64",,,,,,,,"PASS","OK"
"stage08","stage08_table_rerun_kaiser_47ebe13410d3","formal","dtype_and_input_contract","runs/stage08_table_rerun_kaiser_47ebe13410d3/formal/20260810T032006Z_47ebe13410d3_stage08_b01_formal_8813000e/operator_dtype_evidence_kaiser_not_applicable_20260810T032006Z_47ebe13410d3_stage08_b01_formal_8813000e.csv","20260810T032006Z_47ebe13410d3_stage08_b01_formal_8813000e","kaiser__kaiser_int32_10e3__983fdcb7898b7e0d__sym","kaiser","INT32","INT32","actual_typed_scalar_input","1","length:INT32=1000|sym:BOOL=true|beta:INT32:bytes=08000000",,,,"983fdcb7898b7e0d42e0f977aa28bb69ec3cee657bff7a3738084d8c66698da7",,,,"FP64",,,,,,,,"PASS","OK"
"stage08","stage08_table_rerun_kaiser_47ebe13410d3","formal","dtype_and_input_contract","runs/stage08_table_rerun_kaiser_47ebe13410d3/formal/20260810T032006Z_47ebe13410d3_stage08_b01_formal_8813000f/operator_dtype_evidence_kaiser_not_applicable_20260810T032006Z_47ebe13410d3_stage08_b01_formal_8813000f.csv","20260810T032006Z_47ebe13410d3_stage08_b01_formal_8813000f","kaiser__kaiser_int32_10e3__37f23fa8ed3d03ce__periodic","kaiser","INT32","INT32","actual_typed_scalar_input","1","length:INT32=1000|sym:BOOL=false|beta:INT32:bytes=08000000",,,,"37f23fa8ed3d03ce9763cb2503ab889c11563a476e045e37fbdac4e591c37ccd",,,,"FP64",,,,,,,,"PASS","OK"
"stage08","stage08_table_rerun_kaiser_47ebe13410d3","formal","dtype_and_input_contract","runs/stage08_table_rerun_kaiser_47ebe13410d3/formal/20260810T032006Z_47ebe13410d3_stage08_b01_formal_88130010/operator_dtype_evidence_kaiser_not_applicable_20260810T032006Z_47ebe13410d3_stage08_b01_formal_88130010.csv","20260810T032006Z_47ebe13410d3_stage08_b01_formal_88130010","kaiser__kaiser_int32_10e4__af3456ba1d3017f9__sym","kaiser","INT32","INT32","actual_typed_scalar_input","1","length:INT32=10000|sym:BOOL=true|beta:INT32:bytes=08000000",,,,"af3456ba1d3017f9660b99b6bd79e83bb7f644b30175aec69bdea2f88178f1af",,,,"FP64",,,,,,,,"PASS","OK"
"stage08","stage08_table_rerun_kaiser_47ebe13410d3","formal","dtype_and_input_contract","runs/stage08_table_rerun_kaiser_47ebe13410d3/formal/20260810T032007Z_47ebe13410d3_stage08_b01_formal_88130011/operator_dtype_evidence_kaiser_not_applicable_20260810T032007Z_47ebe13410d3_stage08_b01_formal_88130011.csv","20260810T032007Z_47ebe13410d3_stage08_b01_formal_88130011","kaiser__kaiser_int32_10e4__63b56ee080418d5e__periodic","kaiser","INT32","INT32","actual_typed_scalar_input","1","length:INT32=10000|sym:BOOL=false|beta:INT32:bytes=08000000",,,,"63b56ee080418d5e50de41c2a545d3cc405f9cbd6531cf4d9454811f1ad67aec",,,,"FP64",,,,,,,,"PASS","OK"
"stage08","stage08_table_rerun_kaiser_47ebe13410d3","formal","dtype_and_input_contract","runs/stage08_table_rerun_kaiser_47ebe13410d3/formal/20260810T032007Z_47ebe13410d3_stage08_b01_formal_88130012/operator_dtype_evidence_kaiser_not_applicable_20260810T032007Z_47ebe13410d3_stage08_b01_formal_88130012.csv","20260810T032007Z_47ebe13410d3_stage08_b01_formal_88130012","kaiser__kaiser_int16_10e2__d5c749764ba8c024__sym","kaiser","INT16","INT16","actual_typed_scalar_input","1","length:INT32=100|sym:BOOL=true|beta:INT16:bytes=0800",,,,"d5c749764ba8c02489fb772902dd2d3b7760b304b0be42d3b804c83be3b34827",,,,"FP64",,,,,,,,"PASS","OK"
"stage08","stage08_table_rerun_kaiser_47ebe13410d3","formal","dtype_and_input_contract","runs/stage08_table_rerun_kaiser_47ebe13410d3/formal/20260810T032007Z_47ebe13410d3_stage08_b01_formal_88130013/operator_dtype_evidence_kaiser_not_applicable_20260810T032007Z_47ebe13410d3_stage08_b01_formal_88130013.csv","20260810T032007Z_47ebe13410d3_stage08_b01_formal_88130013","kaiser__kaiser_int16_10e2__4fbf018ee4e07288__periodic","kaiser","INT16","INT16","actual_typed_scalar_input","1","length:INT32=100|sym:BOOL=false|beta:INT16:bytes=0800",,,,"4fbf018ee4e07288a6f5ff1acb70f64e154471207c61ac74005b450aa2fdb547",,,,"FP64",,,,,,,,"PASS","OK"
"stage08","stage08_table_rerun_kaiser_47ebe13410d3","formal","dtype_and_input_contract","runs/stage08_table_rerun_kaiser_47ebe13410d3/formal/20260810T032007Z_47ebe13410d3_stage08_b01_formal_88130014/operator_dtype_evidence_kaiser_not_applicable_20260810T032007Z_47ebe13410d3_stage08_b01_formal_88130014.csv","20260810T032007Z_47ebe13410d3_stage08_b01_formal_88130014","kaiser__kaiser_int16_10e3__74709b6e0b9bcf4d__sym","kaiser","INT16","INT16","actual_typed_scalar_input","1","length:INT32=1000|sym:BOOL=true|beta:INT16:bytes=0800",,,,"74709b6e0b9bcf4d6200d5bb50f3827293e1db326fc430281aa5aca886111923",,,,"FP64",,,,,,,,"PASS","OK"
"stage08","stage08_table_rerun_kaiser_47ebe13410d3","formal","dtype_and_input_contract","runs/stage08_table_rerun_kaiser_47ebe13410d3/formal/20260810T032007Z_47ebe13410d3_stage08_b01_formal_88130015/operator_dtype_evidence_kaiser_not_applicable_20260810T032007Z_47ebe13410d3_stage08_b01_formal_88130015.csv","20260810T032007Z_47ebe13410d3_stage08_b01_formal_88130015","kaiser__kaiser_int16_10e3__4a2b9166701cf567__periodic","kaiser","INT16","INT16","actual_typed_scalar_input","1","length:INT32=1000|sym:BOOL=false|beta:INT16:bytes=0800",,,,"4a2b9166701cf5672701837e2e5ada0cdae73f8f410a4a7725a7f480a38605db",,,,"FP64",,,,,,,,"PASS","OK"
"stage08","stage08_table_rerun_kaiser_47ebe13410d3","formal","dtype_and_input_contract","runs/stage08_table_rerun_kaiser_47ebe13410d3/formal/20260810T032007Z_47ebe13410d3_stage08_b01_formal_88130016/operator_dtype_evidence_kaiser_not_applicable_20260810T032007Z_47ebe13410d3_stage08_b01_formal_88130016.csv","20260810T032007Z_47ebe13410d3_stage08_b01_formal_88130016","kaiser__kaiser_int16_10e4__81052564d4c970de__sym","kaiser","INT16","INT16","actual_typed_scalar_input","1","length:INT32=10000|sym:BOOL=true|beta:INT16:bytes=0800",,,,"81052564d4c970de615a4b7233424716df676788e639d4727cd514f260b6b36d",,,,"FP64",,,,,,,,"PASS","OK"
"stage08","stage08_table_rerun_kaiser_47ebe13410d3","formal","dtype_and_input_contract","runs/stage08_table_rerun_kaiser_47ebe13410d3/formal/20260810T032007Z_47ebe13410d3_stage08_b01_formal_88130017/operator_dtype_evidence_kaiser_not_applicable_20260810T032007Z_47ebe13410d3_stage08_b01_formal_88130017.csv","20260810T032007Z_47ebe13410d3_stage08_b01_formal_88130017","kaiser__kaiser_int16_10e4__dc162d7ba206b518__periodic","kaiser","INT16","INT16","actual_typed_scalar_input","1","length:INT32=10000|sym:BOOL=false|beta:INT16:bytes=0800",,,,"dc162d7ba206b51824f0a33b82ea8cdf7543956c2b9a6ff30291b9f8c1c525e9",,,,"FP64",,,,,,,,"PASS","OK"
"stage08","stage08_table_rerun_kaiser_47ebe13410d3","formal","dtype_and_input_contract","runs/stage08_table_rerun_kaiser_47ebe13410d3/formal/20260810T032008Z_47ebe13410d3_stage08_b01_formal_88130018/operator_dtype_evidence_kaiser_not_applicable_20260810T032008Z_47ebe13410d3_stage08_b01_formal_88130018.csv","20260810T032008Z_47ebe13410d3_stage08_b01_formal_88130018","kaiser__kaiser_int8_10e2__1a0a1d4d3712cd66__sym","kaiser","INT8","INT8","actual_typed_scalar_input","1","length:INT32=100|sym:BOOL=true|beta:INT8:bytes=08",,,,"1a0a1d4d3712cd66387f4ae7a21ab736dcb7ea5c871b5242e73bb02aca84511b",,,,"FP64",,,,,,,,"PASS","OK"
"stage08","stage08_table_rerun_kaiser_47ebe13410d3","formal","dtype_and_input_contract","runs/stage08_table_rerun_kaiser_47ebe13410d3/formal/20260810T032008Z_47ebe13410d3_stage08_b01_formal_88130019/operator_dtype_evidence_kaiser_not_applicable_20260810T032008Z_47ebe13410d3_stage08_b01_formal_88130019.csv","20260810T032008Z_47ebe13410d3_stage08_b01_formal_88130019","kaiser__kaiser_int8_10e2__2717b67845b0cb80__periodic","kaiser","INT8","INT8","actual_typed_scalar_input","1","length:INT32=100|sym:BOOL=false|beta:INT8:bytes=08",,,,"2717b67845b0cb807ebe77185da4692a740e642a06104ded226fff40649ef7d7",,,,"FP64",,,,,,,,"PASS","OK"
"stage08","stage08_table_rerun_kaiser_47ebe13410d3","formal","dtype_and_input_contract","runs/stage08_table_rerun_kaiser_47ebe13410d3/formal/20260810T032008Z_47ebe13410d3_stage08_b01_formal_8813001a/operator_dtype_evidence_kaiser_not_applicable_20260810T032008Z_47ebe13410d3_stage08_b01_formal_8813001a.csv","20260810T032008Z_47ebe13410d3_stage08_b01_formal_8813001a","kaiser__kaiser_int8_10e3__23065a2aa1791fd3__sym","kaiser","INT8","INT8","actual_typed_scalar_input","1","length:INT32=1000|sym:BOOL=true|beta:INT8:bytes=08",,,,"23065a2aa1791fd3c85752006414790f83d95bbec605c1f2e3a833aaa144918e",,,,"FP64",,,,,,,,"PASS","OK"
"stage08","stage08_table_rerun_kaiser_47ebe13410d3","formal","dtype_and_input_contract","runs/stage08_table_rerun_kaiser_47ebe13410d3/formal/20260810T032008Z_47ebe13410d3_stage08_b01_formal_8813001b/operator_dtype_evidence_kaiser_not_applicable_20260810T032008Z_47ebe13410d3_stage08_b01_formal_8813001b.csv","20260810T032008Z_47ebe13410d3_stage08_b01_formal_8813001b","kaiser__kaiser_int8_10e3__bc5c8c2eb8834191__periodic","kaiser","INT8","INT8","actual_typed_scalar_input","1","length:INT32=1000|sym:BOOL=false|beta:INT8:bytes=08",,,,"bc5c8c2eb883419172e67cb13233001362d0f2169835e1a936c8fdf29a9a8cf7",,,,"FP64",,,,,,,,"PASS","OK"
"stage08","stage08_table_rerun_kaiser_47ebe13410d3","formal","dtype_and_input_contract","runs/stage08_table_rerun_kaiser_47ebe13410d3/formal/20260810T032008Z_47ebe13410d3_stage08_b01_formal_8813001c/operator_dtype_evidence_kaiser_not_applicable_20260810T032008Z_47ebe13410d3_stage08_b01_formal_8813001c.csv","20260810T032008Z_47ebe13410d3_stage08_b01_formal_8813001c","kaiser__kaiser_int8_10e4__d3e2b173864af1c8__sym","kaiser","INT8","INT8","actual_typed_scalar_input","1","length:INT32=10000|sym:BOOL=true|beta:INT8:bytes=08",,,,"d3e2b173864af1c8052c24d82df63c20d3933a3626d004b563b7dd3c7d610e1a",,,,"FP64",,,,,,,,"PASS","OK"
"stage08","stage08_table_rerun_kaiser_47ebe13410d3","formal","dtype_and_input_contract","runs/stage08_table_rerun_kaiser_47ebe13410d3/formal/20260810T032008Z_47ebe13410d3_stage08_b01_formal_8813001d/operator_dtype_evidence_kaiser_not_applicable_20260810T032008Z_47ebe13410d3_stage08_b01_formal_8813001d.csv","20260810T032008Z_47ebe13410d3_stage08_b01_formal_8813001d","kaiser__kaiser_int8_10e4__2b6a57da80dae370__periodic","kaiser","INT8","INT8","actual_typed_scalar_input","1","length:INT32=10000|sym:BOOL=false|beta:INT8:bytes=08",,,,"2b6a57da80dae370705e35e0b105bc217b369ed7435ef9be65045d795366144e",,,,"FP64",,,,,,,,"PASS","OK"
"stage08","stage08_table_rerun_parzen_47ebe13410d3","formal","dtype_and_input_contract","runs/stage08_table_rerun_parzen_47ebe13410d3/formal/20260810T032030Z_47ebe13410d3_stage08_b02_formal_88200000/operator_dtype_evidence_parzen_not_applicable_20260810T032030Z_47ebe13410d3_stage08_b02_formal_88200000.csv","20260810T032030Z_47ebe13410d3_stage08_b02_formal_88200000","parzen__parzen_fp32_10e2__7f7d081aa0af5dfa__sym","parzen","FP32","FP32","request_variant_no_typed_data_input","0","length:INT32=100|sym:BOOL=true",,,,"7f7d081aa0af5dfac9cbd2114e6e1ae81fa1069a67d6310ffd6db02c7f813864",,,,"FP64",,,,,,,,"PASS","OK"
"stage08","stage08_table_rerun_parzen_47ebe13410d3","formal","dtype_and_input_contract","runs/stage08_table_rerun_parzen_47ebe13410d3/formal/20260810T032030Z_47ebe13410d3_stage08_b02_formal_88200001/operator_dtype_evidence_parzen_not_applicable_20260810T032030Z_47ebe13410d3_stage08_b02_formal_88200001.csv","20260810T032030Z_47ebe13410d3_stage08_b02_formal_88200001","parzen__parzen_fp32_10e2__dcd591d59c1c4f03__periodic","parzen","FP32","FP32","request_variant_no_typed_data_input","0","length:INT32=100|sym:BOOL=false",,,,"dcd591d59c1c4f0312f128d800410df4856990f61a8c1880dc74ce18946cc2c7",,,,"FP64",,,,,,,,"PASS","OK"
"stage08","stage08_table_rerun_parzen_47ebe13410d3","formal","dtype_and_input_contract","runs/stage08_table_rerun_parzen_47ebe13410d3/formal/20260810T032030Z_47ebe13410d3_stage08_b02_formal_88200002/operator_dtype_evidence_parzen_not_applicable_20260810T032030Z_47ebe13410d3_stage08_b02_formal_88200002.csv","20260810T032030Z_47ebe13410d3_stage08_b02_formal_88200002","parzen__parzen_fp32_10e3__6da158ece72508d2__sym","parzen","FP32","FP32","request_variant_no_typed_data_input","0","length:INT32=1000|sym:BOOL=true",,,,"6da158ece72508d29649124d2d289624f6020920ecb9c5233ac6aa50ef535fe7",,,,"FP64",,,,,,,,"PASS","OK"
"stage08","stage08_table_rerun_parzen_47ebe13410d3","formal","dtype_and_input_contract","runs/stage08_table_rerun_parzen_47ebe13410d3/formal/20260810T032030Z_47ebe13410d3_stage08_b02_formal_88200003/operator_dtype_evidence_parzen_not_applicable_20260810T032030Z_47ebe13410d3_stage08_b02_formal_88200003.csv","20260810T032030Z_47ebe13410d3_stage08_b02_formal_88200003","parzen__parzen_fp32_10e3__2c38ec22bc77639b__periodic","parzen","FP32","FP32","request_variant_no_typed_data_input","0","length:INT32=1000|sym:BOOL=false",,,,"2c38ec22bc77639b93e2a6d9754d3f2496f591bfbe0e68f1bc4d9177dfcd796d",,,,"FP64",,,,,,,,"PASS","OK"
"stage08","stage08_table_rerun_parzen_47ebe13410d3","formal","dtype_and_input_contract","runs/stage08_table_rerun_parzen_47ebe13410d3/formal/20260810T032030Z_47ebe13410d3_stage08_b02_formal_88200004/operator_dtype_evidence_parzen_not_applicable_20260810T032030Z_47ebe13410d3_stage08_b02_formal_88200004.csv","20260810T032030Z_47ebe13410d3_stage08_b02_formal_88200004","parzen__parzen_fp32_10e4__cadad88e333e0a70__sym","parzen","FP32","FP32","request_variant_no_typed_data_input","0","length:INT32=10000|sym:BOOL=true",,,,"cadad88e333e0a70670079f972e771752bdabf67365c62ae56f8a799cc6ee292",,,,"FP64",,,,,,,,"PASS","OK"
"stage08","stage08_table_rerun_parzen_47ebe13410d3","formal","dtype_and_input_contract","runs/stage08_table_rerun_parzen_47ebe13410d3/formal/20260810T032030Z_47ebe13410d3_stage08_b02_formal_88200005/operator_dtype_evidence_parzen_not_applicable_20260810T032030Z_47ebe13410d3_stage08_b02_formal_88200005.csv","20260810T032030Z_47ebe13410d3_stage08_b02_formal_88200005","parzen__parzen_fp32_10e4__76494d2bef81be4b__periodic","parzen","FP32","FP32","request_variant_no_typed_data_input","0","length:INT32=10000|sym:BOOL=false",,,,"76494d2bef81be4babb51863b4a08c8e06a6b0ede8b9d8b479d3302163638ae0",,,,"FP64",,,,,,,,"PASS","OK"
"stage08","stage08_table_rerun_parzen_47ebe13410d3","formal","dtype_and_input_contract","runs/stage08_table_rerun_parzen_47ebe13410d3/formal/20260810T032031Z_47ebe13410d3_stage08_b02_formal_88200006/operator_dtype_evidence_parzen_not_applicable_20260810T032031Z_47ebe13410d3_stage08_b02_formal_88200006.csv","20260810T032031Z_47ebe13410d3_stage08_b02_formal_88200006","parzen__parzen_fp16_10e2__7f7d081aa0af5dfa__sym","parzen","FP16","FP16","request_variant_no_typed_data_input","0","length:INT32=100|sym:BOOL=true",,,,"7f7d081aa0af5dfac9cbd2114e6e1ae81fa1069a67d6310ffd6db02c7f813864",,,,"FP64",,,,,,,,"PASS","OK"
"stage08","stage08_table_rerun_parzen_47ebe13410d3","formal","dtype_and_input_contract","runs/stage08_table_rerun_parzen_47ebe13410d3/formal/20260810T032031Z_47ebe13410d3_stage08_b02_formal_88200007/operator_dtype_evidence_parzen_not_applicable_20260810T032031Z_47ebe13410d3_stage08_b02_formal_88200007.csv","20260810T032031Z_47ebe13410d3_stage08_b02_formal_88200007","parzen__parzen_fp16_10e2__dcd591d59c1c4f03__periodic","parzen","FP16","FP16","request_variant_no_typed_data_input","0","length:INT32=100|sym:BOOL=false",,,,"dcd591d59c1c4f0312f128d800410df4856990f61a8c1880dc74ce18946cc2c7",,,,"FP64",,,,,,,,"PASS","OK"
"stage08","stage08_table_rerun_parzen_47ebe13410d3","formal","dtype_and_input_contract","runs/stage08_table_rerun_parzen_47ebe13410d3/formal/20260810T032031Z_47ebe13410d3_stage08_b02_formal_88200008/operator_dtype_evidence_parzen_not_applicable_20260810T032031Z_47ebe13410d3_stage08_b02_formal_88200008.csv","20260810T032031Z_47ebe13410d3_stage08_b02_formal_88200008","parzen__parzen_fp16_10e3__6da158ece72508d2__sym","parzen","FP16","FP16","request_variant_no_typed_data_input","0","length:INT32=1000|sym:BOOL=true",,,,"6da158ece72508d29649124d2d289624f6020920ecb9c5233ac6aa50ef535fe7",,,,"FP64",,,,,,,,"PASS","OK"
"stage08","stage08_table_rerun_parzen_47ebe13410d3","formal","dtype_and_input_contract","runs/stage08_table_rerun_parzen_47ebe13410d3/formal/20260810T032031Z_47ebe13410d3_stage08_b02_formal_88200009/operator_dtype_evidence_parzen_not_applicable_20260810T032031Z_47ebe13410d3_stage08_b02_formal_88200009.csv","20260810T032031Z_47ebe13410d3_stage08_b02_formal_88200009","parzen__parzen_fp16_10e3__2c38ec22bc77639b__periodic","parzen","FP16","FP16","request_variant_no_typed_data_input","0","length:INT32=1000|sym:BOOL=false",,,,"2c38ec22bc77639b93e2a6d9754d3f2496f591bfbe0e68f1bc4d9177dfcd796d",,,,"FP64",,,,,,,,"PASS","OK"
"stage08","stage08_table_rerun_parzen_47ebe13410d3","formal","dtype_and_input_contract","runs/stage08_table_rerun_parzen_47ebe13410d3/formal/20260810T032031Z_47ebe13410d3_stage08_b02_formal_8820000a/operator_dtype_evidence_parzen_not_applicable_20260810T032031Z_47ebe13410d3_stage08_b02_formal_8820000a.csv","20260810T032031Z_47ebe13410d3_stage08_b02_formal_8820000a","parzen__parzen_fp16_10e4__cadad88e333e0a70__sym","parzen","FP16","FP16","request_variant_no_typed_data_input","0","length:INT32=10000|sym:BOOL=true",,,,"cadad88e333e0a70670079f972e771752bdabf67365c62ae56f8a799cc6ee292",,,,"FP64",,,,,,,,"PASS","OK"
"stage08","stage08_table_rerun_parzen_47ebe13410d3","formal","dtype_and_input_contract","runs/stage08_table_rerun_parzen_47ebe13410d3/formal/20260810T032031Z_47ebe13410d3_stage08_b02_formal_8820000b/operator_dtype_evidence_parzen_not_applicable_20260810T032031Z_47ebe13410d3_stage08_b02_formal_8820000b.csv","20260810T032031Z_47ebe13410d3_stage08_b02_formal_8820000b","parzen__parzen_fp16_10e4__76494d2bef81be4b__periodic","parzen","FP16","FP16","request_variant_no_typed_data_input","0","length:INT32=10000|sym:BOOL=false",,,,"76494d2bef81be4babb51863b4a08c8e06a6b0ede8b9d8b479d3302163638ae0",,,,"FP64",,,,,,,,"PASS","OK"
"stage08","stage08_table_rerun_parzen_47ebe13410d3","formal","dtype_and_input_contract","runs/stage08_table_rerun_parzen_47ebe13410d3/formal/20260810T032031Z_47ebe13410d3_stage08_b02_formal_8820000c/operator_dtype_evidence_parzen_not_applicable_20260810T032031Z_47ebe13410d3_stage08_b02_formal_8820000c.csv","20260810T032031Z_47ebe13410d3_stage08_b02_formal_8820000c","parzen__parzen_int32_10e2__7f7d081aa0af5dfa__sym","parzen","INT32","INT32","request_variant_no_typed_data_input","0","length:INT32=100|sym:BOOL=true",,,,"7f7d081aa0af5dfac9cbd2114e6e1ae81fa1069a67d6310ffd6db02c7f813864",,,,"FP64",,,,,,,,"PASS","OK"
"stage08","stage08_table_rerun_parzen_47ebe13410d3","formal","dtype_and_input_contract","runs/stage08_table_rerun_parzen_47ebe13410d3/formal/20260810T032031Z_47ebe13410d3_stage08_b02_formal_8820000d/operator_dtype_evidence_parzen_not_applicable_20260810T032031Z_47ebe13410d3_stage08_b02_formal_8820000d.csv","20260810T032031Z_47ebe13410d3_stage08_b02_formal_8820000d","parzen__parzen_int32_10e2__dcd591d59c1c4f03__periodic","parzen","INT32","INT32","request_variant_no_typed_data_input","0","length:INT32=100|sym:BOOL=false",,,,"dcd591d59c1c4f0312f128d800410df4856990f61a8c1880dc74ce18946cc2c7",,,,"FP64",,,,,,,,"PASS","OK"
"stage08","stage08_table_rerun_parzen_47ebe13410d3","formal","dtype_and_input_contract","runs/stage08_table_rerun_parzen_47ebe13410d3/formal/20260810T032031Z_47ebe13410d3_stage08_b02_formal_8820000e/operator_dtype_evidence_parzen_not_applicable_20260810T032031Z_47ebe13410d3_stage08_b02_formal_8820000e.csv","20260810T032031Z_47ebe13410d3_stage08_b02_formal_8820000e","parzen__parzen_int32_10e3__6da158ece72508d2__sym","parzen","INT32","INT32","request_variant_no_typed_data_input","0","length:INT32=1000|sym:BOOL=true",,,,"6da158ece72508d29649124d2d289624f6020920ecb9c5233ac6aa50ef535fe7",,,,"FP64",,,,,,,,"PASS","OK"
"stage08","stage08_table_rerun_parzen_47ebe13410d3","formal","dtype_and_input_contract","runs/stage08_table_rerun_parzen_47ebe13410d3/formal/20260810T032032Z_47ebe13410d3_stage08_b02_formal_8820000f/operator_dtype_evidence_parzen_not_applicable_20260810T032032Z_47ebe13410d3_stage08_b02_formal_8820000f.csv","20260810T032032Z_47ebe13410d3_stage08_b02_formal_8820000f","parzen__parzen_int32_10e3__2c38ec22bc77639b__periodic","parzen","INT32","INT32","request_variant_no_typed_data_input","0","length:INT32=1000|sym:BOOL=false",,,,"2c38ec22bc77639b93e2a6d9754d3f2496f591bfbe0e68f1bc4d9177dfcd796d",,,,"FP64",,,,,,,,"PASS","OK"
"stage08","stage08_table_rerun_parzen_47ebe13410d3","formal","dtype_and_input_contract","runs/stage08_table_rerun_parzen_47ebe13410d3/formal/20260810T032032Z_47ebe13410d3_stage08_b02_formal_88200010/operator_dtype_evidence_parzen_not_applicable_20260810T032032Z_47ebe13410d3_stage08_b02_formal_88200010.csv","20260810T032032Z_47ebe13410d3_stage08_b02_formal_88200010","parzen__parzen_int32_10e4__cadad88e333e0a70__sym","parzen","INT32","INT32","request_variant_no_typed_data_input","0","length:INT32=10000|sym:BOOL=true",,,,"cadad88e333e0a70670079f972e771752bdabf67365c62ae56f8a799cc6ee292",,,,"FP64",,,,,,,,"PASS","OK"
"stage08","stage08_table_rerun_parzen_47ebe13410d3","formal","dtype_and_input_contract","runs/stage08_table_rerun_parzen_47ebe13410d3/formal/20260810T032032Z_47ebe13410d3_stage08_b02_formal_88200011/operator_dtype_evidence_parzen_not_applicable_20260810T032032Z_47ebe13410d3_stage08_b02_formal_88200011.csv","20260810T032032Z_47ebe13410d3_stage08_b02_formal_88200011","parzen__parzen_int32_10e4__76494d2bef81be4b__periodic","parzen","INT32","INT32","request_variant_no_typed_data_input","0","length:INT32=10000|sym:BOOL=false",,,,"76494d2bef81be4babb51863b4a08c8e06a6b0ede8b9d8b479d3302163638ae0",,,,"FP64",,,,,,,,"PASS","OK"
"stage08","stage08_table_rerun_parzen_47ebe13410d3","formal","dtype_and_input_contract","runs/stage08_table_rerun_parzen_47ebe13410d3/formal/20260810T032032Z_47ebe13410d3_stage08_b02_formal_88200012/operator_dtype_evidence_parzen_not_applicable_20260810T032032Z_47ebe13410d3_stage08_b02_formal_88200012.csv","20260810T032032Z_47ebe13410d3_stage08_b02_formal_88200012","parzen__parzen_int16_10e2__7f7d081aa0af5dfa__sym","parzen","INT16","INT16","request_variant_no_typed_data_input","0","length:INT32=100|sym:BOOL=true",,,,"7f7d081aa0af5dfac9cbd2114e6e1ae81fa1069a67d6310ffd6db02c7f813864",,,,"FP64",,,,,,,,"PASS","OK"
"stage08","stage08_table_rerun_parzen_47ebe13410d3","formal","dtype_and_input_contract","runs/stage08_table_rerun_parzen_47ebe13410d3/formal/20260810T032032Z_47ebe13410d3_stage08_b02_formal_88200013/operator_dtype_evidence_parzen_not_applicable_20260810T032032Z_47ebe13410d3_stage08_b02_formal_88200013.csv","20260810T032032Z_47ebe13410d3_stage08_b02_formal_88200013","parzen__parzen_int16_10e2__dcd591d59c1c4f03__periodic","parzen","INT16","INT16","request_variant_no_typed_data_input","0","length:INT32=100|sym:BOOL=false",,,,"dcd591d59c1c4f0312f128d800410df4856990f61a8c1880dc74ce18946cc2c7",,,,"FP64",,,,,,,,"PASS","OK"
"stage08","stage08_table_rerun_parzen_47ebe13410d3","formal","dtype_and_input_contract","runs/stage08_table_rerun_parzen_47ebe13410d3/formal/20260810T032032Z_47ebe13410d3_stage08_b02_formal_88200014/operator_dtype_evidence_parzen_not_applicable_20260810T032032Z_47ebe13410d3_stage08_b02_formal_88200014.csv","20260810T032032Z_47ebe13410d3_stage08_b02_formal_88200014","parzen__parzen_int16_10e3__6da158ece72508d2__sym","parzen","INT16","INT16","request_variant_no_typed_data_input","0","length:INT32=1000|sym:BOOL=true",,,,"6da158ece72508d29649124d2d289624f6020920ecb9c5233ac6aa50ef535fe7",,,,"FP64",,,,,,,,"PASS","OK"
"stage08","stage08_table_rerun_parzen_47ebe13410d3","formal","dtype_and_input_contract","runs/stage08_table_rerun_parzen_47ebe13410d3/formal/20260810T032032Z_47ebe13410d3_stage08_b02_formal_88200015/operator_dtype_evidence_parzen_not_applicable_20260810T032032Z_47ebe13410d3_stage08_b02_formal_88200015.csv","20260810T032032Z_47ebe13410d3_stage08_b02_formal_88200015","parzen__parzen_int16_10e3__2c38ec22bc77639b__periodic","parzen","INT16","INT16","request_variant_no_typed_data_input","0","length:INT32=1000|sym:BOOL=false",,,,"2c38ec22bc77639b93e2a6d9754d3f2496f591bfbe0e68f1bc4d9177dfcd796d",,,,"FP64",,,,,,,,"PASS","OK"
"stage08","stage08_table_rerun_parzen_47ebe13410d3","formal","dtype_and_input_contract","runs/stage08_table_rerun_parzen_47ebe13410d3/formal/20260810T032032Z_47ebe13410d3_stage08_b02_formal_88200016/operator_dtype_evidence_parzen_not_applicable_20260810T032032Z_47ebe13410d3_stage08_b02_formal_88200016.csv","20260810T032032Z_47ebe13410d3_stage08_b02_formal_88200016","parzen__parzen_int16_10e4__cadad88e333e0a70__sym","parzen","INT16","INT16","request_variant_no_typed_data_input","0","length:INT32=10000|sym:BOOL=true",,,,"cadad88e333e0a70670079f972e771752bdabf67365c62ae56f8a799cc6ee292",,,,"FP64",,,,,,,,"PASS","OK"
"stage08","stage08_table_rerun_parzen_47ebe13410d3","formal","dtype_and_input_contract","runs/stage08_table_rerun_parzen_47ebe13410d3/formal/20260810T032033Z_47ebe13410d3_stage08_b02_formal_88200017/operator_dtype_evidence_parzen_not_applicable_20260810T032033Z_47ebe13410d3_stage08_b02_formal_88200017.csv","20260810T032033Z_47ebe13410d3_stage08_b02_formal_88200017","parzen__parzen_int16_10e4__76494d2bef81be4b__periodic","parzen","INT16","INT16","request_variant_no_typed_data_input","0","length:INT32=10000|sym:BOOL=false",,,,"76494d2bef81be4babb51863b4a08c8e06a6b0ede8b9d8b479d3302163638ae0",,,,"FP64",,,,,,,,"PASS","OK"
"stage08","stage08_table_rerun_parzen_47ebe13410d3","formal","dtype_and_input_contract","runs/stage08_table_rerun_parzen_47ebe13410d3/formal/20260810T032033Z_47ebe13410d3_stage08_b02_formal_88200018/operator_dtype_evidence_parzen_not_applicable_20260810T032033Z_47ebe13410d3_stage08_b02_formal_88200018.csv","20260810T032033Z_47ebe13410d3_stage08_b02_formal_88200018","parzen__parzen_int8_10e2__7f7d081aa0af5dfa__sym","parzen","INT8","INT8","request_variant_no_typed_data_input","0","length:INT32=100|sym:BOOL=true",,,,"7f7d081aa0af5dfac9cbd2114e6e1ae81fa1069a67d6310ffd6db02c7f813864",,,,"FP64",,,,,,,,"PASS","OK"
"stage08","stage08_table_rerun_parzen_47ebe13410d3","formal","dtype_and_input_contract","runs/stage08_table_rerun_parzen_47ebe13410d3/formal/20260810T032033Z_47ebe13410d3_stage08_b02_formal_88200019/operator_dtype_evidence_parzen_not_applicable_20260810T032033Z_47ebe13410d3_stage08_b02_formal_88200019.csv","20260810T032033Z_47ebe13410d3_stage08_b02_formal_88200019","parzen__parzen_int8_10e2__dcd591d59c1c4f03__periodic","parzen","INT8","INT8","request_variant_no_typed_data_input","0","length:INT32=100|sym:BOOL=false",,,,"dcd591d59c1c4f0312f128d800410df4856990f61a8c1880dc74ce18946cc2c7",,,,"FP64",,,,,,,,"PASS","OK"
"stage08","stage08_table_rerun_parzen_47ebe13410d3","formal","dtype_and_input_contract","runs/stage08_table_rerun_parzen_47ebe13410d3/formal/20260810T032033Z_47ebe13410d3_stage08_b02_formal_8820001a/operator_dtype_evidence_parzen_not_applicable_20260810T032033Z_47ebe13410d3_stage08_b02_formal_8820001a.csv","20260810T032033Z_47ebe13410d3_stage08_b02_formal_8820001a","parzen__parzen_int8_10e3__6da158ece72508d2__sym","parzen","INT8","INT8","request_variant_no_typed_data_input","0","length:INT32=1000|sym:BOOL=true",,,,"6da158ece72508d29649124d2d289624f6020920ecb9c5233ac6aa50ef535fe7",,,,"FP64",,,,,,,,"PASS","OK"
"stage08","stage08_table_rerun_parzen_47ebe13410d3","formal","dtype_and_input_contract","runs/stage08_table_rerun_parzen_47ebe13410d3/formal/20260810T032033Z_47ebe13410d3_stage08_b02_formal_8820001b/operator_dtype_evidence_parzen_not_applicable_20260810T032033Z_47ebe13410d3_stage08_b02_formal_8820001b.csv","20260810T032033Z_47ebe13410d3_stage08_b02_formal_8820001b","parzen__parzen_int8_10e3__2c38ec22bc77639b__periodic","parzen","INT8","INT8","request_variant_no_typed_data_input","0","length:INT32=1000|sym:BOOL=false",,,,"2c38ec22bc77639b93e2a6d9754d3f2496f591bfbe0e68f1bc4d9177dfcd796d",,,,"FP64",,,,,,,,"PASS","OK"
"stage08","stage08_table_rerun_parzen_47ebe13410d3","formal","dtype_and_input_contract","runs/stage08_table_rerun_parzen_47ebe13410d3/formal/20260810T032033Z_47ebe13410d3_stage08_b02_formal_8820001c/operator_dtype_evidence_parzen_not_applicable_20260810T032033Z_47ebe13410d3_stage08_b02_formal_8820001c.csv","20260810T032033Z_47ebe13410d3_stage08_b02_formal_8820001c","parzen__parzen_int8_10e4__cadad88e333e0a70__sym","parzen","INT8","INT8","request_variant_no_typed_data_input","0","length:INT32=10000|sym:BOOL=true",,,,"cadad88e333e0a70670079f972e771752bdabf67365c62ae56f8a799cc6ee292",,,,"FP64",,,,,,,,"PASS","OK"
"stage08","stage08_table_rerun_parzen_47ebe13410d3","formal","dtype_and_input_contract","runs/stage08_table_rerun_parzen_47ebe13410d3/formal/20260810T032033Z_47ebe13410d3_stage08_b02_formal_8820001d/operator_dtype_evidence_parzen_not_applicable_20260810T032033Z_47ebe13410d3_stage08_b02_formal_8820001d.csv","20260810T032033Z_47ebe13410d3_stage08_b02_formal_8820001d","parzen__parzen_int8_10e4__76494d2bef81be4b__periodic","parzen","INT8","INT8","request_variant_no_typed_data_input","0","length:INT32=10000|sym:BOOL=false",,,,"76494d2bef81be4babb51863b4a08c8e06a6b0ede8b9d8b479d3302163638ae0",,,,"FP64",,,,,,,,"PASS","OK"
"stage08","stage08_table_rerun_resample_47ebe13410d3","formal","dtype_and_input_contract","runs/stage08_table_rerun_resample_47ebe13410d3/formal/20260810T033024Z_47ebe13410d3_stage08_b03_formal_88330000/operator_dtype_evidence_resample_fft_thrust_20260810T033024Z_47ebe13410d3_stage08_b03_formal_88330000.csv","20260810T033024Z_47ebe13410d3_stage08_b03_formal_88330000","resample__resample_fp32_10e2__7045139dd4540c19","resample","FP32",,"actual_typed_array_input_fp32_fft_resample_extension","1","x:FP32:[100]:bytes=400:sha256=7045139dd4540c19df872dfd05ef8f4a78ba4bd84b9bfd42b83cccf0b47ea486",,,,"7045139dd4540c19df872dfd05ef8f4a78ba4bd84b9bfd42b83cccf0b47ea486","FP32",,"ComplexFP32","FP32",,,,,,,,"PASS","OK"
"stage08","stage08_table_rerun_resample_47ebe13410d3","formal","dtype_and_input_contract","runs/stage08_table_rerun_resample_47ebe13410d3/formal/20260810T033026Z_47ebe13410d3_stage08_b03_formal_88330001/operator_dtype_evidence_resample_fft_thrust_20260810T033026Z_47ebe13410d3_stage08_b03_formal_88330001.csv","20260810T033026Z_47ebe13410d3_stage08_b03_formal_88330001","resample__resample_fp32_10e3__ec3ac263d453ce8f","resample","FP32",,"actual_typed_array_input_fp32_fft_resample_extension","1","x:FP32:[1024]:bytes=4096:sha256=ec3ac263d453ce8fe4e6e158363ed9cb286857cd644590bc6579942f6d10483d",,,,"ec3ac263d453ce8fe4e6e158363ed9cb286857cd644590bc6579942f6d10483d","FP32",,"ComplexFP32","FP32",,,,,,,,"PASS","OK"
"stage08","stage08_table_rerun_resample_47ebe13410d3","formal","dtype_and_input_contract","runs/stage08_table_rerun_resample_47ebe13410d3/formal/20260810T033029Z_47ebe13410d3_stage08_b03_formal_88330002/operator_dtype_evidence_resample_fft_thrust_20260810T033029Z_47ebe13410d3_stage08_b03_formal_88330002.csv","20260810T033029Z_47ebe13410d3_stage08_b03_formal_88330002","resample__resample_fp32_10e4__ce174710619f4e99","resample","FP32",,"actual_typed_array_input_fp32_fft_resample_extension","1","x:FP32:[10000]:bytes=40000:sha256=ce174710619f4e997b8007e562ff0287979739f731efbebdf6cb078ec141d132",,,,"ce174710619f4e997b8007e562ff0287979739f731efbebdf6cb078ec141d132","FP32",,"ComplexFP32","FP32",,,,,,,,"PASS","OK"
"stage08","stage08_table_rerun_resample_47ebe13410d3","formal","dtype_and_input_contract","runs/stage08_table_rerun_resample_47ebe13410d3/formal/20260810T033044Z_47ebe13410d3_stage08_b03_formal_88330003/operator_dtype_evidence_resample_fft_thrust_20260810T033044Z_47ebe13410d3_stage08_b03_formal_88330003.csv","20260810T033044Z_47ebe13410d3_stage08_b03_formal_88330003","resample__resample_fp16_10e2__1ab2d161a63245d6","resample","FP16",,"actual_typed_array_input_fp32_fft_resample_extension","1","x:FP16:[100]:bytes=200:sha256=1ab2d161a63245d62dd9b8124fe25d066207f0fe85b5d73a32a1fa26a2b8cf78",,,,"1ab2d161a63245d62dd9b8124fe25d066207f0fe85b5d73a32a1fa26a2b8cf78","FP32",,"ComplexFP32","FP32",,,,,,,,"PASS","OK"
"stage08","stage08_table_rerun_resample_47ebe13410d3","formal","dtype_and_input_contract","runs/stage08_table_rerun_resample_47ebe13410d3/formal/20260810T033046Z_47ebe13410d3_stage08_b03_formal_88330004/operator_dtype_evidence_resample_fft_thrust_20260810T033046Z_47ebe13410d3_stage08_b03_formal_88330004.csv","20260810T033046Z_47ebe13410d3_stage08_b03_formal_88330004","resample__resample_fp16_10e3__8845f580c769b80a","resample","FP16",,"actual_typed_array_input_fp32_fft_resample_extension","1","x:FP16:[1024]:bytes=2048:sha256=8845f580c769b80a1e01e2198f5b4a25119140e997bf39fa8f2afcde3d965056",,,,"8845f580c769b80a1e01e2198f5b4a25119140e997bf39fa8f2afcde3d965056","FP32",,"ComplexFP32","FP32",,,,,,,,"PASS","OK"
"stage08","stage08_table_rerun_resample_47ebe13410d3","formal","dtype_and_input_contract","runs/stage08_table_rerun_resample_47ebe13410d3/formal/20260810T033049Z_47ebe13410d3_stage08_b03_formal_88330005/operator_dtype_evidence_resample_fft_thrust_20260810T033049Z_47ebe13410d3_stage08_b03_formal_88330005.csv","20260810T033049Z_47ebe13410d3_stage08_b03_formal_88330005","resample__resample_fp16_10e4__106fe9054668bfea","resample","FP16",,"actual_typed_array_input_fp32_fft_resample_extension","1","x:FP16:[10000]:bytes=20000:sha256=106fe9054668bfeaac884ce20c4d3efb73858a4e8f310cb799907406b1f6813f",,,,"106fe9054668bfeaac884ce20c4d3efb73858a4e8f310cb799907406b1f6813f","FP32",,"ComplexFP32","FP32",,,,,,,,"PASS","OK"
"stage08","stage08_table_rerun_resample_47ebe13410d3","formal","dtype_and_input_contract","runs/stage08_table_rerun_resample_47ebe13410d3/formal/20260810T033103Z_47ebe13410d3_stage08_b03_formal_88330006/operator_dtype_evidence_resample_fft_thrust_20260810T033103Z_47ebe13410d3_stage08_b03_formal_88330006.csv","20260810T033103Z_47ebe13410d3_stage08_b03_formal_88330006","resample__resample_int32_10e2__a5ccb7459ef721bb","resample","INT32",,"actual_typed_array_input_fp32_fft_resample_extension","1","x:INT32:[100]:bytes=400:sha256=a5ccb7459ef721bbc26cedd58510d14ec39aec9fa720b6b7c797c8b743a33239",,,,"a5ccb7459ef721bbc26cedd58510d14ec39aec9fa720b6b7c797c8b743a33239","FP32",,"ComplexFP32","FP64",,,,,,,,"PASS","OK"
"stage08","stage08_table_rerun_resample_47ebe13410d3","formal","dtype_and_input_contract","runs/stage08_table_rerun_resample_47ebe13410d3/formal/20260810T033106Z_47ebe13410d3_stage08_b03_formal_88330007/operator_dtype_evidence_resample_fft_thrust_20260810T033106Z_47ebe13410d3_stage08_b03_formal_88330007.csv","20260810T033106Z_47ebe13410d3_stage08_b03_formal_88330007","resample__resample_int32_10e3__146ac43aa56a927f","resample","INT32",,"actual_typed_array_input_fp32_fft_resample_extension","1","x:INT32:[1024]:bytes=4096:sha256=146ac43aa56a927fc15369a1685697fbbd150e07551061aa8c2a002e37610143",,,,"146ac43aa56a927fc15369a1685697fbbd150e07551061aa8c2a002e37610143","FP32",,"ComplexFP32","FP64",,,,,,,,"PASS","OK"
"stage08","stage08_table_rerun_resample_47ebe13410d3","formal","dtype_and_input_contract","runs/stage08_table_rerun_resample_47ebe13410d3/formal/20260810T033110Z_47ebe13410d3_stage08_b03_formal_88330008/operator_dtype_evidence_resample_fft_thrust_20260810T033110Z_47ebe13410d3_stage08_b03_formal_88330008.csv","20260810T033110Z_47ebe13410d3_stage08_b03_formal_88330008","resample__resample_int32_10e4__eeda08451366db28","resample","INT32",,"actual_typed_array_input_fp32_fft_resample_extension","1","x:INT32:[10000]:bytes=40000:sha256=eeda08451366db28b93bad52a32af5545be474f8cb3159c9e55365a010482ce8",,,,"eeda08451366db28b93bad52a32af5545be474f8cb3159c9e55365a010482ce8","FP32",,"ComplexFP32","FP64",,,,,,,,"PASS","OK"
"stage08","stage08_table_rerun_resample_47ebe13410d3","formal","dtype_and_input_contract","runs/stage08_table_rerun_resample_47ebe13410d3/formal/20260810T033124Z_47ebe13410d3_stage08_b03_formal_88330009/operator_dtype_evidence_resample_fft_thrust_20260810T033124Z_47ebe13410d3_stage08_b03_formal_88330009.csv","20260810T033124Z_47ebe13410d3_stage08_b03_formal_88330009","resample__resample_int16_10e2__f8633ac1bdd4a2e9","resample","INT16",,"actual_typed_array_input_fp32_fft_resample_extension","1","x:INT16:[100]:bytes=200:sha256=f8633ac1bdd4a2e94e9c5998cef58f8038a51c8457a2f2132f49994491e3094e",,,,"f8633ac1bdd4a2e94e9c5998cef58f8038a51c8457a2f2132f49994491e3094e","FP32",,"ComplexFP32","FP64",,,,,,,,"PASS","OK"
"stage08","stage08_table_rerun_resample_47ebe13410d3","formal","dtype_and_input_contract","runs/stage08_table_rerun_resample_47ebe13410d3/formal/20260810T033126Z_47ebe13410d3_stage08_b03_formal_8833000a/operator_dtype_evidence_resample_fft_thrust_20260810T033126Z_47ebe13410d3_stage08_b03_formal_8833000a.csv","20260810T033126Z_47ebe13410d3_stage08_b03_formal_8833000a","resample__resample_int16_10e3__69011c40e0cc379c","resample","INT16",,"actual_typed_array_input_fp32_fft_resample_extension","1","x:INT16:[1024]:bytes=2048:sha256=69011c40e0cc379c01951c64389f79f1557e4ba5c4247dc5a4df32c9066ac11c",,,,"69011c40e0cc379c01951c64389f79f1557e4ba5c4247dc5a4df32c9066ac11c","FP32",,"ComplexFP32","FP64",,,,,,,,"PASS","OK"
"stage08","stage08_table_rerun_resample_47ebe13410d3","formal","dtype_and_input_contract","runs/stage08_table_rerun_resample_47ebe13410d3/formal/20260810T033130Z_47ebe13410d3_stage08_b03_formal_8833000b/operator_dtype_evidence_resample_fft_thrust_20260810T033130Z_47ebe13410d3_stage08_b03_formal_8833000b.csv","20260810T033130Z_47ebe13410d3_stage08_b03_formal_8833000b","resample__resample_int16_10e4__9b51e3a1549ddaa4","resample","INT16",,"actual_typed_array_input_fp32_fft_resample_extension","1","x:INT16:[10000]:bytes=20000:sha256=9b51e3a1549ddaa4be6442ea6ca4a4660caa5835fc587b3caf255a3b43d827c0",,,,"9b51e3a1549ddaa4be6442ea6ca4a4660caa5835fc587b3caf255a3b43d827c0","FP32",,"ComplexFP32","FP64",,,,,,,,"PASS","OK"
"stage08","stage08_table_rerun_resample_47ebe13410d3","formal","dtype_and_input_contract","runs/stage08_table_rerun_resample_47ebe13410d3/formal/20260810T033144Z_47ebe13410d3_stage08_b03_formal_8833000c/operator_dtype_evidence_resample_fft_thrust_20260810T033144Z_47ebe13410d3_stage08_b03_formal_8833000c.csv","20260810T033144Z_47ebe13410d3_stage08_b03_formal_8833000c","resample__resample_int8_10e2__67539ccecec46f7c","resample","INT8",,"actual_typed_array_input_fp32_fft_resample_extension","1","x:INT8:[100]:bytes=100:sha256=67539ccecec46f7cc4d848b546660cd66a3f8ad545048d382399370c10ea4b40",,,,"67539ccecec46f7cc4d848b546660cd66a3f8ad545048d382399370c10ea4b40","FP32",,"ComplexFP32","FP64",,,,,,,,"PASS","OK"
"stage08","stage08_table_rerun_resample_47ebe13410d3","formal","dtype_and_input_contract","runs/stage08_table_rerun_resample_47ebe13410d3/formal/20260810T033146Z_47ebe13410d3_stage08_b03_formal_8833000d/operator_dtype_evidence_resample_fft_thrust_20260810T033146Z_47ebe13410d3_stage08_b03_formal_8833000d.csv","20260810T033146Z_47ebe13410d3_stage08_b03_formal_8833000d","resample__resample_int8_10e3__d7f6f34246c6d599","resample","INT8",,"actual_typed_array_input_fp32_fft_resample_extension","1","x:INT8:[1024]:bytes=1024:sha256=d7f6f34246c6d599699efc0e69b861470f30dee8c380d05b56001f825ad372c4",,,,"d7f6f34246c6d599699efc0e69b861470f30dee8c380d05b56001f825ad372c4","FP32",,"ComplexFP32","FP64",,,,,,,,"PASS","OK"
"stage08","stage08_table_rerun_resample_47ebe13410d3","formal","dtype_and_input_contract","runs/stage08_table_rerun_resample_47ebe13410d3/formal/20260810T033150Z_47ebe13410d3_stage08_b03_formal_8833000e/operator_dtype_evidence_resample_fft_thrust_20260810T033150Z_47ebe13410d3_stage08_b03_formal_8833000e.csv","20260810T033150Z_47ebe13410d3_stage08_b03_formal_8833000e","resample__resample_int8_10e4__876d5cd7fa774bec","resample","INT8",,"actual_typed_array_input_fp32_fft_resample_extension","1","x:INT8:[10000]:bytes=10000:sha256=876d5cd7fa774becfc5e928bbf56a191e5651b0626e32e88f8b8303a7fb05bae",,,,"876d5cd7fa774becfc5e928bbf56a191e5651b0626e32e88f8b8303a7fb05bae","FP32",,"ComplexFP32","FP64",,,,,,,,"PASS","OK"
"stage08","stage08_table_rerun_taylor_47ebe13410d3","formal","dtype_and_input_contract","runs/stage08_table_rerun_taylor_47ebe13410d3/formal/20260810T032037Z_47ebe13410d3_stage08_b02_formal_88210000/operator_dtype_evidence_taylor_not_applicable_20260810T032037Z_47ebe13410d3_stage08_b02_formal_88210000.csv","20260810T032037Z_47ebe13410d3_stage08_b02_formal_88210000","taylor__taylor_fp32_10e2__3137a27866a19941__sym","taylor","FP32","FP32","actual_typed_scalar_input","1","length:INT32=100|sym:BOOL=true|sidelobe_level_db:FP32:bytes=0000f041",,,,"3137a27866a19941acdc1cc33f184a349cd02d72175ccf8b3e87aca7a431cb7d",,,,"FP64",,,,,,,,"PASS","OK"
"stage08","stage08_table_rerun_taylor_47ebe13410d3","formal","dtype_and_input_contract","runs/stage08_table_rerun_taylor_47ebe13410d3/formal/20260810T032037Z_47ebe13410d3_stage08_b02_formal_88210001/operator_dtype_evidence_taylor_not_applicable_20260810T032037Z_47ebe13410d3_stage08_b02_formal_88210001.csv","20260810T032037Z_47ebe13410d3_stage08_b02_formal_88210001","taylor__taylor_fp32_10e2__b5ccf2fc290aa6b7__periodic","taylor","FP32","FP32","actual_typed_scalar_input","1","length:INT32=100|sym:BOOL=false|sidelobe_level_db:FP32:bytes=0000f041",,,,"b5ccf2fc290aa6b709e94f669df05bd4cf1379553f291ccea99584df95df4669",,,,"FP64",,,,,,,,"PASS","OK"
"stage08","stage08_table_rerun_taylor_47ebe13410d3","formal","dtype_and_input_contract","runs/stage08_table_rerun_taylor_47ebe13410d3/formal/20260810T032037Z_47ebe13410d3_stage08_b02_formal_88210002/operator_dtype_evidence_taylor_not_applicable_20260810T032037Z_47ebe13410d3_stage08_b02_formal_88210002.csv","20260810T032037Z_47ebe13410d3_stage08_b02_formal_88210002","taylor__taylor_fp32_10e3__fafcf120c6885f09__sym","taylor","FP32","FP32","actual_typed_scalar_input","1","length:INT32=1000|sym:BOOL=true|sidelobe_level_db:FP32:bytes=0000f041",,,,"fafcf120c6885f098648cbc3781c53d1015daeb09944f29e400d8be4fd82c624",,,,"FP64",,,,,,,,"PASS","OK"
"stage08","stage08_table_rerun_taylor_47ebe13410d3","formal","dtype_and_input_contract","runs/stage08_table_rerun_taylor_47ebe13410d3/formal/20260810T032037Z_47ebe13410d3_stage08_b02_formal_88210003/operator_dtype_evidence_taylor_not_applicable_20260810T032037Z_47ebe13410d3_stage08_b02_formal_88210003.csv","20260810T032037Z_47ebe13410d3_stage08_b02_formal_88210003","taylor__taylor_fp32_10e3__6ccda7dd661da86c__periodic","taylor","FP32","FP32","actual_typed_scalar_input","1","length:INT32=1000|sym:BOOL=false|sidelobe_level_db:FP32:bytes=0000f041",,,,"6ccda7dd661da86cea99b0334d86927a2a18fb3531cef73a39fee5d9c0bf8dc4",,,,"FP64",,,,,,,,"PASS","OK"
"stage08","stage08_table_rerun_taylor_47ebe13410d3","formal","dtype_and_input_contract","runs/stage08_table_rerun_taylor_47ebe13410d3/formal/20260810T032037Z_47ebe13410d3_stage08_b02_formal_88210004/operator_dtype_evidence_taylor_not_applicable_20260810T032037Z_47ebe13410d3_stage08_b02_formal_88210004.csv","20260810T032037Z_47ebe13410d3_stage08_b02_formal_88210004","taylor__taylor_fp32_10e4__b34b6ff39925c221__sym","taylor","FP32","FP32","actual_typed_scalar_input","1","length:INT32=10000|sym:BOOL=true|sidelobe_level_db:FP32:bytes=0000f041",,,,"b34b6ff39925c22171467d5d7514b47d8c3c0a5f3420fb5f895d7cf941e2d9e6",,,,"FP64",,,,,,,,"PASS","OK"
"stage08","stage08_table_rerun_taylor_47ebe13410d3","formal","dtype_and_input_contract","runs/stage08_table_rerun_taylor_47ebe13410d3/formal/20260810T032038Z_47ebe13410d3_stage08_b02_formal_88210005/operator_dtype_evidence_taylor_not_applicable_20260810T032038Z_47ebe13410d3_stage08_b02_formal_88210005.csv","20260810T032038Z_47ebe13410d3_stage08_b02_formal_88210005","taylor__taylor_fp32_10e4__dbf030732937dd65__periodic","taylor","FP32","FP32","actual_typed_scalar_input","1","length:INT32=10000|sym:BOOL=false|sidelobe_level_db:FP32:bytes=0000f041",,,,"dbf030732937dd65897a544c3ea100cd9cebb1d5149426fa1f0b7a7345a1f105",,,,"FP64",,,,,,,,"PASS","OK"
"stage08","stage08_table_rerun_taylor_47ebe13410d3","formal","dtype_and_input_contract","runs/stage08_table_rerun_taylor_47ebe13410d3/formal/20260810T032038Z_47ebe13410d3_stage08_b02_formal_88210006/operator_dtype_evidence_taylor_not_applicable_20260810T032038Z_47ebe13410d3_stage08_b02_formal_88210006.csv","20260810T032038Z_47ebe13410d3_stage08_b02_formal_88210006","taylor__taylor_fp16_10e2__531efa49a738157b__sym","taylor","FP16","FP16","actual_typed_scalar_input","1","length:INT32=100|sym:BOOL=true|sidelobe_level_db:FP16:bytes=804f",,,,"531efa49a738157bc75b4ac6d47040fd154d0b79a53745405822eb6691a21df7",,,,"FP64",,,,,,,,"PASS","OK"
"stage08","stage08_table_rerun_taylor_47ebe13410d3","formal","dtype_and_input_contract","runs/stage08_table_rerun_taylor_47ebe13410d3/formal/20260810T032038Z_47ebe13410d3_stage08_b02_formal_88210007/operator_dtype_evidence_taylor_not_applicable_20260810T032038Z_47ebe13410d3_stage08_b02_formal_88210007.csv","20260810T032038Z_47ebe13410d3_stage08_b02_formal_88210007","taylor__taylor_fp16_10e2__f2b474e4e4d5c878__periodic","taylor","FP16","FP16","actual_typed_scalar_input","1","length:INT32=100|sym:BOOL=false|sidelobe_level_db:FP16:bytes=804f",,,,"f2b474e4e4d5c878c16fae0dd426b937800997b6e1152624be55b7022378e4e3",,,,"FP64",,,,,,,,"PASS","OK"
"stage08","stage08_table_rerun_taylor_47ebe13410d3","formal","dtype_and_input_contract","runs/stage08_table_rerun_taylor_47ebe13410d3/formal/20260810T032038Z_47ebe13410d3_stage08_b02_formal_88210008/operator_dtype_evidence_taylor_not_applicable_20260810T032038Z_47ebe13410d3_stage08_b02_formal_88210008.csv","20260810T032038Z_47ebe13410d3_stage08_b02_formal_88210008","taylor__taylor_fp16_10e3__c94690d60245dd2d__sym","taylor","FP16","FP16","actual_typed_scalar_input","1","length:INT32=1000|sym:BOOL=true|sidelobe_level_db:FP16:bytes=804f",,,,"c94690d60245dd2dcc4c4eb3ac1384068ae4bea817257d0c0dfd8ec48f8558bc",,,,"FP64",,,,,,,,"PASS","OK"
"stage08","stage08_table_rerun_taylor_47ebe13410d3","formal","dtype_and_input_contract","runs/stage08_table_rerun_taylor_47ebe13410d3/formal/20260810T032038Z_47ebe13410d3_stage08_b02_formal_88210009/operator_dtype_evidence_taylor_not_applicable_20260810T032038Z_47ebe13410d3_stage08_b02_formal_88210009.csv","20260810T032038Z_47ebe13410d3_stage08_b02_formal_88210009","taylor__taylor_fp16_10e3__7feaa30b95029e27__periodic","taylor","FP16","FP16","actual_typed_scalar_input","1","length:INT32=1000|sym:BOOL=false|sidelobe_level_db:FP16:bytes=804f",,,,"7feaa30b95029e272dbcf4f5d401413d1a4dd9db354fe073f99aaab0fbcb3d59",,,,"FP64",,,,,,,,"PASS","OK"
"stage08","stage08_table_rerun_taylor_47ebe13410d3","formal","dtype_and_input_contract","runs/stage08_table_rerun_taylor_47ebe13410d3/formal/20260810T032038Z_47ebe13410d3_stage08_b02_formal_8821000a/operator_dtype_evidence_taylor_not_applicable_20260810T032038Z_47ebe13410d3_stage08_b02_formal_8821000a.csv","20260810T032038Z_47ebe13410d3_stage08_b02_formal_8821000a","taylor__taylor_fp16_10e4__69c07abeaca58afa__sym","taylor","FP16","FP16","actual_typed_scalar_input","1","length:INT32=10000|sym:BOOL=true|sidelobe_level_db:FP16:bytes=804f",,,,"69c07abeaca58afa2c2f82ff3cba7e9ef716d3ea6e3ce84e3b0a59f5ea712a53",,,,"FP64",,,,,,,,"PASS","OK"
"stage08","stage08_table_rerun_taylor_47ebe13410d3","formal","dtype_and_input_contract","runs/stage08_table_rerun_taylor_47ebe13410d3/formal/20260810T032039Z_47ebe13410d3_stage08_b02_formal_8821000b/operator_dtype_evidence_taylor_not_applicable_20260810T032039Z_47ebe13410d3_stage08_b02_formal_8821000b.csv","20260810T032039Z_47ebe13410d3_stage08_b02_formal_8821000b","taylor__taylor_fp16_10e4__13b4d15c5222845e__periodic","taylor","FP16","FP16","actual_typed_scalar_input","1","length:INT32=10000|sym:BOOL=false|sidelobe_level_db:FP16:bytes=804f",,,,"13b4d15c5222845ed10b9bda0f3bc256db1c82dda741a64fb8c3d009f3f5ac5f",,,,"FP64",,,,,,,,"PASS","OK"
"stage08","stage08_table_rerun_taylor_47ebe13410d3","formal","dtype_and_input_contract","runs/stage08_table_rerun_taylor_47ebe13410d3/formal/20260810T032039Z_47ebe13410d3_stage08_b02_formal_8821000c/operator_dtype_evidence_taylor_not_applicable_20260810T032039Z_47ebe13410d3_stage08_b02_formal_8821000c.csv","20260810T032039Z_47ebe13410d3_stage08_b02_formal_8821000c","taylor__taylor_int32_10e2__90574fd8db22528f__sym","taylor","INT32","INT32","actual_typed_scalar_input","1","length:INT32=100|sym:BOOL=true|sidelobe_level_db:INT32:bytes=1e000000",,,,"90574fd8db22528f38c31787ee5ab30e47a646cab990b7ad3288351748b48fb6",,,,"FP64",,,,,,,,"PASS","OK"
"stage08","stage08_table_rerun_taylor_47ebe13410d3","formal","dtype_and_input_contract","runs/stage08_table_rerun_taylor_47ebe13410d3/formal/20260810T032039Z_47ebe13410d3_stage08_b02_formal_8821000d/operator_dtype_evidence_taylor_not_applicable_20260810T032039Z_47ebe13410d3_stage08_b02_formal_8821000d.csv","20260810T032039Z_47ebe13410d3_stage08_b02_formal_8821000d","taylor__taylor_int32_10e2__8095015959f43121__periodic","taylor","INT32","INT32","actual_typed_scalar_input","1","length:INT32=100|sym:BOOL=false|sidelobe_level_db:INT32:bytes=1e000000",,,,"8095015959f43121dc3a27f1a4bcd54be627356eaf7e5c2359d83fcde05a0aed",,,,"FP64",,,,,,,,"PASS","OK"
"stage08","stage08_table_rerun_taylor_47ebe13410d3","formal","dtype_and_input_contract","runs/stage08_table_rerun_taylor_47ebe13410d3/formal/20260810T032039Z_47ebe13410d3_stage08_b02_formal_8821000e/operator_dtype_evidence_taylor_not_applicable_20260810T032039Z_47ebe13410d3_stage08_b02_formal_8821000e.csv","20260810T032039Z_47ebe13410d3_stage08_b02_formal_8821000e","taylor__taylor_int32_10e3__5a769b2aa50de2f2__sym","taylor","INT32","INT32","actual_typed_scalar_input","1","length:INT32=1000|sym:BOOL=true|sidelobe_level_db:INT32:bytes=1e000000",,,,"5a769b2aa50de2f26b22dbce32462c71231f481c55003a8b4e7c6f8598a4fee9",,,,"FP64",,,,,,,,"PASS","OK"
"stage08","stage08_table_rerun_taylor_47ebe13410d3","formal","dtype_and_input_contract","runs/stage08_table_rerun_taylor_47ebe13410d3/formal/20260810T032040Z_47ebe13410d3_stage08_b02_formal_8821000f/operator_dtype_evidence_taylor_not_applicable_20260810T032040Z_47ebe13410d3_stage08_b02_formal_8821000f.csv","20260810T032040Z_47ebe13410d3_stage08_b02_formal_8821000f","taylor__taylor_int32_10e3__6865701d91df6ab0__periodic","taylor","INT32","INT32","actual_typed_scalar_input","1","length:INT32=1000|sym:BOOL=false|sidelobe_level_db:INT32:bytes=1e000000",,,,"6865701d91df6ab0bb9333b2cb2122067da98b942ba04d0a5cc70a0966768613",,,,"FP64",,,,,,,,"PASS","OK"
"stage08","stage08_table_rerun_taylor_47ebe13410d3","formal","dtype_and_input_contract","runs/stage08_table_rerun_taylor_47ebe13410d3/formal/20260810T032040Z_47ebe13410d3_stage08_b02_formal_88210010/operator_dtype_evidence_taylor_not_applicable_20260810T032040Z_47ebe13410d3_stage08_b02_formal_88210010.csv","20260810T032040Z_47ebe13410d3_stage08_b02_formal_88210010","taylor__taylor_int32_10e4__ce2d884d99be0401__sym","taylor","INT32","INT32","actual_typed_scalar_input","1","length:INT32=10000|sym:BOOL=true|sidelobe_level_db:INT32:bytes=1e000000",,,,"ce2d884d99be04018f12f71d9ecaa464578325e01e854eaa2766ad85dcbc58db",,,,"FP64",,,,,,,,"PASS","OK"
"stage08","stage08_table_rerun_taylor_47ebe13410d3","formal","dtype_and_input_contract","runs/stage08_table_rerun_taylor_47ebe13410d3/formal/20260810T032040Z_47ebe13410d3_stage08_b02_formal_88210011/operator_dtype_evidence_taylor_not_applicable_20260810T032040Z_47ebe13410d3_stage08_b02_formal_88210011.csv","20260810T032040Z_47ebe13410d3_stage08_b02_formal_88210011","taylor__taylor_int32_10e4__6a765eea355c67ab__periodic","taylor","INT32","INT32","actual_typed_scalar_input","1","length:INT32=10000|sym:BOOL=false|sidelobe_level_db:INT32:bytes=1e000000",,,,"6a765eea355c67abaefd730999f28200f741f5c07632574ec50542746b64f2ee",,,,"FP64",,,,,,,,"PASS","OK"
"stage08","stage08_table_rerun_taylor_47ebe13410d3","formal","dtype_and_input_contract","runs/stage08_table_rerun_taylor_47ebe13410d3/formal/20260810T032040Z_47ebe13410d3_stage08_b02_formal_88210012/operator_dtype_evidence_taylor_not_applicable_20260810T032040Z_47ebe13410d3_stage08_b02_formal_88210012.csv","20260810T032040Z_47ebe13410d3_stage08_b02_formal_88210012","taylor__taylor_int16_10e2__ba9e90303fbdd4cf__sym","taylor","INT16","INT16","actual_typed_scalar_input","1","length:INT32=100|sym:BOOL=true|sidelobe_level_db:INT16:bytes=1e00",,,,"ba9e90303fbdd4cfc247f1950aea40d7146b643672f91b4d71055105db4c35ea",,,,"FP64",,,,,,,,"PASS","OK"
"stage08","stage08_table_rerun_taylor_47ebe13410d3","formal","dtype_and_input_contract","runs/stage08_table_rerun_taylor_47ebe13410d3/formal/20260810T032041Z_47ebe13410d3_stage08_b02_formal_88210013/operator_dtype_evidence_taylor_not_applicable_20260810T032041Z_47ebe13410d3_stage08_b02_formal_88210013.csv","20260810T032041Z_47ebe13410d3_stage08_b02_formal_88210013","taylor__taylor_int16_10e2__929fe8cf98a486fd__periodic","taylor","INT16","INT16","actual_typed_scalar_input","1","length:INT32=100|sym:BOOL=false|sidelobe_level_db:INT16:bytes=1e00",,,,"929fe8cf98a486fdf99d4b5fa93a4722c16932d959bb56b7c2075c78d5315c01",,,,"FP64",,,,,,,,"PASS","OK"
"stage08","stage08_table_rerun_taylor_47ebe13410d3","formal","dtype_and_input_contract","runs/stage08_table_rerun_taylor_47ebe13410d3/formal/20260810T032041Z_47ebe13410d3_stage08_b02_formal_88210014/operator_dtype_evidence_taylor_not_applicable_20260810T032041Z_47ebe13410d3_stage08_b02_formal_88210014.csv","20260810T032041Z_47ebe13410d3_stage08_b02_formal_88210014","taylor__taylor_int16_10e3__7280baf4fc74a630__sym","taylor","INT16","INT16","actual_typed_scalar_input","1","length:INT32=1000|sym:BOOL=true|sidelobe_level_db:INT16:bytes=1e00",,,,"7280baf4fc74a630375aa4efbdaf4626412e0c7f802e11483db64c11d7225454",,,,"FP64",,,,,,,,"PASS","OK"
"stage08","stage08_table_rerun_taylor_47ebe13410d3","formal","dtype_and_input_contract","runs/stage08_table_rerun_taylor_47ebe13410d3/formal/20260810T032041Z_47ebe13410d3_stage08_b02_formal_88210015/operator_dtype_evidence_taylor_not_applicable_20260810T032041Z_47ebe13410d3_stage08_b02_formal_88210015.csv","20260810T032041Z_47ebe13410d3_stage08_b02_formal_88210015","taylor__taylor_int16_10e3__ec974582a4ef85e7__periodic","taylor","INT16","INT16","actual_typed_scalar_input","1","length:INT32=1000|sym:BOOL=false|sidelobe_level_db:INT16:bytes=1e00",,,,"ec974582a4ef85e761450aba5224b699cd63937209801940f4a54bf03290ff47",,,,"FP64",,,,,,,,"PASS","OK"
"stage08","stage08_table_rerun_taylor_47ebe13410d3","formal","dtype_and_input_contract","runs/stage08_table_rerun_taylor_47ebe13410d3/formal/20260810T032041Z_47ebe13410d3_stage08_b02_formal_88210016/operator_dtype_evidence_taylor_not_applicable_20260810T032041Z_47ebe13410d3_stage08_b02_formal_88210016.csv","20260810T032041Z_47ebe13410d3_stage08_b02_formal_88210016","taylor__taylor_int16_10e4__5c6e3e2dd6099fdf__sym","taylor","INT16","INT16","actual_typed_scalar_input","1","length:INT32=10000|sym:BOOL=true|sidelobe_level_db:INT16:bytes=1e00",,,,"5c6e3e2dd6099fdf59d56b099296e73fcc7023d541e4874abf7613b4e9c9642f",,,,"FP64",,,,,,,,"PASS","OK"
"stage08","stage08_table_rerun_taylor_47ebe13410d3","formal","dtype_and_input_contract","runs/stage08_table_rerun_taylor_47ebe13410d3/formal/20260810T032041Z_47ebe13410d3_stage08_b02_formal_88210017/operator_dtype_evidence_taylor_not_applicable_20260810T032041Z_47ebe13410d3_stage08_b02_formal_88210017.csv","20260810T032041Z_47ebe13410d3_stage08_b02_formal_88210017","taylor__taylor_int16_10e4__a3262af80216527b__periodic","taylor","INT16","INT16","actual_typed_scalar_input","1","length:INT32=10000|sym:BOOL=false|sidelobe_level_db:INT16:bytes=1e00",,,,"a3262af80216527b9d5fbc3067bb904085309c790f4b1a2894c9815a523a1719",,,,"FP64",,,,,,,,"PASS","OK"
"stage08","stage08_table_rerun_taylor_47ebe13410d3","formal","dtype_and_input_contract","runs/stage08_table_rerun_taylor_47ebe13410d3/formal/20260810T032042Z_47ebe13410d3_stage08_b02_formal_88210018/operator_dtype_evidence_taylor_not_applicable_20260810T032042Z_47ebe13410d3_stage08_b02_formal_88210018.csv","20260810T032042Z_47ebe13410d3_stage08_b02_formal_88210018","taylor__taylor_int8_10e2__04a15f7b7fa020c3__sym","taylor","INT8","INT8","actual_typed_scalar_input","1","length:INT32=100|sym:BOOL=true|sidelobe_level_db:INT8:bytes=1e",,,,"04a15f7b7fa020c30122a066bf6b3991f39b36091e0accc6006152fd56643fe9",,,,"FP64",,,,,,,,"PASS","OK"
"stage08","stage08_table_rerun_taylor_47ebe13410d3","formal","dtype_and_input_contract","runs/stage08_table_rerun_taylor_47ebe13410d3/formal/20260810T032042Z_47ebe13410d3_stage08_b02_formal_88210019/operator_dtype_evidence_taylor_not_applicable_20260810T032042Z_47ebe13410d3_stage08_b02_formal_88210019.csv","20260810T032042Z_47ebe13410d3_stage08_b02_formal_88210019","taylor__taylor_int8_10e2__1499c4ac2e15230b__periodic","taylor","INT8","INT8","actual_typed_scalar_input","1","length:INT32=100|sym:BOOL=false|sidelobe_level_db:INT8:bytes=1e",,,,"1499c4ac2e15230b438ddae401284140bbe3b3f4c3f0946691cc9ee4de64f2b7",,,,"FP64",,,,,,,,"PASS","OK"
"stage08","stage08_table_rerun_taylor_47ebe13410d3","formal","dtype_and_input_contract","runs/stage08_table_rerun_taylor_47ebe13410d3/formal/20260810T032042Z_47ebe13410d3_stage08_b02_formal_8821001a/operator_dtype_evidence_taylor_not_applicable_20260810T032042Z_47ebe13410d3_stage08_b02_formal_8821001a.csv","20260810T032042Z_47ebe13410d3_stage08_b02_formal_8821001a","taylor__taylor_int8_10e3__85ea326ef3eb0a2b__sym","taylor","INT8","INT8","actual_typed_scalar_input","1","length:INT32=1000|sym:BOOL=true|sidelobe_level_db:INT8:bytes=1e",,,,"85ea326ef3eb0a2bcb0b329e836db90254ad3aac26c360f41f44a943d776c6ab",,,,"FP64",,,,,,,,"PASS","OK"
"stage08","stage08_table_rerun_taylor_47ebe13410d3","formal","dtype_and_input_contract","runs/stage08_table_rerun_taylor_47ebe13410d3/formal/20260810T032042Z_47ebe13410d3_stage08_b02_formal_8821001b/operator_dtype_evidence_taylor_not_applicable_20260810T032042Z_47ebe13410d3_stage08_b02_formal_8821001b.csv","20260810T032042Z_47ebe13410d3_stage08_b02_formal_8821001b","taylor__taylor_int8_10e3__b5b3e190445993ed__periodic","taylor","INT8","INT8","actual_typed_scalar_input","1","length:INT32=1000|sym:BOOL=false|sidelobe_level_db:INT8:bytes=1e",,,,"b5b3e190445993eddc003bd8618b797501b2b358426e7b71efd477b7190baa35",,,,"FP64",,,,,,,,"PASS","OK"
"stage08","stage08_table_rerun_taylor_47ebe13410d3","formal","dtype_and_input_contract","runs/stage08_table_rerun_taylor_47ebe13410d3/formal/20260810T032042Z_47ebe13410d3_stage08_b02_formal_8821001c/operator_dtype_evidence_taylor_not_applicable_20260810T032042Z_47ebe13410d3_stage08_b02_formal_8821001c.csv","20260810T032042Z_47ebe13410d3_stage08_b02_formal_8821001c","taylor__taylor_int8_10e4__1757224a325c74d5__sym","taylor","INT8","INT8","actual_typed_scalar_input","1","length:INT32=10000|sym:BOOL=true|sidelobe_level_db:INT8:bytes=1e",,,,"1757224a325c74d50875cf968544b302191490ec9511add829c7e8e5b861412a",,,,"FP64",,,,,,,,"PASS","OK"
"stage08","stage08_table_rerun_taylor_47ebe13410d3","formal","dtype_and_input_contract","runs/stage08_table_rerun_taylor_47ebe13410d3/formal/20260810T032043Z_47ebe13410d3_stage08_b02_formal_8821001d/operator_dtype_evidence_taylor_not_applicable_20260810T032043Z_47ebe13410d3_stage08_b02_formal_8821001d.csv","20260810T032043Z_47ebe13410d3_stage08_b02_formal_8821001d","taylor__taylor_int8_10e4__74f90e9ba1648071__periodic","taylor","INT8","INT8","actual_typed_scalar_input","1","length:INT32=10000|sym:BOOL=false|sidelobe_level_db:INT8:bytes=1e",,,,"74f90e9ba164807161104b13e51674c6329b4bef12c6c9eb90901572fcd56d0b",,,,"FP64",,,,,,,,"PASS","OK"
"stage08","stage08_table_rerun_triang_47ebe13410d3","formal","dtype_and_input_contract","runs/stage08_table_rerun_triang_47ebe13410d3/formal/20260810T032046Z_47ebe13410d3_stage08_b02_formal_88220000/operator_dtype_evidence_triang_not_applicable_20260810T032046Z_47ebe13410d3_stage08_b02_formal_88220000.csv","20260810T032046Z_47ebe13410d3_stage08_b02_formal_88220000","triang__triang_fp32_10e2__7f7d081aa0af5dfa__sym","triang","FP32","FP32","request_variant_no_typed_data_input","0","length:INT32=100|sym:BOOL=true",,,,"7f7d081aa0af5dfac9cbd2114e6e1ae81fa1069a67d6310ffd6db02c7f813864",,,,"FP64",,,,,,,,"PASS","OK"
"stage08","stage08_table_rerun_triang_47ebe13410d3","formal","dtype_and_input_contract","runs/stage08_table_rerun_triang_47ebe13410d3/formal/20260810T032046Z_47ebe13410d3_stage08_b02_formal_88220001/operator_dtype_evidence_triang_not_applicable_20260810T032046Z_47ebe13410d3_stage08_b02_formal_88220001.csv","20260810T032046Z_47ebe13410d3_stage08_b02_formal_88220001","triang__triang_fp32_10e2__dcd591d59c1c4f03__periodic","triang","FP32","FP32","request_variant_no_typed_data_input","0","length:INT32=100|sym:BOOL=false",,,,"dcd591d59c1c4f0312f128d800410df4856990f61a8c1880dc74ce18946cc2c7",,,,"FP64",,,,,,,,"PASS","OK"
"stage08","stage08_table_rerun_triang_47ebe13410d3","formal","dtype_and_input_contract","runs/stage08_table_rerun_triang_47ebe13410d3/formal/20260810T032046Z_47ebe13410d3_stage08_b02_formal_88220002/operator_dtype_evidence_triang_not_applicable_20260810T032046Z_47ebe13410d3_stage08_b02_formal_88220002.csv","20260810T032046Z_47ebe13410d3_stage08_b02_formal_88220002","triang__triang_fp32_10e3__6da158ece72508d2__sym","triang","FP32","FP32","request_variant_no_typed_data_input","0","length:INT32=1000|sym:BOOL=true",,,,"6da158ece72508d29649124d2d289624f6020920ecb9c5233ac6aa50ef535fe7",,,,"FP64",,,,,,,,"PASS","OK"
"stage08","stage08_table_rerun_triang_47ebe13410d3","formal","dtype_and_input_contract","runs/stage08_table_rerun_triang_47ebe13410d3/formal/20260810T032046Z_47ebe13410d3_stage08_b02_formal_88220003/operator_dtype_evidence_triang_not_applicable_20260810T032046Z_47ebe13410d3_stage08_b02_formal_88220003.csv","20260810T032046Z_47ebe13410d3_stage08_b02_formal_88220003","triang__triang_fp32_10e3__2c38ec22bc77639b__periodic","triang","FP32","FP32","request_variant_no_typed_data_input","0","length:INT32=1000|sym:BOOL=false",,,,"2c38ec22bc77639b93e2a6d9754d3f2496f591bfbe0e68f1bc4d9177dfcd796d",,,,"FP64",,,,,,,,"PASS","OK"
"stage08","stage08_table_rerun_triang_47ebe13410d3","formal","dtype_and_input_contract","runs/stage08_table_rerun_triang_47ebe13410d3/formal/20260810T032047Z_47ebe13410d3_stage08_b02_formal_88220004/operator_dtype_evidence_triang_not_applicable_20260810T032047Z_47ebe13410d3_stage08_b02_formal_88220004.csv","20260810T032047Z_47ebe13410d3_stage08_b02_formal_88220004","triang__triang_fp32_10e4__cadad88e333e0a70__sym","triang","FP32","FP32","request_variant_no_typed_data_input","0","length:INT32=10000|sym:BOOL=true",,,,"cadad88e333e0a70670079f972e771752bdabf67365c62ae56f8a799cc6ee292",,,,"FP64",,,,,,,,"PASS","OK"
"stage08","stage08_table_rerun_triang_47ebe13410d3","formal","dtype_and_input_contract","runs/stage08_table_rerun_triang_47ebe13410d3/formal/20260810T032047Z_47ebe13410d3_stage08_b02_formal_88220005/operator_dtype_evidence_triang_not_applicable_20260810T032047Z_47ebe13410d3_stage08_b02_formal_88220005.csv","20260810T032047Z_47ebe13410d3_stage08_b02_formal_88220005","triang__triang_fp32_10e4__76494d2bef81be4b__periodic","triang","FP32","FP32","request_variant_no_typed_data_input","0","length:INT32=10000|sym:BOOL=false",,,,"76494d2bef81be4babb51863b4a08c8e06a6b0ede8b9d8b479d3302163638ae0",,,,"FP64",,,,,,,,"PASS","OK"
"stage08","stage08_table_rerun_triang_47ebe13410d3","formal","dtype_and_input_contract","runs/stage08_table_rerun_triang_47ebe13410d3/formal/20260810T032047Z_47ebe13410d3_stage08_b02_formal_88220006/operator_dtype_evidence_triang_not_applicable_20260810T032047Z_47ebe13410d3_stage08_b02_formal_88220006.csv","20260810T032047Z_47ebe13410d3_stage08_b02_formal_88220006","triang__triang_fp16_10e2__7f7d081aa0af5dfa__sym","triang","FP16","FP16","request_variant_no_typed_data_input","0","length:INT32=100|sym:BOOL=true",,,,"7f7d081aa0af5dfac9cbd2114e6e1ae81fa1069a67d6310ffd6db02c7f813864",,,,"FP64",,,,,,,,"PASS","OK"
"stage08","stage08_table_rerun_triang_47ebe13410d3","formal","dtype_and_input_contract","runs/stage08_table_rerun_triang_47ebe13410d3/formal/20260810T032047Z_47ebe13410d3_stage08_b02_formal_88220007/operator_dtype_evidence_triang_not_applicable_20260810T032047Z_47ebe13410d3_stage08_b02_formal_88220007.csv","20260810T032047Z_47ebe13410d3_stage08_b02_formal_88220007","triang__triang_fp16_10e2__dcd591d59c1c4f03__periodic","triang","FP16","FP16","request_variant_no_typed_data_input","0","length:INT32=100|sym:BOOL=false",,,,"dcd591d59c1c4f0312f128d800410df4856990f61a8c1880dc74ce18946cc2c7",,,,"FP64",,,,,,,,"PASS","OK"
"stage08","stage08_table_rerun_triang_47ebe13410d3","formal","dtype_and_input_contract","runs/stage08_table_rerun_triang_47ebe13410d3/formal/20260810T032047Z_47ebe13410d3_stage08_b02_formal_88220008/operator_dtype_evidence_triang_not_applicable_20260810T032047Z_47ebe13410d3_stage08_b02_formal_88220008.csv","20260810T032047Z_47ebe13410d3_stage08_b02_formal_88220008","triang__triang_fp16_10e3__6da158ece72508d2__sym","triang","FP16","FP16","request_variant_no_typed_data_input","0","length:INT32=1000|sym:BOOL=true",,,,"6da158ece72508d29649124d2d289624f6020920ecb9c5233ac6aa50ef535fe7",,,,"FP64",,,,,,,,"PASS","OK"
"stage08","stage08_table_rerun_triang_47ebe13410d3","formal","dtype_and_input_contract","runs/stage08_table_rerun_triang_47ebe13410d3/formal/20260810T032047Z_47ebe13410d3_stage08_b02_formal_88220009/operator_dtype_evidence_triang_not_applicable_20260810T032047Z_47ebe13410d3_stage08_b02_formal_88220009.csv","20260810T032047Z_47ebe13410d3_stage08_b02_formal_88220009","triang__triang_fp16_10e3__2c38ec22bc77639b__periodic","triang","FP16","FP16","request_variant_no_typed_data_input","0","length:INT32=1000|sym:BOOL=false",,,,"2c38ec22bc77639b93e2a6d9754d3f2496f591bfbe0e68f1bc4d9177dfcd796d",,,,"FP64",,,,,,,,"PASS","OK"
"stage08","stage08_table_rerun_triang_47ebe13410d3","formal","dtype_and_input_contract","runs/stage08_table_rerun_triang_47ebe13410d3/formal/20260810T032047Z_47ebe13410d3_stage08_b02_formal_8822000a/operator_dtype_evidence_triang_not_applicable_20260810T032047Z_47ebe13410d3_stage08_b02_formal_8822000a.csv","20260810T032047Z_47ebe13410d3_stage08_b02_formal_8822000a","triang__triang_fp16_10e4__cadad88e333e0a70__sym","triang","FP16","FP16","request_variant_no_typed_data_input","0","length:INT32=10000|sym:BOOL=true",,,,"cadad88e333e0a70670079f972e771752bdabf67365c62ae56f8a799cc6ee292",,,,"FP64",,,,,,,,"PASS","OK"
"stage08","stage08_table_rerun_triang_47ebe13410d3","formal","dtype_and_input_contract","runs/stage08_table_rerun_triang_47ebe13410d3/formal/20260810T032047Z_47ebe13410d3_stage08_b02_formal_8822000b/operator_dtype_evidence_triang_not_applicable_20260810T032047Z_47ebe13410d3_stage08_b02_formal_8822000b.csv","20260810T032047Z_47ebe13410d3_stage08_b02_formal_8822000b","triang__triang_fp16_10e4__76494d2bef81be4b__periodic","triang","FP16","FP16","request_variant_no_typed_data_input","0","length:INT32=10000|sym:BOOL=false",,,,"76494d2bef81be4babb51863b4a08c8e06a6b0ede8b9d8b479d3302163638ae0",,,,"FP64",,,,,,,,"PASS","OK"
"stage08","stage08_table_rerun_triang_47ebe13410d3","formal","dtype_and_input_contract","runs/stage08_table_rerun_triang_47ebe13410d3/formal/20260810T032048Z_47ebe13410d3_stage08_b02_formal_8822000c/operator_dtype_evidence_triang_not_applicable_20260810T032048Z_47ebe13410d3_stage08_b02_formal_8822000c.csv","20260810T032048Z_47ebe13410d3_stage08_b02_formal_8822000c","triang__triang_int32_10e2__7f7d081aa0af5dfa__sym","triang","INT32","INT32","request_variant_no_typed_data_input","0","length:INT32=100|sym:BOOL=true",,,,"7f7d081aa0af5dfac9cbd2114e6e1ae81fa1069a67d6310ffd6db02c7f813864",,,,"FP64",,,,,,,,"PASS","OK"
"stage08","stage08_table_rerun_triang_47ebe13410d3","formal","dtype_and_input_contract","runs/stage08_table_rerun_triang_47ebe13410d3/formal/20260810T032048Z_47ebe13410d3_stage08_b02_formal_8822000d/operator_dtype_evidence_triang_not_applicable_20260810T032048Z_47ebe13410d3_stage08_b02_formal_8822000d.csv","20260810T032048Z_47ebe13410d3_stage08_b02_formal_8822000d","triang__triang_int32_10e2__dcd591d59c1c4f03__periodic","triang","INT32","INT32","request_variant_no_typed_data_input","0","length:INT32=100|sym:BOOL=false",,,,"dcd591d59c1c4f0312f128d800410df4856990f61a8c1880dc74ce18946cc2c7",,,,"FP64",,,,,,,,"PASS","OK"
"stage08","stage08_table_rerun_triang_47ebe13410d3","formal","dtype_and_input_contract","runs/stage08_table_rerun_triang_47ebe13410d3/formal/20260810T032048Z_47ebe13410d3_stage08_b02_formal_8822000e/operator_dtype_evidence_triang_not_applicable_20260810T032048Z_47ebe13410d3_stage08_b02_formal_8822000e.csv","20260810T032048Z_47ebe13410d3_stage08_b02_formal_8822000e","triang__triang_int32_10e3__6da158ece72508d2__sym","triang","INT32","INT32","request_variant_no_typed_data_input","0","length:INT32=1000|sym:BOOL=true",,,,"6da158ece72508d29649124d2d289624f6020920ecb9c5233ac6aa50ef535fe7",,,,"FP64",,,,,,,,"PASS","OK"
"stage08","stage08_table_rerun_triang_47ebe13410d3","formal","dtype_and_input_contract","runs/stage08_table_rerun_triang_47ebe13410d3/formal/20260810T032048Z_47ebe13410d3_stage08_b02_formal_8822000f/operator_dtype_evidence_triang_not_applicable_20260810T032048Z_47ebe13410d3_stage08_b02_formal_8822000f.csv","20260810T032048Z_47ebe13410d3_stage08_b02_formal_8822000f","triang__triang_int32_10e3__2c38ec22bc77639b__periodic","triang","INT32","INT32","request_variant_no_typed_data_input","0","length:INT32=1000|sym:BOOL=false",,,,"2c38ec22bc77639b93e2a6d9754d3f2496f591bfbe0e68f1bc4d9177dfcd796d",,,,"FP64",,,,,,,,"PASS","OK"
"stage08","stage08_table_rerun_triang_47ebe13410d3","formal","dtype_and_input_contract","runs/stage08_table_rerun_triang_47ebe13410d3/formal/20260810T032048Z_47ebe13410d3_stage08_b02_formal_88220010/operator_dtype_evidence_triang_not_applicable_20260810T032048Z_47ebe13410d3_stage08_b02_formal_88220010.csv","20260810T032048Z_47ebe13410d3_stage08_b02_formal_88220010","triang__triang_int32_10e4__cadad88e333e0a70__sym","triang","INT32","INT32","request_variant_no_typed_data_input","0","length:INT32=10000|sym:BOOL=true",,,,"cadad88e333e0a70670079f972e771752bdabf67365c62ae56f8a799cc6ee292",,,,"FP64",,,,,,,,"PASS","OK"
"stage08","stage08_table_rerun_triang_47ebe13410d3","formal","dtype_and_input_contract","runs/stage08_table_rerun_triang_47ebe13410d3/formal/20260810T032048Z_47ebe13410d3_stage08_b02_formal_88220011/operator_dtype_evidence_triang_not_applicable_20260810T032048Z_47ebe13410d3_stage08_b02_formal_88220011.csv","20260810T032048Z_47ebe13410d3_stage08_b02_formal_88220011","triang__triang_int32_10e4__76494d2bef81be4b__periodic","triang","INT32","INT32","request_variant_no_typed_data_input","0","length:INT32=10000|sym:BOOL=false",,,,"76494d2bef81be4babb51863b4a08c8e06a6b0ede8b9d8b479d3302163638ae0",,,,"FP64",,,,,,,,"PASS","OK"
"stage08","stage08_table_rerun_triang_47ebe13410d3","formal","dtype_and_input_contract","runs/stage08_table_rerun_triang_47ebe13410d3/formal/20260810T032048Z_47ebe13410d3_stage08_b02_formal_88220012/operator_dtype_evidence_triang_not_applicable_20260810T032048Z_47ebe13410d3_stage08_b02_formal_88220012.csv","20260810T032048Z_47ebe13410d3_stage08_b02_formal_88220012","triang__triang_int16_10e2__7f7d081aa0af5dfa__sym","triang","INT16","INT16","request_variant_no_typed_data_input","0","length:INT32=100|sym:BOOL=true",,,,"7f7d081aa0af5dfac9cbd2114e6e1ae81fa1069a67d6310ffd6db02c7f813864",,,,"FP64",,,,,,,,"PASS","OK"
"stage08","stage08_table_rerun_triang_47ebe13410d3","formal","dtype_and_input_contract","runs/stage08_table_rerun_triang_47ebe13410d3/formal/20260810T032048Z_47ebe13410d3_stage08_b02_formal_88220013/operator_dtype_evidence_triang_not_applicable_20260810T032048Z_47ebe13410d3_stage08_b02_formal_88220013.csv","20260810T032048Z_47ebe13410d3_stage08_b02_formal_88220013","triang__triang_int16_10e2__dcd591d59c1c4f03__periodic","triang","INT16","INT16","request_variant_no_typed_data_input","0","length:INT32=100|sym:BOOL=false",,,,"dcd591d59c1c4f0312f128d800410df4856990f61a8c1880dc74ce18946cc2c7",,,,"FP64",,,,,,,,"PASS","OK"
"stage08","stage08_table_rerun_triang_47ebe13410d3","formal","dtype_and_input_contract","runs/stage08_table_rerun_triang_47ebe13410d3/formal/20260810T032048Z_47ebe13410d3_stage08_b02_formal_88220014/operator_dtype_evidence_triang_not_applicable_20260810T032048Z_47ebe13410d3_stage08_b02_formal_88220014.csv","20260810T032048Z_47ebe13410d3_stage08_b02_formal_88220014","triang__triang_int16_10e3__6da158ece72508d2__sym","triang","INT16","INT16","request_variant_no_typed_data_input","0","length:INT32=1000|sym:BOOL=true",,,,"6da158ece72508d29649124d2d289624f6020920ecb9c5233ac6aa50ef535fe7",,,,"FP64",,,,,,,,"PASS","OK"
"stage08","stage08_table_rerun_triang_47ebe13410d3","formal","dtype_and_input_contract","runs/stage08_table_rerun_triang_47ebe13410d3/formal/20260810T032049Z_47ebe13410d3_stage08_b02_formal_88220015/operator_dtype_evidence_triang_not_applicable_20260810T032049Z_47ebe13410d3_stage08_b02_formal_88220015.csv","20260810T032049Z_47ebe13410d3_stage08_b02_formal_88220015","triang__triang_int16_10e3__2c38ec22bc77639b__periodic","triang","INT16","INT16","request_variant_no_typed_data_input","0","length:INT32=1000|sym:BOOL=false",,,,"2c38ec22bc77639b93e2a6d9754d3f2496f591bfbe0e68f1bc4d9177dfcd796d",,,,"FP64",,,,,,,,"PASS","OK"
"stage08","stage08_table_rerun_triang_47ebe13410d3","formal","dtype_and_input_contract","runs/stage08_table_rerun_triang_47ebe13410d3/formal/20260810T032049Z_47ebe13410d3_stage08_b02_formal_88220016/operator_dtype_evidence_triang_not_applicable_20260810T032049Z_47ebe13410d3_stage08_b02_formal_88220016.csv","20260810T032049Z_47ebe13410d3_stage08_b02_formal_88220016","triang__triang_int16_10e4__cadad88e333e0a70__sym","triang","INT16","INT16","request_variant_no_typed_data_input","0","length:INT32=10000|sym:BOOL=true",,,,"cadad88e333e0a70670079f972e771752bdabf67365c62ae56f8a799cc6ee292",,,,"FP64",,,,,,,,"PASS","OK"
"stage08","stage08_table_rerun_triang_47ebe13410d3","formal","dtype_and_input_contract","runs/stage08_table_rerun_triang_47ebe13410d3/formal/20260810T032049Z_47ebe13410d3_stage08_b02_formal_88220017/operator_dtype_evidence_triang_not_applicable_20260810T032049Z_47ebe13410d3_stage08_b02_formal_88220017.csv","20260810T032049Z_47ebe13410d3_stage08_b02_formal_88220017","triang__triang_int16_10e4__76494d2bef81be4b__periodic","triang","INT16","INT16","request_variant_no_typed_data_input","0","length:INT32=10000|sym:BOOL=false",,,,"76494d2bef81be4babb51863b4a08c8e06a6b0ede8b9d8b479d3302163638ae0",,,,"FP64",,,,,,,,"PASS","OK"
"stage08","stage08_table_rerun_triang_47ebe13410d3","formal","dtype_and_input_contract","runs/stage08_table_rerun_triang_47ebe13410d3/formal/20260810T032049Z_47ebe13410d3_stage08_b02_formal_88220018/operator_dtype_evidence_triang_not_applicable_20260810T032049Z_47ebe13410d3_stage08_b02_formal_88220018.csv","20260810T032049Z_47ebe13410d3_stage08_b02_formal_88220018","triang__triang_int8_10e2__7f7d081aa0af5dfa__sym","triang","INT8","INT8","request_variant_no_typed_data_input","0","length:INT32=100|sym:BOOL=true",,,,"7f7d081aa0af5dfac9cbd2114e6e1ae81fa1069a67d6310ffd6db02c7f813864",,,,"FP64",,,,,,,,"PASS","OK"
"stage08","stage08_table_rerun_triang_47ebe13410d3","formal","dtype_and_input_contract","runs/stage08_table_rerun_triang_47ebe13410d3/formal/20260810T032049Z_47ebe13410d3_stage08_b02_formal_88220019/operator_dtype_evidence_triang_not_applicable_20260810T032049Z_47ebe13410d3_stage08_b02_formal_88220019.csv","20260810T032049Z_47ebe13410d3_stage08_b02_formal_88220019","triang__triang_int8_10e2__dcd591d59c1c4f03__periodic","triang","INT8","INT8","request_variant_no_typed_data_input","0","length:INT32=100|sym:BOOL=false",,,,"dcd591d59c1c4f0312f128d800410df4856990f61a8c1880dc74ce18946cc2c7",,,,"FP64",,,,,,,,"PASS","OK"
"stage08","stage08_table_rerun_triang_47ebe13410d3","formal","dtype_and_input_contract","runs/stage08_table_rerun_triang_47ebe13410d3/formal/20260810T032049Z_47ebe13410d3_stage08_b02_formal_8822001a/operator_dtype_evidence_triang_not_applicable_20260810T032049Z_47ebe13410d3_stage08_b02_formal_8822001a.csv","20260810T032049Z_47ebe13410d3_stage08_b02_formal_8822001a","triang__triang_int8_10e3__6da158ece72508d2__sym","triang","INT8","INT8","request_variant_no_typed_data_input","0","length:INT32=1000|sym:BOOL=true",,,,"6da158ece72508d29649124d2d289624f6020920ecb9c5233ac6aa50ef535fe7",,,,"FP64",,,,,,,,"PASS","OK"
"stage08","stage08_table_rerun_triang_47ebe13410d3","formal","dtype_and_input_contract","runs/stage08_table_rerun_triang_47ebe13410d3/formal/20260810T032049Z_47ebe13410d3_stage08_b02_formal_8822001b/operator_dtype_evidence_triang_not_applicable_20260810T032049Z_47ebe13410d3_stage08_b02_formal_8822001b.csv","20260810T032049Z_47ebe13410d3_stage08_b02_formal_8822001b","triang__triang_int8_10e3__2c38ec22bc77639b__periodic","triang","INT8","INT8","request_variant_no_typed_data_input","0","length:INT32=1000|sym:BOOL=false",,,,"2c38ec22bc77639b93e2a6d9754d3f2496f591bfbe0e68f1bc4d9177dfcd796d",,,,"FP64",,,,,,,,"PASS","OK"
"stage08","stage08_table_rerun_triang_47ebe13410d3","formal","dtype_and_input_contract","runs/stage08_table_rerun_triang_47ebe13410d3/formal/20260810T032049Z_47ebe13410d3_stage08_b02_formal_8822001c/operator_dtype_evidence_triang_not_applicable_20260810T032049Z_47ebe13410d3_stage08_b02_formal_8822001c.csv","20260810T032049Z_47ebe13410d3_stage08_b02_formal_8822001c","triang__triang_int8_10e4__cadad88e333e0a70__sym","triang","INT8","INT8","request_variant_no_typed_data_input","0","length:INT32=10000|sym:BOOL=true",,,,"cadad88e333e0a70670079f972e771752bdabf67365c62ae56f8a799cc6ee292",,,,"FP64",,,,,,,,"PASS","OK"
"stage08","stage08_table_rerun_triang_47ebe13410d3","formal","dtype_and_input_contract","runs/stage08_table_rerun_triang_47ebe13410d3/formal/20260810T032050Z_47ebe13410d3_stage08_b02_formal_8822001d/operator_dtype_evidence_triang_not_applicable_20260810T032050Z_47ebe13410d3_stage08_b02_formal_8822001d.csv","20260810T032050Z_47ebe13410d3_stage08_b02_formal_8822001d","triang__triang_int8_10e4__76494d2bef81be4b__periodic","triang","INT8","INT8","request_variant_no_typed_data_input","0","length:INT32=10000|sym:BOOL=false",,,,"76494d2bef81be4babb51863b4a08c8e06a6b0ede8b9d8b479d3302163638ae0",,,,"FP64",,,,,,,,"PASS","OK"
"stage08","stage08_terminal_table_smoke_54336d803079","smoke","dtype_and_input_contract","runs/stage08_terminal_table_smoke_54336d803079/smoke/20260810T030000Z_54336d803079_stage08_b08_smoke_88000001/operator_dtype_evidence_unit_impulse_not_applicable_20260810T030000Z_54336d803079_stage08_b08_smoke_88000001.csv","20260810T030000Z_54336d803079_stage08_b08_smoke_88000001","unit_impulse__unit_impulse_fp32_10e2__f4602dbd2e5d4fe2","unit_impulse","FP32",,"request_variant_no_typed_business_input_dtype_argument_ignored_fp64_output","0","request_variant:FP32:dtype_argument_ignored:shape=100:idx=0:mode=zero",,,,"f4602dbd2e5d4fe2d437ce71c953bd5b207182e4049e0a168b6990ed0e0cae07","bit_pattern_write",,"not_applicable","FP64",,,,,,,,"PASS","OK"
"stage08","stage08_terminal_table_smoke_6a39977a8c1f","smoke","dtype_and_input_contract","runs/stage08_terminal_table_smoke_6a39977a8c1f/smoke/20260810T031000Z_6a39977a8c1f_stage08_b08_smoke_88000002/operator_dtype_evidence_unit_impulse_not_applicable_20260810T031000Z_6a39977a8c1f_stage08_b08_smoke_88000002.csv","20260810T031000Z_6a39977a8c1f_stage08_b08_smoke_88000002","unit_impulse__unit_impulse_fp32_10e2__f4602dbd2e5d4fe2","unit_impulse","FP32",,"request_variant_no_typed_business_input_dtype_argument_ignored_fp64_output","0","request_variant:FP32:dtype_argument_ignored:shape=100:idx=0:mode=zero",,,,"f4602dbd2e5d4fe2d437ce71c953bd5b207182e4049e0a168b6990ed0e0cae07","bit_pattern_write",,"not_applicable","FP64",,,,,,,,"PASS","OK"
"stage08","stage08_terminal_windows_smoke_6a39977a8c1f","smoke","dtype_and_input_contract","runs/stage08_terminal_windows_smoke_6a39977a8c1f/smoke/20260810T032000Z_6a39977a8c1f_stage08_b01_smoke_88000003/operator_dtype_evidence_general_cosine_not_applicable_20260810T032000Z_6a39977a8c1f_stage08_b01_smoke_88000003.csv","20260810T032000Z_6a39977a8c1f_stage08_b01_smoke_88000003","general_cosine__general_cosine_fp32_10e2__7aea9ce1217a0525__sym","general_cosine","FP32",,"actual_typed_array_input","3","length:INT32=100|sym:BOOL=true|coefficient_values:FP32:bytes=0000803f;00000040;0000803f;",,,,"7aea9ce1217a052519180c6753897bccd990fec0c5b4981f1dfe2709bb981540",,,,,,,,,,,,"PASS","OK"
